Main.Studies.MarkerTracking.t,Main.Studies.MarkerTracking.JointAngleOutputs.OutputFile_LeftLeg.HipFlexion,Main.Studies.MarkerTracking.JointAngleOutputs.OutputFile_LeftLeg.HipAbduction,Main.Studies.MarkerTracking.JointAngleOutputs.OutputFile_LeftLeg.HipExternalRotation,Main.Studies.MarkerTracking.JointAngleOutputs.OutputFile_LeftLeg.KneeFlexion,Main.Studies.MarkerTracking.JointAngleOutputs.OutputFile_LeftLeg.AnklePlantarFlexion,Main.Studies.MarkerTracking.JointAngleOutputs.OutputFile_LeftLeg.SubTalarEversion
  2.291666666666667e+00,  1.355574850700505e-01, -1.088400366133180e-01, -7.279027647501954e-03, -1.575801231194996e-01,  2.055824016665858e-02, -1.094043151458230e-01
  2.300000000000000e+00,  1.229678801436821e-01, -1.114937739965238e-01, -1.152350366460938e-02, -1.492788484297115e-01,  1.578284322073819e-02, -1.068442303280657e-01
  2.308333333333333e+00,  1.105861908643362e-01, -1.142562514910501e-01, -1.551903310589886e-02, -1.420216904750458e-01,  1.068744665061629e-02, -1.046180692887195e-01
  2.316666666666666e+00,  9.843051512019245e-02, -1.170470565237662e-01, -1.923605665349956e-02, -1.358779961862717e-01,  5.325870769147306e-03, -1.028220911763174e-01
  2.325000000000000e+00,  8.651401662859257e-02, -1.197787520877140e-01, -2.263827302584804e-02, -1.309069999065239e-01, -2.064061874101613e-04, -1.015597935779994e-01
  2.333333333333333e+00,  7.484649477666894e-02, -1.223670490929780e-01, -2.568016303272084e-02, -1.271610648752282e-01, -5.778295589451351e-03, -1.009473112025788e-01
  2.341666666666666e+00,  6.343758160581571e-02, -1.247384152925664e-01, -2.830120126027452e-02, -1.246910659393248e-01, -1.123422006073017e-02, -1.011182086698795e-01
  2.350000000000000e+00,  5.229988396718550e-02, -1.268345036303096e-01, -3.042102758906384e-02, -1.235510374220424e-01, -1.639921444218718e-02, -1.022159778564516e-01
  2.358333333333333e+00,  4.145245528987123e-02, -1.286137862535663e-01, -3.193787108995646e-02, -1.238023237191570e-01, -2.107709970169869e-02, -1.043784476986137e-01
  2.366666666666667e+00,  3.092561361689259e-02, -1.300511498604784e-01, -3.273062288943194e-02, -1.255186331401204e-01, -2.504789497608630e-02, -1.077225382807583e-01
  2.375000000000000e+00,  2.076689195049125e-02, -1.311359648184358e-01, -3.266424581129319e-02, -1.287919133386307e-01, -2.806860290802458e-02, -1.123323036973894e-01
  2.383333333333333e+00,  1.104705594568578e-02, -1.318680541535824e-01, -3.159566138720743e-02, -1.337377735666623e-01, -2.987845994373057e-02, -1.182508326281959e-01
  2.391666666666667e+00,  1.865813388666857e-03, -1.322510881116039e-01, -2.937632412701175e-02, -1.404989484200352e-01, -3.020649621244849e-02, -1.254794976990748e-01
  2.400000000000000e+00, -6.642504065879021e-03, -1.322844103810930e-01, -2.585008733923001e-02, -1.492460654248116e-01, -2.877911940850994e-02, -1.339878134125531e-01
  2.408333333333333e+00, -1.430466794398619e-02, -1.319548620378357e-01, -2.084865105648398e-02, -1.601755121285883e-01, -2.532957553529079e-02, -1.437230406792426e-01
  2.416666666666667e+00, -2.090924424863989e-02, -1.312292498504297e-01, -1.419116262046326e-02, -1.735029856466778e-01, -1.960995462326404e-02, -1.546018089730161e-01
  2.425000000000000e+00, -2.621446072451552e-02, -1.300482071078235e-01, -5.694824449392156e-03, -1.894507564756866e-01, -1.139942789255137e-02, -1.664897987032563e-01
  2.433333333333333e+00, -2.996197503323409e-02, -1.283238339168324e-01,  4.803207698993209e-03, -2.082293110143331e-01, -5.037233241546757e-04, -1.791944793469259e-01
  2.441666666666666e+00, -3.189400053187093e-02, -1.259433631803915e-01,  1.741840682228642e-02, -2.300175867243353e-01,  1.324774478896333e-02, -1.924708254232564e-01
  2.450000000000000e+00, -3.177207506384135e-02, -1.227784194476709e-01,  3.219204619375404e-02, -2.549462249274666e-01,  2.999673516712684e-02, -2.060143718431854e-01
  2.458333333333333e+00, -2.939675184058106e-02, -1.186973943676219e-01,  4.906840120878666e-02, -2.830840546509383e-01,  4.984607929835683e-02, -2.194350848281561e-01
  2.466666666666666e+00, -2.462773772082184e-02, -1.135788724541049e-01,  6.787850334807542e-02, -3.144248722239217e-01,  7.285857280055426e-02, -2.322313830938195e-01
  2.475000000000000e+00, -1.740227306649941e-02, -1.073255647479638e-01,  8.833528390967255e-02, -3.488743774833813e-01,  9.906493556668115e-02, -2.437894227315568e-01
  2.483333333333333e+00, -7.746513573882092e-03, -9.987823820463237e-02,  1.100472983026046e-01, -3.862422508041066e-01,  1.284598661078870e-01, -2.534303520630667e-01
  2.491666666666667e+00,  4.223344104928715e-03, -9.122725466971193e-02,  1.325420406082753e-01, -4.262419552656238e-01,  1.609939769330917e-01, -2.604623483614625e-01
  2.500000000000000e+00,  1.831524299322834e-02, -8.141755934010231e-02,  1.553153259778553e-01, -4.685045293568139e-01,  1.965124559201827e-01, -2.642846442667631e-01
  2.508333333333333e+00,  3.428068294516365e-02, -7.054608737739421e-02,  1.778637368042423e-01, -5.125933042295278e-01,  2.347138759386070e-01, -2.644338162791940e-01
  2.516666666666667e+00,  5.183877822618400e-02, -5.875605768453318e-02,  1.997149814334094e-01, -5.580214824072296e-01,  2.750976489462673e-01, -2.606371958815254e-01
  2.525000000000000e+00,  7.070021270244529e-02, -4.622548872552690e-02,  2.204588644993295e-01, -6.042691019112665e-01,  3.169314707202968e-01, -2.529134334003968e-01
  2.533333333333333e+00,  9.058827986528158e-02, -3.316511325264360e-02,  2.397536639307581e-01, -6.508057629131966e-01,  3.592655407215726e-01, -2.415289246932813e-01
  2.541666666666667e+00,  1.112550749678385e-01, -1.980797043943139e-02,  2.573417228328377e-01, -6.971120321764153e-01,  4.009739319676930e-01, -2.270269909552986e-01
  2.550000000000000e+00,  1.324920371566892e-01, -6.402151124562439e-03,  2.730538481364302e-01, -7.427017731580150e-01,  4.408044564433318e-01, -2.101776300747740e-01
  2.558333333333333e+00,  1.541345686970433e-01,  6.802049560273637e-03,  2.868036017829623e-01, -7.871346195950439e-01,  4.775176631481883e-01, -1.918904429171280e-01
  2.566666666666666e+00,  1.760635856712353e-01,  1.956480901338442e-02,  2.985840709044014e-01, -8.300284753887018e-01,  5.099625273117389e-01, -1.731398845262410e-01
  2.575000000000000e+00,  1.982018941995000e-01,  3.166840643592295e-02,  3.084536636801442e-01, -8.710622428918209e-01,  5.371685573582518e-01, -1.548801555174551e-01
  2.583333333333333e+00,  2.205069695029482e-01,  4.292613202166806e-02,  3.165194155325000e-01, -9.099715557198174e-01,  5.584117423008265e-01, -1.379735389453584e-01
  2.591666666666667e+00,  2.429617944518629e-01,  5.318863257611595e-02,  3.229222827916264e-01, -9.465386232179868e-01,  5.732557266245346e-01, -1.231287393040480e-01
  2.600000000000000e+00,  2.655627284265197e-01,  6.234975929647790e-02,  3.278203796873084e-01, -9.805735102239274e-01,  5.816118994711950e-01, -1.108786056956215e-01
  2.608333333333333e+00,  2.883099612160790e-01,  7.034632261025409e-02,  3.313850149624142e-01, -1.011902258588007e+00,  5.837029489808697e-01, -1.015324793841842e-01
  2.616666666666667e+00,  3.111940795350439e-01,  7.715733277287118e-02,  3.337879698360748e-01, -1.040350646110526e+00,  5.800735406493219e-01, -9.520699247327984e-02
  2.625000000000000e+00,  3.341891813120078e-01,  8.279603257944612e-02,  3.351982268290447e-01, -1.065743257209049e+00,  5.715210373760555e-01, -9.180992116681086e-02
  2.633333333333333e+00,  3.572451550554290e-01,  8.730346385949428e-02,  3.357697025629827e-01, -1.087905509935950e+00,  5.590158715863519e-01, -9.116834478049329e-02
  2.641666666666667e+00,  3.802908338366897e-01,  9.073776700650149e-02,  3.356369198544510e-01, -1.106677703269363e+00,  5.435935648267187e-01, -9.304503119543096e-02
  2.650000000000000e+00,  4.032381325109023e-01,  9.316492578329405e-02,  3.349086549809892e-01, -1.121926773293577e+00,  5.262575239752371e-01, -9.719805788695454e-02
  2.658333333333333e+00,  4.259881939553815e-01,  9.465099337348071e-02,  3.336652505917326e-01, -1.133555601458222e+00,  5.078932208544383e-01, -1.034156217367659e-01
  2.666666666666667e+00,  4.484379791233696e-01,  9.525801435080639e-02,  3.319586221296250e-01, -1.141507250880933e+00,  4.892111067356954e-01, -1.115330143741966e-01
  2.675000000000000e+00,  4.704864717278439e-01,  9.504292523621216e-02,  3.298146175292908e-01, -1.145762997164114e+00,  4.707326410824255e-01, -1.214240799060675e-01
  2.683333333333333e+00,  4.920394669896578e-01,  9.405792680559144e-02,  3.272370579022914e-01, -1.146335706223820e+00,  4.528133292063656e-01, -1.329725482603207e-01
  2.691666666666666e+00,  5.130121239821215e-01,  9.235221003250094e-02,  3.242119364603450e-01, -1.143262195959267e+00,  4.356789884434463e-01, -1.460433382488154e-01
  2.700000000000000e+00,  5.333302011084253e-01,  8.997440531149392e-02,  3.207093952752258e-01, -1.136597037876071e+00,  4.194591298006112e-01, -1.604658847576208e-01
  2.708333333333333e+00,  5.529316705081740e-01,  8.697401902293667e-02,  3.166826693631399e-01, -1.126408181774569e+00,  4.042142591455133e-01, -1.760277659073155e-01
  2.716666666666667e+00,  5.717678187309772e-01,  8.340174781481791e-02,  3.120668580196578e-01, -1.112773615481672e+00,  3.899554807418010e-01, -1.924747609402943e-01
  2.725000000000000e+00,  5.898015513301079e-01,  7.930986763943593e-02,  3.067807015893739e-01, -1.095778223049549e+00,  3.766548059912631e-01, -2.095160575595404e-01
  2.733333333333333e+00,  6.070029225454103e-01,  7.475263588078374e-02,  3.007312972399051e-01, -1.075510688347169e+00,  3.642513883295675e-01, -2.268326317257952e-01
  2.741666666666667e+00,  6.233442092583862e-01,  6.978649447555707e-02,  2.938191623287231e-01, -1.052061178494844e+00,  3.526603875746848e-01, -2.440867655748812e-01
  2.750000000000000e+00,  6.387962544232798e-01,  6.447156211730243e-02,  2.859413803608398e-01, -1.025520728942438e+00,  3.417709711662844e-01, -2.609456691839830e-01
  2.758333333333333e+00,  6.533277826169460e-01,  5.887408160974372e-02,  2.769898051942455e-01, -9.959819170944481e-01,  3.314712047025073e-01, -2.770636411890201e-01
  2.766666666666667e+00,  6.669015449194140e-01,  5.307082779181105e-02,  2.668532592619003e-01, -9.635398320946554e-01,  3.215933956116427e-01, -2.921331482542566e-01
  2.775000000000000e+00,  6.794735358980697e-01,  4.715150593047768e-02,  2.554176627023224e-01, -9.282944368548756e-01,  3.119485834671293e-01, -3.058297110360884e-01
  2.783333333333333e+00,  6.909910416919860e-01,  4.122110119972122e-02,  2.425716939692886e-01, -8.903543039979849e-01,  3.023404869977504e-01, -3.178098588545726e-01
  2.791666666666667e+00,  7.013917311139188e-01,  3.539996408262214e-02,  2.282133052290619e-01, -8.498403274076036e-01,  2.925966681741722e-01, -3.277253711606633e-01
  2.800000000000000e+00,  7.106051510383784e-01,  2.982187335627962e-02,  2.122548034139090e-01, -8.068902393556160e-01,  2.825956684796104e-01, -3.352305743043256e-01
  2.808333333333333e+00,  7.185563983199577e-01,  2.463504019903695e-02,  1.946306029646438e-01, -7.616652972949455e-01,  2.722610401838086e-01, -3.400141516852684e-01
  2.816666666666666e+00,  7.251761767935577e-01,  2.000062175715067e-02,  1.753043685884569e-01, -7.143638860461783e-01,  2.615831403048366e-01, -3.417390663080441e-01
  2.825000000000000e+00,  7.304116931197060e-01,  1.609393324830499e-02,  1.542854061464783e-01, -6.652377316820498e-01,  2.506069667886260e-01, -3.400713113015884e-01
  2.833333333333333e+00,  7.342423006693483e-01,  1.310012342399380e-02,  1.316500789530916e-01, -6.146145127700933e-01,  2.394398268159134e-01, -3.346759099233970e-01
  2.841666666666667e+00,  7.366970151598491e-01,  1.120524122498701e-02,  1.075729982315910e-01, -5.629261546504664e-01,  2.282477982475697e-01, -3.252391204025271e-01
  2.850000000000000e+00,  7.378735286992770e-01,  1.058111057354494e-02,  8.236898595428577e-02, -5.107425633744764e-01,  2.172228509314773e-01, -3.115368705635979e-01
  2.858333333333333e+00,  7.379549749999095e-01,  1.136343524919603e-02,  5.653458943313574e-02, -4.587989107666472e-01,  2.065761408473469e-01, -2.935448717693721e-01
  2.866666666666667e+00,  7.372178691381429e-01,  1.361028691225474e-02,  3.076144972540297e-02, -4.080078734915854e-01,  1.965070824724290e-01, -2.715085650578714e-01
  2.875000000000000e+00,  7.360170880070189e-01,  1.726780252622184e-02,  5.918849987178654e-03, -3.594321401107686e-01,  1.872026111603609e-01, -2.461018972401461e-01
  2.883333333333333e+00,  7.347451999737000e-01,  2.214238653076173e-02, -1.703237242572316e-02, -3.142118063900513e-01,  1.788560716720723e-01, -2.184565223994717e-01
  2.891666666666667e+00,  7.337748135001129e-01,  2.790312673660056e-02, -3.717557933739948e-02, -2.734564494868098e-01,  1.716838991150587e-01, -1.900855622106216e-01
  2.900000000000000e+00,  7.334071365314379e-01,  3.411968173598767e-02, -5.378598949524904e-02, -2.381357527907253e-01,  1.659240274352537e-01, -1.626827482459015e-01
  2.908333333333333e+00,  7.338473314963549e-01,  4.032482809620430e-02, -6.643938567629271e-02, -2.090049327667374e-01,  1.618159079334649e-01, -1.378621267237581e-01
  2.916666666666667e+00,  7.352105242945017e-01,  4.607926251495953e-02, -7.504590974323218e-02, -1.865799039567623e-01,  1.595744391109218e-01, -1.169299978187551e-01
  2.925000000000000e+00,  7.375463668579100e-01,  5.101972292995005e-02, -7.980528745578648e-02, -1.711492144858434e-01,  1.593687144580623e-01, -1.007511471887671e-01
  2.933333333333333e+00,  7.408643999459220e-01,  5.488417967632664e-02, -8.111397638084937e-02, -1.627956114917638e-01,  1.613088865409345e-01, -8.971765729198143e-02
  2.941666666666666e+00,  7.451465606320947e-01,  5.751809074421543e-02, -7.946942153229172e-02, -1.614059095377912e-01,  1.654394034008146e-01, -8.378752613475214e-02
  2.950000000000000e+00,  7.503439388155188e-01,  5.886773674828882e-02, -7.540223782609819e-02, -1.666661957605195e-01,  1.717333314999803e-01, -8.255008554497589e-02
  2.958333333333333e+00,  7.563652722000236e-01,  5.896419014625343e-02, -6.944117395134490e-02, -1.780557324687145e-01,  1.800797977328596e-01, -8.529293457005875e-02
  2.966666666666667e+00,  7.630664333091207e-01,  5.790046330332488e-02, -6.209887106899944e-02, -1.948561379274664e-01,  1.902645347149696e-01, -9.107677220893207e-02
  2.975000000000000e+00,  7.702461628265639e-01,  5.580585065816890e-02, -5.386201021353082e-02, -2.161846556629806e-01,  2.019557535048999e-01, -9.883732449868558e-02
  2.983333333333333e+00,  7.776510733550085e-01,  5.282293286959638e-02, -4.517478275315938e-02, -2.410492269946734e-01,  2.147040993381843e-01, -1.075104884457502e-01
  2.991666666666667e+00,  7.849908622236959e-01,  4.909160770339294e-02, -3.641607739300968e-02, -2.684138503173359e-01,  2.279559957503387e-01, -1.161540165397761e-01
  3.000000000000000e+00,  7.919604791127907e-01,  4.474166752692921e-02, -2.787960908979382e-02, -2.972607670382427e-01,  2.410832771297051e-01, -1.240418304912135e-01
  3.008333333333333e+00,  7.982634290320203e-01,  3.989189721194308e-02, -1.976549418864217e-02, -3.266412638978339e-01,  2.534347839728340e-01, -1.307161906277420e-01
  3.016666666666667e+00,  8.036310100979301e-01,  3.465141035368013e-02, -1.218434487814859e-02, -3.557118273143259e-01,  2.644034614173087e-01, -1.359912619998388e-01
  3.025000000000000e+00,  8.078347570907655e-01,  2.912132166090342e-02, -5.169301642972756e-03, -3.837546163628884e-01,  2.734898799714564e-01, -1.399147699712934e-01
  3.033333333333333e+00,  8.106923789161542e-01,  2.339751040321736e-02,  1.308349116497375e-03, -4.101835403782012e-01,  2.803446572070187e-01, -1.427024686438836e-01
  3.041666666666667e+00,  8.120687730982208e-01,  1.757353406447160e-02,  7.321507175209143e-03, -4.345390886732373e-01,  2.847835651948817e-01, -1.446617835490534e-01
  3.050000000000000e+00,  8.118735269130021e-01,  1.174111858279026e-02,  1.296814252532660e-02, -4.564760062273274e-01,  2.867784550165937e-01, -1.461232887481033e-01
  3.058333333333333e+00,  8.100571091914829e-01,  5.987032296241424e-03,  1.835214462454517e-02, -4.757489216018727e-01,  2.864309982067558e-01, -1.473929814737324e-01
  3.066666666666666e+00,  8.066081179953092e-01,  3.878204711666999e-04,  2.356633211977687e-02, -4.922003848930769e-01,  2.839383263779673e-01, -1.487248375214854e-01
  3.075000000000000e+00,  8.015515739939963e-01, -4.994223758246319e-03,  2.868026179945347e-02, -5.057526577543281e-01,  2.795599607702011e-01, -1.503079912180084e-01
  3.083333333333333e+00,  7.949463207733282e-01, -1.011247457253583e-02,  3.373460361273151e-02, -5.164014819846755e-01,  2.735915659428192e-01, -1.522643771482503e-01
  3.091666666666667e+00,  7.868805154888581e-01, -1.493668326831044e-02,  3.874105303568073e-02, -5.242096794109946e-01,  2.663453014267964e-01, -1.546519230797294e-01
  3.100000000000000e+00,  7.774660118518610e-01, -1.945337777508649e-02,  4.368433800514752e-02, -5.293003713791170e-01,  2.581337291255987e-01, -1.574699522393302e-01
  3.108333333333333e+00,  7.668323116636422e-01, -2.366410490954474e-02,  4.852407983549384e-02, -5.318496589363885e-01,  2.492556009064382e-01, -1.606670379921431e-01
  3.116666666666666e+00,  7.551194467443159e-01, -2.758136385835130e-02,  5.319783827311225e-02, -5.320767986033985e-01,  2.399838517515803e-01, -1.641511153174564e-01
  3.125000000000000e+00,  7.424695757598625e-01, -3.122356941231264e-02,  5.762698199895162e-02, -5.302306244411619e-01,  2.305564306492003e-01, -1.678004083016384e-01
  3.133333333333333e+00,  7.290186944484310e-01, -3.461010532800546e-02,  6.172426719576658e-02, -5.265735499118814e-01,  2.211703448324174e-01, -1.714758564159724e-01
  3.141666666666667e+00,  7.148902096911415e-01, -3.775640184262685e-02,  6.540100304611224e-02, -5.213659111618048e-01,  2.119791841345975e-01, -1.750358461184128e-01
  3.150000000000000e+00,  7.001918743717654e-01, -4.067283193813642e-02,  6.857417854661334e-02, -5.148539689772743e-01,  2.030931955999488e-01, -1.783493609370772e-01
  3.158333333333333e+00,  6.850155559849619e-01, -4.336474536607460e-02,  7.117154727848544e-02, -5.072626481470967e-01,  1.945824574046575e-01, -1.813023891877826e-01
  3.166666666666667e+00,  6.694386837569392e-01, -4.583432464993376e-02,  7.313690830027730e-02, -4.987924569841505e-01,  1.864833814535113e-01, -1.838069561315548e-01
  3.175000000000000e+00,  6.535265971269462e-01, -4.808816180709030e-02,  7.442607758565681e-02, -4.896202674372866e-01,  1.788024956461070e-01, -1.857916156915019e-01
  3.183333333333333e+00,  6.373352925248295e-01, -5.013442623494391e-02,  7.502397052765862e-02, -4.799003781243448e-01,  1.715321221097152e-01, -1.872271054418335e-01
  3.191666666666666e+00,  6.209153657768205e-01, -5.198799227554640e-02,  7.493293856788034e-02, -4.697693571687400e-01,  1.646438516887742e-01, -1.881047308465579e-01
  3.200000000000000e+00,  6.043159908131626e-01, -5.366757666699251e-02,  7.418045778439232e-02, -4.593490540782286e-01,  1.580999955313283e-01, -1.884304766851659e-01
  3.208333333333333e+00,  5.875887956184267e-01, -5.519253577333605e-02,  7.282028642436283e-02, -4.487505685003451e-01,  1.518509286153570e-01, -1.882219398994573e-01
  3.216666666666666e+00,  5.707889770542197e-01, -5.658091502777829e-02,  7.092988270519772e-02, -4.380764400109330e-01,  1.458404342978833e-01, -1.875035746429835e-01
  3.225000000000000e+00,  5.539744444892521e-01, -5.784700246186381e-02,  6.860702076702359e-02, -4.274219738435048e-01,  1.400070239586663e-01, -1.863143674936284e-01
  3.233333333333333e+00,  5.372028441317573e-01, -5.900409678145113e-02,  6.596073852300491e-02, -4.168743519330019e-01,  1.342924965770185e-01, -1.846928883205590e-01
  3.241666666666667e+00,  5.205292083062295e-01, -6.006480483220500e-02,  6.310718573329062e-02, -4.065115039444787e-01,  1.286407150870907e-01, -1.826839858615908e-01
  3.250000000000000e+00,  5.040036220065708e-01, -6.104224405882808e-02,  6.016310069853940e-02, -3.964001995981586e-01,  1.229997604252107e-01, -1.803357423447729e-01
  3.258333333333333e+00,  4.876693525693135e-01, -6.195068117104396e-02,  5.723779660591188e-02, -3.865944535619151e-01,  1.173238576332531e-01, -1.776994171340713e-01
  3.266666666666667e+00,  4.715607990871751e-01, -6.280742137433837e-02,  5.442408285814344e-02, -3.771338864987131e-01,  1.115759001605376e-01, -1.748285814666895e-01
  3.275000000000000e+00,  4.557010390704750e-01, -6.363523781581804e-02,  5.179131079089425e-02, -3.680418609599936e-01,  1.057299769941520e-01, -1.717745725427811e-01
  3.283333333333333e+00,  4.401008173535806e-01, -6.446203996112110e-02,  4.938470911896847e-02, -3.593250337864837e-01,  9.976876555870619e-02, -1.685871356781709e-01
  3.291666666666667e+00,  4.247587444750356e-01, -6.532118936690789e-02,  4.722456106729295e-02, -3.509739259552949e-01,  9.368329467305564e-02, -1.653008017036877e-01
  3.300000000000000e+00,  4.096641085302528e-01, -6.624830443886154e-02,  4.530992957531621e-02, -3.429659505369362e-01,  8.746511831516600e-02, -1.619371541861060e-01
  3.308333333333333e+00,  3.947992619539791e-01, -6.727888626722844e-02,  4.362069141239831e-02, -3.352679692255653e-01,  8.110210703777625e-02, -1.585049573026216e-01
  3.316666666666666e+00,  3.801415868709848e-01, -6.844584777577611e-02,  4.211967594506721e-02, -3.278386980022397e-01,  7.457721061579592e-02, -1.550043703703416e-01
  3.325000000000000e+00,  3.656656320004472e-01, -6.977741514271463e-02,  4.075528562239784e-02, -3.206322497107017e-01,  6.787385691275154e-02, -1.514313367712703e-01
  3.333333333333333e+00,  3.513461472686096e-01, -7.129585219951573e-02,  3.946643246144314e-02, -3.136038004684213e-01,  6.098667194025531e-02, -1.477829308937198e-01
  3.341666666666667e+00,  3.371617328506132e-01, -7.301634795823908e-02,  3.819145677823542e-02, -3.067165966424417e-01,  5.392838880952672e-02, -1.440667359787595e-01
  3.350000000000000e+00,  3.230959488833701e-01, -7.494670858351871e-02,  3.687547289979460e-02, -2.999454751769982e-01,  4.672946051777270e-02, -1.403030713236433e-01
  3.358333333333333e+00,  3.091348591412621e-01, -7.708556515720710e-02,  3.547720943220875e-02, -2.932743633021236e-01,  3.942562805782337e-02, -1.365308193001520e-01
  3.366666666666666e+00,  2.952617302879648e-01, -7.942415875942888e-02,  3.396926522826620e-02, -2.866890830679415e-01,  3.205007712231476e-02, -1.327947079323100e-01
  3.375000000000000e+00,  2.814566181350635e-01, -8.194771937535861e-02,  3.233937519347350e-02, -2.801749040033163e-01,  2.462796680298970e-02, -1.291421600370803e-01
  3.383333333333333e+00,  2.677007993001889e-01, -8.463648384042965e-02,  3.059070990351657e-02, -2.737197409676150e-01,  1.717545593871687e-02, -1.256278492600014e-01
  3.391666666666667e+00,  2.539791337061947e-01, -8.746748415385763e-02,  2.873680124803110e-02, -2.673165039783504e-01,  9.707207695725946e-03, -1.223061979310540e-01
  3.400000000000000e+00,  2.402806991518630e-01, -9.041323283294211e-02,  2.680577449813323e-02, -2.609659555151628e-01,  2.233286450666136e-03, -1.192493242632891e-01
  3.408333333333333e+00,  2.265959906440462e-01, -9.344417287388107e-02,  2.483474611368014e-02, -2.546758216055026e-01, -5.231499321482576e-03, -1.165331536545534e-01
  3.416666666666667e+00,  2.129159424251224e-01, -9.653023052194354e-02,  2.286855469261383e-02, -2.484611111926316e-01, -1.266452097724203e-02, -1.142354812166126e-01
  3.425000000000000e+00,  1.992318929723047e-01, -9.964258821932925e-02,  2.095781921348173e-02, -2.423444327471818e-01, -2.003298581087366e-02, -1.124303916509483e-01
  3.433333333333333e+00,  1.855365242945810e-01, -1.027540441260828e-01,  1.915646929977687e-02, -2.363571174975568e-01, -2.729420046660011e-02, -1.111820879982046e-01
  3.441666666666666e+00,  1.718249520935198e-01, -1.058371402171854e-01,  1.751680414321417e-02, -2.305402864891581e-01, -3.439777909804620e-02, -1.105369216335287e-01
  3.450000000000000e+00,  1.580950664508811e-01, -1.088604973414002e-01,  1.608096302826396e-02, -2.249443112602721e-01, -4.128835089121640e-02, -1.105139188251580e-01
  3.458333333333333e+00,  1.443490117543927e-01, -1.117856785013698e-01,  1.487681510057580e-02, -2.196287025165128e-01, -4.791243683215035e-02, -1.111094860694682e-01
  3.466666666666667e+00,  1.305922911962119e-01, -1.145656581646926e-01,  1.391217121823638e-02, -2.146595315549792e-01, -5.421417822108264e-02, -1.122895928913993e-01
  3.475000000000000e+00,  1.168348030427869e-01, -1.171475382127805e-01,  1.318064776128071e-02, -2.101086136368122e-01, -6.013648060782967e-02, -1.140005841865199e-01
  3.483333333333333e+00,  1.030905527880772e-01, -1.194770353697809e-01,  1.266559937188002e-02, -2.060501500717220e-01, -6.561614226525808e-02, -1.161714789407419e-01
  3.491666666666667e+00,  8.937811547089605e-02, -1.215033733256659e-01,  1.234559102000796e-02, -2.025574850687119e-01, -7.057978706646459e-02, -1.187216399908322e-01
  3.500000000000000e+00,  7.572155488189390e-02, -1.231836668001822e-01,  1.220102603098118e-02, -1.997012420496792e-01, -7.494073890377667e-02, -1.215728199374053e-01
  3.508333333333333e+00,  6.215153081035978e-02, -1.244859832121035e-01,  1.222064688307694e-02, -1.975494188056203e-01, -7.859741595540032e-02, -1.246613885747358e-01
  3.516666666666667e+00,  4.870644029597320e-02, -1.253906324294225e-01,  1.240623280904601e-02, -1.961691860318812e-01, -8.143337357188085e-02, -1.279453543299199e-01
  3.525000000000000e+00,  3.543322706236155e-02, -1.258897593098951e-01,  1.277481471075983e-02, -1.956294611983694e-01, -8.331845334546217e-02, -1.314055657303670e-01
  3.533333333333333e+00,  2.238882048950204e-02, -1.259861433900684e-01,  1.336193581197331e-02, -1.960044105566837e-01, -8.411426411505310e-02, -1.350531838539782e-01
  3.541666666666667e+00,  9.640035670941486e-03, -1.256904684949007e-01,  1.422092727175446e-02, -1.973752579990126e-01, -8.367642140395197e-02, -1.389299369743157e-01
  3.550000000000000e+00, -2.734361956036988e-03, -1.250187268562095e-01,  1.542796791426059e-02, -1.998338771935247e-01, -8.186277690528350e-02, -1.431197738997314e-01
  3.558333333333333e+00, -1.464092602584711e-02, -1.239876175699663e-01,  1.708484579214433e-02, -2.034868165554031e-01, -7.853945812656522e-02, -1.477508258331799e-01
  3.566666666666666e+00, -2.596678602830654e-02, -1.226082683926129e-01,  1.931814469307691e-02, -2.084610652322827e-01, -7.358539281331522e-02, -1.529892762574856e-01
  3.575000000000000e+00, -3.657480929883813e-02, -1.208794009495646e-01,  2.227399649337408e-02, -2.149093397603871e-01, -6.689242341997799e-02, -1.590215917597091e-01
  3.583333333333333e+00, -4.630160688162218e-02, -1.187821321163667e-01,  2.611149853157994e-02, -2.230114307354193e-01, -5.836196278789638e-02, -1.660235783937590e-01
  3.591666666666667e+00, -5.495977863841209e-02, -1.162782626901855e-01,  3.099655001861280e-02, -2.329700861568961e-01, -4.790157310713351e-02, -1.741189759953447e-01
  3.600000000000000e+00, -6.234399851298283e-02, -1.133120474228642e-01,  3.709519498782644e-02, -2.450019376912347e-01, -3.542205058544595e-02, -1.833438502650465e-01
  3.608333333333333e+00, -6.823894842279341e-02, -1.098140487711556e-01,  4.456471792678589e-02, -2.593255970968463e-01, -2.083491699644786e-02, -1.936348618565249e-01
  3.616666666666666e+00, -7.242673747834733e-02, -1.057054579519714e-01,  5.354071446479503e-02, -2.761502237394579e-01, -4.052884977184118e-03, -2.048355565922605e-01
  3.625000000000000e+00, -7.469467904270011e-02, -1.009018380910358e-01,  6.411997033093471e-02, -2.956650269578145e-01,  1.500623560894618e-02, -2.167017323486085e-01
  3.633333333333333e+00, -7.484626258020630e-02, -9.531683150413839e-02,  7.634257654190124e-02, -3.180270634741850e-01,  3.641519762233314e-02, -2.289012756411682e-01
  3.641666666666667e+00, -7.271482454774587e-02, -8.886758461467070e-02,  9.017811607020078e-02, -3.433468420128114e-01,  6.023434681177055e-02, -2.410160850360438e-01
  3.650000000000000e+00, -6.817660634791062e-02, -8.148263066698869e-02,  1.055182419762093e-01, -3.716743310672663e-01,  8.650905395193062e-02, -2.525534554778257e-01
  3.658333333333333e+00, -6.116185470494278e-02, -7.311142555348926e-02,  1.221758810631537e-01, -4.029871991445706e-01,  1.152657091717843e-01, -2.629682009071347e-01
  3.666666666666667e+00, -5.166467679684480e-02, -6.373456883196504e-02,  1.398930941733137e-01, -4.371810578210030e-01,  1.465016703390424e-01, -2.716936834402571e-01
  3.675000000000000e+00, -3.975158804050930e-02, -5.337278145389823e-02,  1.583516587525046e-01, -4.740604599910219e-01,  1.801790363175248e-01, -2.781517729414636e-01
  3.683333333333333e+00, -2.556092840925138e-02, -4.209132340299604e-02,  1.772018835226398e-01, -5.133371078259037e-01,  2.161749753767275e-01, -2.818078852012793e-01
  3.691666666666666e+00, -9.294959349436457e-03, -2.999628700800194e-02,  1.960835699175521e-01, -5.546335388825901e-01,  2.542436147421606e-01, -2.822054072598546e-01
  3.700000000000000e+00,  8.797104338691150e-03, -1.722585526926634e-02,  2.146501894779521e-01, -5.974978572430878e-01,  2.939644693921300e-01, -2.790243829038532e-01
  3.708333333333333e+00,  2.843827950522627e-02, -3.933731366882132e-03,  2.325943512954403e-01, -6.414218811012472e-01,  3.347200866642476e-01, -2.721929773835323e-01
  3.716666666666667e+00,  4.934174747055272e-02,  9.716445334570167e-03,  2.496557206965904e-01, -6.858685315102898e-01,  3.756922508244442e-01, -2.618609430797545e-01
  3.725000000000000e+00,  7.122365142497650e-02,  2.356083101378115e-02,  2.656337945603460e-01, -7.302936121039844e-01,  4.159024191968240e-01, -2.484278692720173e-01
  3.733333333333333e+00,  9.381553180291026e-02,  3.743497689747732e-02,  2.803905193553420e-01, -7.741740151569093e-01,  4.542360805985413e-01, -2.324762245680435e-01
  3.741666666666667e+00,  1.168757845654902e-01,  5.117613760839679e-02,  2.938395036860299e-01, -8.170275021395051e-01,  4.895683765336146e-01, -2.147141662349396e-01
  3.750000000000000e+00,  1.402028978290124e-01,  6.462292668610226e-02,  3.059413659892434e-01, -8.584363397068578e-01,  5.208256647112255e-01, -1.959357460972982e-01
  3.758333333333333e+00,  1.636429714948079e-01,  7.761928278816455e-02,  3.166967185663689e-01, -8.980586418358183e-01,  5.470785312359433e-01, -1.769857943465247e-01
  3.766666666666667e+00,  1.870906758762097e-01,  9.002040338438588e-02,  3.261417561862778e-01, -9.356277303511376e-01,  5.676186650502327e-01, -1.587090538703663e-01
  3.775000000000000e+00,  2.104834544232669e-01,  1.016987595134260e-01,  3.343438417623809e-01, -9.709387998836461e-01,  5.820241429684568e-01, -1.418843398021794e-01
  3.783333333333333e+00,  2.337903604411127e-01,  1.125479857522353e-01,  3.413940711670830e-01, -1.003827919606113e+00,  5.902017439240659e-01, -1.271535967991652e-01
  3.791666666666667e+00,  2.569983981851754e-01,  1.224841861597805e-01,  3.473963708719394e-01, -1.034151720742971e+00,  5.923910688093474e-01, -1.149576629766959e-01
  3.800000000000000e+00,  2.800993089852578e-01,  1.314463930292038e-01,  3.524564113402105e-01, -1.061775171043783e+00,  5.891277242787483e-01, -1.055032811147750e-01
  3.808333333333333e+00,  3.030785012752087e-01,  1.393978770842168e-01,  3.566734277331577e-01, -1.086569878424117e+00,  5.811798864423643e-01, -9.878358143525634e-02
  3.816666666666666e+00,  3.259068190591988e-01,  1.463270837180923e-01,  3.601354742488096e-01, -1.108420322501634e+00,  5.694749685395719e-01, -9.463901068718586e-02
  3.825000000000000e+00,  3.485348189848144e-01,  1.522461363994876e-01,  3.629176247293950e-01, -1.127233930641254e+00,  5.550241775889062e-01, -9.282272610417797e-02
  3.833333333333333e+00,  3.708887103952375e-01,  1.571871932033464e-01,  3.650835173015258e-01, -1.142952426652037e+00,  5.388512274476772e-01, -9.303391953580013e-02
  3.841666666666667e+00,  3.928629827514358e-01,  1.612005098348406e-01,  3.666871371605362e-01, -1.155560464521595e+00,  5.219091164800534e-01, -9.500590367777527e-02
  3.850000000000000e+00,  4.143222088021684e-01,  1.643510400769486e-01,  3.677796608227637e-01, -1.165097867852058e+00,  5.050425525824757e-01, -9.842686841875380e-02
  3.858333333333333e+00,  4.351010483104458e-01,  1.667171320526453e-01,  3.684091051087990e-01, -1.171667313620586e+00,  4.889374700381535e-01, -1.029986114876469e-01
  3.866666666666666e+00,  4.550113452025520e-01,  1.683861879616864e-01,  3.686218885310776e-01, -1.175443023102958e+00,  4.741055104032021e-01, -1.084213834472642e-01
  3.875000000000000e+00,  4.738495597872555e-01,  1.694508221907758e-01,  3.684653783504486e-01, -1.176676693140161e+00,  4.608860269314938e-01, -1.144010463418429e-01
  3.883333333333333e+00,  4.914050810145318e-01,  1.700073435553136e-01,  3.679915782618365e-01, -1.175700566097692e+00,  4.494639774541307e-01, -1.206572331904209e-01
  3.891666666666667e+00,  5.074701622544647e-01,  1.701556795991477e-01,  3.672606741545189e-01, -1.172925963609875e+00,  4.398964867568689e-01, -1.269251268437908e-01
  3.900000000000000e+00,  5.217930488009688e-01,  1.699927774723013e-01,  3.663404386005940e-01, -1.168825737614392e+00,  4.321765729104183e-01, -1.329575136050472e-01
  3.908333333333333e+00,  5.342854381220344e-01,  1.696330227036316e-01,  3.653211446910979e-01, -1.163965119281432e+00,  4.261314690902552e-01, -1.384979586202019e-01
  3.916666666666667e+00,  5.452411637929429e-01,  1.691683969756506e-01,  3.642695170044656e-01, -1.158747445341757e+00,  4.214003416748189e-01, -1.434519703577413e-01
