Main.Studies.MarkerTracking.t,Main.Studies.MarkerTracking.JointAngleOutputs.OutputFile_RightLegCustom.HipFlexion[0],Main.Studies.MarkerTracking.JointAngleOutputs.OutputFile_RightLegCustom.HipAbduction[0],Main.Studies.MarkerTracking.JointAngleOutputs.OutputFile_RightLegCustom.HipExternalRotation[0],Main.Studies.MarkerTracking.JointAngleOutputs.OutputFile_RightLegCustom.KneeFlexion[0],Main.Studies.MarkerTracking.JointAngleOutputs.OutputFile_RightLegCustom.KneeFlexion[1],Main.Studies.MarkerTracking.JointAngleOutputs.OutputFile_RightLegCustom.KneeFlexion[2],Main.Studies.MarkerTracking.JointAngleOutputs.OutputFile_RightLegCustom.AnklePlantarFlexion[0],Main.Studies.MarkerTracking.JointAngleOutputs.OutputFile_RightLegCustom.SubTalarEversion[0]
  2.583333333333334e-01, -1.473688110472147e-02,  9.321335123109420e-02,  1.248663848876175e-01,  8.732984546891118e-02,  2.971138060352496e-02, -1.756489576058824e-01, -6.481902334780959e-02,  1.616110743226808e-01
  2.666666666666667e-01, -1.483769607511642e-02,  9.322156787293046e-02,  1.248172653393493e-01,  8.731642751298062e-02,  2.974134190641653e-02, -1.756394422204012e-01, -6.481779171282097e-02,  1.616138366348573e-01
  2.750000000000000e-01, -1.494346426587253e-02,  9.321926323447283e-02,  1.247812320436071e-01,  8.730095455574487e-02,  2.977031614957792e-02, -1.756306686876656e-01, -6.481552491239165e-02,  1.616252999085840e-01
  2.833333333333334e-01, -1.505411682203837e-02,  9.320546832654242e-02,  1.247636920191406e-01,  8.728492795331369e-02,  2.979816087720444e-02, -1.756190817223355e-01, -6.481185716407345e-02,  1.616331838435666e-01
  2.916666666666667e-01, -1.516808655952725e-02,  9.318148354368616e-02,  1.247647118426462e-01,  8.726833240109788e-02,  2.982473610441660e-02, -1.756046210260668e-01, -6.480673931536808e-02,  1.616356181355541e-01
  3.000000000000000e-01, -1.528351328729909e-02,  9.314955645592593e-02,  1.247826525993836e-01,  8.725110034319367e-02,  2.984993519580037e-02, -1.755877656233249e-01, -6.480023588068751e-02,  1.616317812363106e-01
  3.083333333333333e-01, -1.539861865270035e-02,  9.311227694857149e-02,  1.248143744939264e-01,  8.723300964395070e-02,  2.987352152411327e-02, -1.755691203840840e-01, -6.479218642594539e-02,  1.616218206376279e-01
  3.166666666666667e-01, -1.551188061503908e-02,  9.307213328158559e-02,  1.248558422957831e-01,  8.721370303247675e-02,  2.989516442215567e-02, -1.755491094671209e-01, -6.478224095816223e-02,  1.616063524619526e-01
  3.250000000000000e-01, -1.562211654540333e-02,  9.303133657821561e-02,  1.249028632159869e-01,  8.719273626496628e-02,  2.991435783607233e-02, -1.755279012993028e-01, -6.476992326740276e-02,  1.615860811886016e-01
  3.333333333333334e-01, -1.572856846738738e-02,  9.299181778730148e-02,  1.249514267495196e-01,  8.716952593216663e-02,  2.993011708333282e-02, -1.755055198979986e-01, -6.475446489833268e-02,  1.615622087036678e-01
  3.416666666666667e-01, -1.583087763445749e-02,  9.295522375792165e-02,  1.249978032755544e-01,  8.714330771006178e-02,  2.994087844807924e-02, -1.754819359680062e-01, -6.473477181387449e-02,  1.615369113571712e-01
  3.500000000000000e-01, -1.592887610637168e-02,  9.292283240455612e-02,  1.250389023333195e-01,  8.711328677899574e-02,  2.994490220442270e-02, -1.754570242634206e-01, -6.470972487102798e-02,  1.615128891691021e-01
  3.583333333333334e-01, -1.602232974585697e-02,  9.289549663450702e-02,  1.250726813382803e-01,  8.707889489516496e-02,  2.994085660972301e-02, -1.754305277149607e-01, -6.467847224258405e-02,  1.614923820472657e-01
  3.666666666666667e-01, -1.611083766855198e-02,  9.287370351637758e-02,  1.250982056353266e-01,  8.703993166839774e-02,  2.992806330067577e-02, -1.754021331016218e-01, -6.464050221975536e-02,  1.614765165040660e-01
  3.750000000000000e-01, -1.619393063151946e-02,  9.285770075649324e-02,  1.251155551233430e-01,  8.699656762092119e-02,  2.990635147201903e-02, -1.753715736279379e-01, -6.459565475776417e-02,  1.614651288976630e-01
  3.833333333333334e-01, -1.626913242981557e-02,  9.284772053534796e-02,  1.251257325014908e-01,  8.695003458685788e-02,  2.987598211831455e-02, -1.753388427757085e-01, -6.454465243354861e-02,  1.614570890639853e-01
  3.916666666666667e-01, -1.634037825814851e-02,  9.284387311482201e-02,  1.251304248826302e-01,  8.689954723882257e-02,  2.983742194248329e-02, -1.753037893683494e-01, -6.448732398930812e-02,  1.614502399749513e-01
  4.000000000000000e-01, -1.640535588662950e-02,  9.284661090970481e-02,  1.251312978563827e-01,  8.684668471158630e-02,  2.979201922253316e-02, -1.752670452282353e-01, -6.442545642596666e-02,  1.614430980646243e-01
  4.083333333333333e-01, -1.646367055113770e-02,  9.285626820025139e-02,  1.251297949364567e-01,  8.679258092324918e-02,  2.974165430839570e-02, -1.752293342488228e-01, -6.436102020587726e-02,  1.614343083556966e-01
  4.166666666666667e-01, -1.651500808719879e-02,  9.287295712091681e-02,  1.251266824348509e-01,  8.673858983959803e-02,  2.968870086828024e-02, -1.751914662952803e-01, -6.429644541632459e-02,  1.614227223224236e-01
  4.250000000000000e-01, -1.655911346177893e-02,  9.289659740678058e-02,  1.251220385453140e-01,  8.668624095185037e-02,  2.963577141679541e-02, -1.751542776740083e-01, -6.423438362100105e-02,  1.614071280610922e-01
  4.333333333333333e-01, -1.659584173127865e-02,  9.292699119678605e-02,  1.251155809164516e-01,  8.663709546554256e-02,  2.958519979804364e-02, -1.751186268507690e-01, -6.417742839221154e-02,  1.613864410058711e-01
  4.416666666666667e-01, -1.662525293321693e-02,  9.296377394144750e-02,  1.251068795549601e-01,  8.659255034864964e-02,  2.953839083654297e-02, -1.750853524898734e-01, -6.412779090214961e-02,  1.613603451698759e-01
  4.500000000000001e-01, -1.664775398543165e-02,  9.300634208966518e-02,  1.250953267313170e-01,  8.655365926776457e-02,  2.949558407646280e-02, -1.750551749048895e-01, -6.408699668540406e-02,  1.613294197771225e-01
  4.583333333333334e-01, -1.666410009536579e-02,  9.305387553141231e-02,  1.250801167680939e-01,  8.652104325327839e-02,  2.945613273188874e-02, -1.750286008444438e-01, -6.405578451680474e-02,  1.612945580435518e-01
  4.666666666666667e-01, -1.667520679546459e-02,  9.310540167462000e-02,  1.250603192238064e-01,  8.649487424090475e-02,  2.941874764726848e-02, -1.750059024258611e-01, -6.403411474520816e-02,  1.612566430360167e-01
  4.750000000000000e-01, -1.668201481763564e-02,  9.315979298033672e-02,  1.250350323069701e-01,  8.647492915508996e-02,  2.938163073510780e-02, -1.749871312606390e-01, -6.402120147385713e-02,  1.612165528156386e-01
  4.833333333333334e-01, -1.668552020072971e-02,  9.321568749452824e-02,  1.250036331596291e-01,  8.646072153720320e-02,  2.934278041921656e-02, -1.749720943277827e-01, -6.401570959189730e-02,  1.611748755990141e-01
  4.916666666666667e-01, -1.668685641937751e-02,  9.327144952973265e-02,  1.249659564393048e-01,  8.645162046897978e-02,  2.930031382347109e-02, -1.749603448631546e-01, -6.401604299887134e-02,  1.611315505035087e-01
  5.000000000000000e-01, -1.668736197456626e-02,  9.332523201571097e-02,  1.249222729312829e-01,  8.644690173368805e-02,  2.925263948668766e-02, -1.749512254770853e-01, -6.402050521505241e-02,  1.610857409738790e-01
  5.083333333333333e-01, -1.668860590395816e-02,  9.337509140306666e-02,  1.248731936529153e-01,  8.644578748897358e-02,  2.919855397695548e-02, -1.749439197452761e-01, -6.402734081286954e-02,  1.610358692576331e-01
  5.166666666666667e-01, -1.669234361423806e-02,  9.341913409668745e-02,  1.248195488819498e-01,  8.644749827802455e-02,  2.913723157892867e-02, -1.749375430996006e-01, -6.403487027385338e-02,  1.609800422205542e-01
  5.250000000000000e-01, -1.670047417050727e-02,  9.345564238420212e-02,  1.247622126338099e-01,  8.645126974344979e-02,  2.906811095318740e-02, -1.749312828049444e-01, -6.404174464190192e-02,  1.609167311415244e-01
  5.333333333333334e-01, -1.671599865159169e-02,  9.348280211217230e-02,  1.247024721213134e-01,  8.645668715390988e-02,  2.899081939569226e-02, -1.749238444925563e-01, -6.404704749769223e-02,  1.608428632848781e-01
  5.416666666666667e-01, -1.673956997581091e-02,  9.350004014383329e-02,  1.246403364971478e-01,  8.646217897100750e-02,  2.890506346297528e-02, -1.749160930305209e-01, -6.405019182113819e-02,  1.607617732402788e-01
  5.500000000000000e-01, -1.677387488987867e-02,  9.350635342667180e-02,  1.245766966046059e-01,  8.646723592169146e-02,  2.881095343533646e-02, -1.749075000571705e-01, -6.405086779599556e-02,  1.606715170741728e-01
  5.583333333333333e-01, -1.682047344975128e-02,  9.350142940605921e-02,  1.245116962257478e-01,  8.647105761666929e-02,  2.870932609314547e-02, -1.748983316934861e-01, -6.404890332215972e-02,  1.605717192397782e-01
  5.666666666666667e-01, -1.688021182943067e-02,  9.348530540731037e-02,  1.244448772844030e-01,  8.647296642480806e-02,  2.860195920438646e-02, -1.748890231686067e-01, -6.404430537149580e-02,  1.604618896228860e-01
  5.750000000000000e-01, -1.695293916117504e-02,  9.345826714249794e-02,  1.243752375882956e-01,  8.647254529658349e-02,  2.849132141386268e-02, -1.748800459291064e-01, -6.403743173869279e-02,  1.603420338602582e-01
  5.833333333333334e-01, -1.703734267167235e-02,  9.342073401242224e-02,  1.243013808287267e-01,  8.646969749991834e-02,  2.838015715663444e-02, -1.748717631987103e-01, -6.402901944536868e-02,  1.602132606318592e-01
  5.916666666666667e-01, -1.713117336773221e-02,  9.337317433888392e-02,  1.242217064352966e-01,  8.646453397858683e-02,  2.827124258515279e-02, -1.748643101750879e-01, -6.401986907368136e-02,  1.600776287269146e-01
  6.000000000000001e-01, -1.723163637413918e-02,  9.331611697535958e-02,  1.241345936402518e-01,  8.645719804492463e-02,  2.816713860731812e-02, -1.748575656334310e-01, -6.401050834660216e-02,  1.599378249655732e-01
  6.083333333333334e-01, -1.733567014063216e-02,  9.325020496817116e-02,  1.240385853252549e-01,  8.644773210877144e-02,  2.806976632996938e-02, -1.748511798813689e-01, -6.400116963410232e-02,  1.597971110163946e-01
  6.166666666666667e-01, -1.744013019788250e-02,  9.317620757932898e-02,  1.239326077795071e-01,  8.643602441209050e-02,  2.798005354470590e-02, -1.748445722884402e-01, -6.399198796327592e-02,  1.596591353843350e-01
  6.250000000000000e-01, -1.754199233305793e-02,  9.309498729864507e-02,  1.238162038623364e-01,  8.642181782040384e-02,  2.789783227580056e-02, -1.748368624357629e-01, -6.398313136211316e-02,  1.595274186089113e-01
  6.333333333333334e-01, -1.763862828415359e-02,  9.300743608036610e-02,  1.236897507252768e-01,  8.640469033007328e-02,  2.782194616573119e-02, -1.748267542790985e-01, -6.397470286420091e-02,  1.594045953216791e-01
  6.416666666666667e-01, -1.772803524691407e-02,  9.291442820153861e-02,  1.235545774037497e-01,  8.638397768688083e-02,  2.775045964199174e-02, -1.748125063436161e-01, -6.396647341527284e-02,  1.592917329564855e-01
  6.500000000000001e-01, -1.780878950754006e-02,  9.281687348856171e-02,  1.234126476585564e-01,  8.635872009124505e-02,  2.768097065343356e-02, -1.747922367629648e-01, -6.395763691008412e-02,  1.591883481438428e-01
  6.583333333333334e-01, -1.787976985299386e-02,  9.271582581921622e-02,  1.232657322691144e-01,  8.632768795315851e-02,  2.761124462358788e-02, -1.747645648720260e-01, -6.394679680933976e-02,  1.590931200869247e-01
  6.666666666666667e-01, -1.793997046931658e-02,  9.261249296427065e-02,  1.231148914178444e-01,  8.628950115155071e-02,  2.753993712289948e-02, -1.747290745405000e-01, -6.393224037008642e-02,  1.590044666361046e-01
  6.750000000000000e-01, -1.798849159253786e-02,  9.250812609784775e-02,  1.229609501500829e-01,  8.624288140455588e-02,  2.746673634635943e-02, -1.746861606606924e-01, -6.391230595147140e-02,  1.589205298340248e-01
  6.833333333333333e-01, -1.802450659386087e-02,  9.240390898580753e-02,  1.228053348214853e-01,  8.618699121743552e-02,  2.739189396853536e-02, -1.746365165186217e-01, -6.388566905265239e-02,  1.588391616468571e-01
  6.916666666666667e-01, -1.804714230121049e-02,  9.230091998855228e-02,  1.226503607383347e-01,  8.612170727641187e-02,  2.731566621764525e-02, -1.745807720184418e-01, -6.385156472028743e-02,  1.587584988091635e-01
  7.000000000000001e-01, -1.805568903077943e-02,  9.220059762692911e-02,  1.224989439308651e-01,  8.604720834184876e-02,  2.723755995433574e-02, -1.745201768804836e-01, -6.381007310467729e-02,  1.586803358018782e-01
  7.083333333333335e-01, -1.804831766121183e-02,  9.210286094873466e-02,  1.223538651384340e-01,  8.596674711909673e-02,  2.715926152948867e-02, -1.744532268428951e-01, -6.376159295028910e-02,  1.585964867997959e-01
  7.166666666666668e-01, -1.802506011276302e-02,  9.201038679978746e-02,  1.222171376737411e-01,  8.588100017976386e-02,  2.707987526704825e-02, -1.743830747230474e-01, -6.370808366886527e-02,  1.585157170423049e-01
  7.250000000000001e-01, -1.798538822408229e-02,  9.192460362613208e-02,  1.220892093131368e-01,  8.579317252611138e-02,  2.700139640640131e-02, -1.743106508945806e-01, -6.365171682068221e-02,  1.584366215073323e-01
  7.333333333333334e-01, -1.792980407528520e-02,  9.184756751395717e-02,  1.219693928145279e-01,  8.570593984755419e-02,  2.692583005417348e-02, -1.742381192388148e-01, -6.359515690788239e-02,  1.583606993857068e-01
  7.416666666666667e-01, -1.785967425806749e-02,  9.178135685547373e-02,  1.218563814947629e-01,  8.562164769561195e-02,  2.685521757446008e-02, -1.741680384631686e-01, -6.354107292555572e-02,  1.582895912690099e-01
  7.500000000000000e-01, -1.777719934803415e-02,  9.172778024946560e-02,  1.217487223641123e-01,  8.554212796459211e-02,  2.679121976615995e-02, -1.741030359861988e-01, -6.349192898264300e-02,  1.582249839789402e-01
  7.583333333333333e-01, -1.768522340325860e-02,  9.168801657441605e-02,  1.216450268687504e-01,  8.546868235040542e-02,  2.673495445260254e-02, -1.740453917399639e-01, -6.344986087675093e-02,  1.581685401684846e-01
  7.666666666666666e-01, -1.758693935440058e-02,  9.166242541541814e-02,  1.215441175736683e-01,  8.540218554175348e-02,  2.668706590128034e-02, -1.739967645677490e-01, -6.341660119619223e-02,  1.581216602531754e-01
  7.750000000000001e-01, -1.748554116491829e-02,  9.165062194421703e-02,  1.214451587876419e-01,  8.534319160688111e-02,  2.664776611071540e-02, -1.739581753518929e-01, -6.339348550020857e-02,  1.580853809928721e-01
  7.833333333333334e-01, -1.738385637874885e-02,  9.165157032964166e-02,  1.213477063608930e-01,  8.529199702656404e-02,  2.661672836661233e-02, -1.739300832149794e-01, -6.338147788043169e-02,  1.580605551510463e-01
  7.916666666666667e-01, -1.728408165871688e-02,  9.166356663280872e-02,  1.212516856624604e-01,  8.524867093410546e-02,  2.659307666621258e-02, -1.739124562967372e-01, -6.338113070282515e-02,  1.580479862113498e-01
  8.000000000000000e-01, -1.718771795076424e-02,  9.168428867816947e-02,  1.211573251849412e-01,  8.521306705076295e-02,  2.657554971453813e-02, -1.739048936909472e-01, -6.339251569410347e-02,  1.580484991590317e-01
  8.083333333333333e-01, -1.709564557486061e-02,  9.171106654263772e-02,  1.210649906693473e-01,  8.518483954009336e-02,  2.656272086734646e-02, -1.739067977546500e-01, -6.341523468376394e-02,  1.580630626840933e-01
  8.166666666666667e-01, -1.700818860352560e-02,  9.174127454251391e-02,  1.209748291188887e-01,  8.516349215936220e-02,  2.655336645945017e-02, -1.739175058450476e-01, -6.344852493770385e-02,  1.580926650389178e-01
  8.250000000000000e-01, -1.692510040830834e-02,  9.177262303940403e-02,  1.208864061476726e-01,  8.514842097659413e-02,  2.654691919691543e-02, -1.739363687112859e-01, -6.349132624734680e-02,  1.581379531664929e-01
  8.333333333333333e-01, -1.684558354789636e-02,  9.180327280642664e-02,  1.207987098808271e-01,  8.513886307826125e-02,  2.654359578108001e-02, -1.739628128586384e-01, -6.354223913277386e-02,  1.581991041773098e-01
  8.416666666666668e-01, -1.676845849468542e-02,  9.183186654102871e-02,  1.207105180157115e-01,  8.513382635566916e-02,  2.654409498818833e-02, -1.739963329029631e-01, -6.359949362593363e-02,  1.582758931097967e-01
  8.500000000000001e-01, -1.669237066333249e-02,  9.185751656489094e-02,  1.206207884266500e-01,  8.513220770583634e-02,  2.654921256156650e-02, -1.740363805084757e-01, -6.366106972137281e-02,  1.583675446154285e-01
  8.583333333333334e-01, -1.661586880994496e-02,  9.187971444076926e-02,  1.205288520488193e-01,  8.513306187438198e-02,  2.655950536217433e-02, -1.740822336493015e-01, -6.372501307510062e-02,  1.584726449384094e-01
  8.666666666666667e-01, -1.653739398612395e-02,  9.189820958737949e-02,  1.204344383681021e-01,  8.513573959894596e-02,  2.657488018356990e-02, -1.741329161418501e-01, -6.378980205471231e-02,  1.585896424103431e-01
  8.750000000000000e-01, -1.645531129052875e-02,  9.191294032922470e-02,  1.203377094051589e-01,  8.513982994266125e-02,  2.659428891073534e-02, -1.741871582233293e-01, -6.385447898370014e-02,  1.587174294999665e-01
  8.833333333333333e-01, -1.636802449874645e-02,  9.192401972626052e-02,  1.202393803908619e-01,  8.514506910927132e-02,  2.661580204483482e-02, -1.742434109456336e-01, -6.391846977175715e-02,  1.588552441823116e-01
  8.916666666666666e-01, -1.627414637516898e-02,  9.193170776172943e-02,  1.201408717543514e-01,  8.515126300623652e-02,  2.663686748077621e-02, -1.742999408813525e-01, -6.398129929092863e-02,  1.590022028469338e-01
  8.999999999999999e-01, -1.617271672765084e-02,  9.193630059219338e-02,  1.200445179020116e-01,  8.515818862615747e-02,  2.665440786511653e-02, -1.743549075545301e-01, -6.404241343302812e-02,  1.591570244281000e-01
  9.083333333333334e-01, -1.606345469374355e-02,  9.193790032275562e-02,  1.199537702640817e-01,  8.516550248636799e-02,  2.666481635652684e-02, -1.744062986592880e-01, -6.410119911225790e-02,  1.593179290085555e-01
  9.166666666666667e-01, -1.594692735251794e-02,  9.193614084173451e-02,  1.198730391701084e-01,  8.517270953818881e-02,  2.666425048440701e-02, -1.744518237244388e-01, -6.415713322008286e-02,  1.594825645765837e-01
  9.250000000000000e-01, -1.582452272067493e-02,  9.193007419940025e-02,  1.198070031698462e-01,  8.517922503334108e-02,  2.664938488914803e-02, -1.744890029853869e-01, -6.420986281299906e-02,  1.596479362536664e-01
  9.333333333333333e-01, -1.569826383691834e-02,  9.191828797705859e-02,  1.197597215013184e-01,  8.518450836952712e-02,  2.661814712562482e-02, -1.745154696900816e-01, -6.425914463162564e-02,  1.598105280620442e-01
  9.416666666666667e-01, -1.557047409957106e-02,  9.189917653438151e-02,  1.197338855479553e-01,  8.518819429868342e-02,  2.656999826352702e-02, -1.745293099718291e-01, -6.430480405863509e-02,  1.599667204723824e-01
  9.500000000000002e-01, -1.544324346991888e-02,  9.187143715323587e-02,  1.197302358919672e-01,  8.519015011648030e-02,  2.650601819080212e-02, -1.745294061558363e-01, -6.434684864047986e-02,  1.601131454390109e-01
  9.583333333333335e-01, -1.531797411515630e-02,  9.183472626452183e-02,  1.197471206276612e-01,  8.519031523555888e-02,  2.642907901080194e-02, -1.745158579851015e-01, -6.438556144881273e-02,  1.602469311205597e-01
  9.666666666666668e-01, -1.519546533376073e-02,  9.178998404550898e-02,  1.197802424771966e-01,  8.518816675353445e-02,  2.634396138449868e-02, -1.744903788231497e-01, -6.442123311032337e-02,  1.603662130256157e-01
  9.750000000000001e-01, -1.507631229078873e-02,  9.173910722107737e-02,  1.198228773221198e-01,  8.518223751558882e-02,  2.625714193955386e-02, -1.744562796788200e-01, -6.445365611405916e-02,  1.604705343758501e-01
  9.833333333333334e-01, -1.496095317770655e-02,  9.168427009298852e-02,  1.198669055283458e-01,  8.517040112076697e-02,  2.617597683798167e-02, -1.744177676287192e-01, -6.448193888180362e-02,  1.605604703519614e-01
  9.916666666666667e-01, -1.484946341653292e-02,  9.162743788576067e-02,  1.199042002369877e-01,  8.515054669727164e-02,  2.610743663391402e-02, -1.743790744370545e-01, -6.450469296351662e-02,  1.606370127819336e-01
  1.000000000000000e+00, -1.474161999623887e-02,  9.157028547905188e-02,  1.199275691271122e-01,  8.512075452352626e-02,  2.605702827071177e-02, -1.743441034534976e-01, -6.452020671902746e-02,  1.607015252494178e-01
  1.008333333333334e+00, -1.463713769268174e-02,  9.151427458954231e-02,  1.199313511941519e-01,  8.507914875466238e-02,  2.602817298448734e-02, -1.743163453581485e-01, -6.452656990329764e-02,  1.607558338086927e-01
  1.016666666666667e+00, -1.453575897228418e-02,  9.146063995500131e-02,  1.199121256306781e-01,  8.502400259619274e-02,  2.602183364253885e-02, -1.742985634924710e-01, -6.452187248017299e-02,  1.608018189228469e-01
  1.025000000000000e+00, -1.443721489866489e-02,  9.141027484814890e-02,  1.198694612396278e-01,  8.495415147240770e-02,  2.603630552748593e-02, -1.742923194449085e-01, -6.450448456699764e-02,  1.608407434949626e-01
  1.033333333333333e+00, -1.434118278547225e-02,  9.136355017527320e-02,  1.198063276955036e-01,  8.486949675805461e-02,  2.606730617259911e-02, -1.742975808245147e-01, -6.447339214189503e-02,  1.608727871052465e-01
  1.041666666666667e+00, -1.424735762057401e-02,  9.132016310641466e-02,  1.197287178838042e-01,  8.477118473364503e-02,  2.610853126121260e-02, -1.743126379458398e-01, -6.442841144623684e-02,  1.608970347276638e-01
  1.050000000000000e+00, -1.415565576042062e-02,  9.127919699873144e-02,  1.196443506193060e-01,  8.466119891558270e-02,  2.615270434719252e-02, -1.743344995502603e-01, -6.437012972004467e-02,  1.609118534605466e-01
  1.058333333333333e+00, -1.406634501164731e-02,  9.123941014967762e-02,  1.195610668202479e-01,  8.454174611389702e-02,  2.619274184427489e-02, -1.743595800888913e-01, -6.429968432440918e-02,  1.609153301349542e-01
  1.066666666666667e+00, -1.397991996278702e-02,  9.119955467514362e-02,  1.194856658646617e-01,  8.441495839579401e-02,  2.622247205773043e-02, -1.743843012877029e-01, -6.421856521335287e-02,  1.609056520310877e-01
  1.075000000000000e+00, -1.389683964027264e-02,  9.115857252159598e-02,  1.194232843930066e-01,  8.428288591301503e-02,  2.623691763683600e-02, -1.744054803816860e-01, -6.412848875787386e-02,  1.608814494823051e-01
  1.083333333333333e+00, -1.381735881530152e-02,  9.111568880326115e-02,  1.193769310210783e-01,  8.414745261103893e-02,  2.623270814695955e-02, -1.744205994377829e-01, -6.403132724524825e-02,  1.608419810096178e-01
  1.091666666666667e+00, -1.374151848753147e-02,  9.107048043682187e-02,  1.193470129964416e-01,  8.401028802998541e-02,  2.620871152821747e-02, -1.744280138432438e-01, -6.392907624955788e-02,  1.607872657494088e-01
  1.100000000000000e+00, -1.366926210165467e-02,  9.102292243412857e-02,  1.193315099197285e-01,  8.387267996892060e-02,  2.616612099200077e-02, -1.744270032977933e-01, -6.382384545372889e-02,  1.607181170807919e-01
  1.108333333333333e+00, -1.360060711718117e-02,  9.097335652533411e-02,  1.193272251749753e-01,  8.373584032396704e-02,  2.610767806233438e-02, -1.744175402147245e-01, -6.371792189183978e-02,  1.606356859179206e-01
  1.116666666666667e+00, -1.353570934761119e-02,  9.092241389810107e-02,  1.193310748522228e-01,  8.360126106444105e-02,  2.603671788103834e-02, -1.743999227435434e-01, -6.361388661617652e-02,  1.605409611821179e-01
  1.125000000000000e+00, -1.347473980799378e-02,  9.087101046716861e-02,  1.193404442513947e-01,  8.347082891328621e-02,  2.595647848307903e-02, -1.743746090576448e-01, -6.351461605835489e-02,  1.604348817963739e-01
  1.133333333333333e+00, -1.341770313804964e-02,  9.082044665393862e-02,  1.193530221891356e-01,  8.334667352470562e-02,  2.586962952022498e-02, -1.743423422916400e-01, -6.342307934068966e-02,  1.603186372550537e-01
  1.141666666666667e+00, -1.336433949687572e-02,  9.077250097236145e-02,  1.193666868383639e-01,  8.323094226016439e-02,  2.577816344227157e-02, -1.743043315016552e-01, -6.334207327665344e-02,  1.601938780517506e-01
  1.150000000000000e+00, -1.331413013278046e-02,  9.072942454584232e-02,  1.193794134102326e-01,  8.312564644562043e-02,  2.568361512628869e-02, -1.742623313908986e-01, -6.327405195689681e-02,  1.600631221276276e-01
  1.158333333333333e+00, -1.326636109894025e-02,  9.069384559596072e-02,  1.193891170425571e-01,  8.303257178291008e-02,  2.558711977427430e-02, -1.742187028695065e-01, -6.322099498076680e-02,  1.599301070986881e-01
  1.166666666666667e+00, -1.322023065530300e-02,  9.066851624780070e-02,  1.193935720212249e-01,  8.295321683908272e-02,  2.548915746582403e-02, -1.741763644038148e-01, -6.318421382383235e-02,  1.597995528108676e-01
  1.175000000000000e+00, -1.317509218502998e-02,  9.065581126725064e-02,  1.193905295256036e-01,  8.288874523810252e-02,  2.538949230052068e-02, -1.741383462337570e-01, -6.316418987052907e-02,  1.596763260718448e-01
  1.183333333333333e+00, -1.313078306552315e-02,  9.065729185999993e-02,  1.193780024830518e-01,  8.283993960440389e-02,  2.528756690294887e-02, -1.741071337120301e-01, -6.316061463844602e-02,  1.595645172928328e-01
  1.191666666666667e+00, -1.308775311540964e-02,  9.067371410805669e-02,  1.193546193406518e-01,  8.280720202759823e-02,  2.518303200517047e-02, -1.740843112913215e-01, -6.317268484442928e-02,  1.594668718055929e-01
  1.200000000000000e+00, -1.304692304619093e-02,  9.070513844562900e-02,  1.193199041101875e-01,  8.279062191503483e-02,  2.507613621422289e-02, -1.740705008267865e-01, -6.319950438494130e-02,  1.593846709307838e-01
  1.208333333333333e+00, -1.300944657426684e-02,  9.075067002452064e-02,  1.192743186078215e-01,  8.279006665389521e-02,  2.496785353789832e-02, -1.740653257064630e-01, -6.324028364736084e-02,  1.593180072127775e-01
  1.216666666666667e+00, -1.297772953301289e-02,  9.080828426560328e-02,  1.192187200518884e-01,  8.280423234802026e-02,  2.485968503552050e-02, -1.740678715970262e-01, -6.329377514493779e-02,  1.592678480825302e-01
  1.225000000000000e+00, -1.294980539610856e-02,  9.087427580468055e-02,  1.191550444927622e-01,  8.283488648928701e-02,  2.475356887785396e-02, -1.740753645126495e-01, -6.335988807761950e-02,  1.592301139893072e-01
  1.233333333333333e+00, -1.292764340199613e-02,  9.094489459549027e-02,  1.190847703188423e-01,  8.288063813082229e-02,  2.465113439085842e-02, -1.740860426131390e-01, -6.343704828043195e-02,  1.592054801204972e-01
  1.241666666666667e+00, -1.291112701457176e-02,  9.101650022209706e-02,  1.190094115957445e-01,  8.294086934694625e-02,  2.455381962153735e-02, -1.740982321206850e-01, -6.352402771569245e-02,  1.591937820540425e-01
  1.250000000000000e+00, -1.289961697657231e-02,  9.108612962507467e-02,  1.189303063008625e-01,  8.301458543409991e-02,  2.446261308043263e-02, -1.741108929091692e-01, -6.361975558018239e-02,  1.591953556517522e-01
  1.258333333333333e+00, -1.289233414716615e-02,  9.115155758322002e-02,  1.188485175853847e-01,  8.310019529372997e-02,  2.437803446901121e-02, -1.741235986909899e-01, -6.372335115452919e-02,  1.592107127628657e-01
  1.266666666666667e+00, -1.288928841212969e-02,  9.121072408591524e-02,  1.187660633661328e-01,  8.319641459863744e-02,  2.429989881873373e-02, -1.741355705708515e-01, -6.383440119681018e-02,  1.592377805457248e-01
  1.275000000000000e+00, -1.288812516663165e-02,  9.126266246074688e-02,  1.186815624050093e-01,  8.329892622451501e-02,  2.422972530483136e-02, -1.741483327288697e-01, -6.395088111325291e-02,  1.592791323899311e-01
  1.283333333333333e+00, -1.288807285765330e-02,  9.130538436675129e-02,  1.185971923234064e-01,  8.340595779345580e-02,  2.416816936072297e-02, -1.741611641821008e-01, -6.407195935026878e-02,  1.593298816772121e-01
  1.291666666666667e+00, -1.288683550243641e-02,  9.133751497171727e-02,  1.185130309607593e-01,  8.351370267379311e-02,  2.411720614471502e-02, -1.741746599591948e-01, -6.419540658522815e-02,  1.593878093355058e-01
  1.300000000000000e+00, -1.288529826978723e-02,  9.135698640124068e-02,  1.184327831484346e-01,  8.362033400526329e-02,  2.407697927211605e-02, -1.741873009956762e-01, -6.431981001739330e-02,  1.594452038541835e-01
  1.308333333333333e+00, -1.288201038565994e-02,  9.136322612367453e-02,  1.183563818040489e-01,  8.372125622140439e-02,  2.404903645139300e-02, -1.741995886055733e-01, -6.444178589734552e-02,  1.594990178082866e-01
  1.316666666666667e+00, -1.287666528965206e-02,  9.135619826649477e-02,  1.182847512961081e-01,  8.381273809162437e-02,  2.403351099714102e-02, -1.742114281002622e-01, -6.455833131079829e-02,  1.595450804215280e-01
  1.325000000000000e+00, -1.286912873767067e-02,  9.133685246714007e-02,  1.182188933593295e-01,  8.389157612975284e-02,  2.402928055154607e-02, -1.742227660205277e-01, -6.466679000871886e-02,  1.595803400504947e-01
  1.333333333333333e+00, -1.285920062487382e-02,  9.130713201638385e-02,  1.181598523815376e-01,  8.395541889832107e-02,  2.403411430501357e-02, -1.742335875419242e-01, -6.476512845796216e-02,  1.596032422714596e-01
  1.341666666666667e+00, -1.284642081081388e-02,  9.126970562814041e-02,  1.181085221024623e-01,  8.400290033202325e-02,  2.404539938707417e-02, -1.742438064115714e-01, -6.485210249206602e-02,  1.596134576193053e-01
  1.350000000000000e+00, -1.282992547148774e-02,  9.122752986471405e-02,  1.180653908271390e-01,  8.403364114836485e-02,  2.406078249769417e-02, -1.742532044868445e-01, -6.492732138309086e-02,  1.596114832422637e-01
  1.358333333333333e+00, -1.280850198092006e-02,  9.118346270128019e-02,  1.180303566182024e-01,  8.404815610177267e-02,  2.407826671517421e-02, -1.742614829193457e-01, -6.499108354318209e-02,  1.595982644028444e-01
  1.366666666666667e+00, -1.278083655027542e-02,  9.114003443017382e-02,  1.180027165187337e-01,  8.404765360971470e-02,  2.409603507927494e-02, -1.742683268376244e-01, -6.504408102476761e-02,  1.595748833426716e-01
  1.375000000000000e+00, -1.274582295415805e-02,  9.109936659017359e-02,  1.179812509796497e-01,  8.403371593529671e-02,  2.411239462001413e-02, -1.742734752502297e-01, -6.508714334141841e-02,  1.595425007213718e-01
  1.383333333333333e+00, -1.270010301545684e-02,  9.106323795932925e-02,  1.179640594594177e-01,  8.400878639079584e-02,  2.412611670340170e-02, -1.742768762499174e-01, -6.512143860432666e-02,  1.595023059351355e-01
  1.391666666666667e+00, -1.264833064723826e-02,  9.103308126322007e-02,  1.179488863551398e-01,  8.397272991266566e-02,  2.413593433424333e-02, -1.742786238181307e-01, -6.514694079536862e-02,  1.594569747858928e-01
  1.400000000000000e+00, -1.258840020536117e-02,  9.101005279022911e-02,  1.179330613124142e-01,  8.392774729273826e-02,  2.414160790532383e-02, -1.742788997704650e-01, -6.516475933145678e-02,  1.594082361409010e-01
  1.408333333333333e+00, -1.252057563008995e-02,  9.099501741692451e-02,  1.179141184925068e-01,  8.387542698959150e-02,  2.414346984862514e-02, -1.742778732653747e-01, -6.517593462120780e-02,  1.593578821669978e-01
  1.416666666666667e+00, -1.244538741873534e-02,  9.098852018031023e-02,  1.178903607553921e-01,  8.381756675228834e-02,  2.414254706135566e-02, -1.742755165451314e-01, -6.518182406199428e-02,  1.593068298348665e-01
  1.425000000000000e+00, -1.236362466623562e-02,  9.099081012911481e-02,  1.178609794621545e-01,  8.375607199388074e-02,  2.414034637523677e-02, -1.742716155295908e-01, -6.518393360616501e-02,  1.592551410315248e-01
  1.433333333333333e+00, -1.227628186928405e-02,  9.100189547972559e-02,  1.178258002813361e-01,  8.369280512671962e-02,  2.413838632144705e-02, -1.742659492421437e-01, -6.518381287924120e-02,  1.592026849867325e-01
  1.441666666666667e+00, -1.218443701369080e-02,  9.102160784753766e-02,  1.177849794423974e-01,  8.362949626808552e-02,  2.413782235881801e-02, -1.742584902483415e-01, -6.518302798826409e-02,  1.591497456858055e-01
  1.450000000000000e+00, -1.208918714617254e-02,  9.104964244399105e-02,  1.177387950187698e-01,  8.356766244314044e-02,  2.413937818616052e-02, -1.742494874572366e-01, -6.518299639987200e-02,  1.590970356615229e-01
  1.458333333333333e+00, -1.199167731744176e-02,  9.108553448814738e-02,  1.176874492226272e-01,  8.350850746195508e-02,  2.414347408580131e-02, -1.742394002760551e-01, -6.518477953891996e-02,  1.590454391297635e-01
  1.466666666666667e+00, -1.189312995536288e-02,  9.112858259171852e-02,  1.176309280203339e-01,  8.345287395381053e-02,  2.415041516542038e-02, -1.742287337266142e-01, -6.518900007319402e-02,  1.589957354049564e-01
  1.475000000000000e+00, -1.179484568845457e-02,  9.117782478354153e-02,  1.175689954771849e-01,  8.340124682789386e-02,  2.416061537178904e-02, -1.742179095112772e-01, -6.519581693734483e-02,  1.589482330530876e-01
  1.483333333333333e+00, -1.169820976468182e-02,  9.123212884755194e-02,  1.175012664054085e-01,  8.335376125317144e-02,  2.417476056742962e-02, -1.742072716661237e-01, -6.520488821959253e-02,  1.589025494189760e-01
  1.491666666666667e+00, -1.160463901021833e-02,  9.129031543333910e-02,  1.174273263316816e-01,  8.331027912799761e-02,  2.419370219780226e-02, -1.741971427006908e-01, -6.521539230834884e-02,  1.588578045035914e-01
  1.500000000000000e+00, -1.151543491368483e-02,  9.135124723315990e-02,  1.173468767400989e-01,  8.327055487203720e-02,  2.421804552074036e-02, -1.741878577748302e-01, -6.522621226657645e-02,  1.588130891907745e-01
  1.508333333333333e+00, -1.143174644571603e-02,  9.141392235490664e-02,  1.172598529782308e-01,  8.323434376587277e-02,  2.424774068938929e-02, -1.741798537858653e-01, -6.523629698116294e-02,  1.587678335144911e-01
  1.516666666666667e+00, -1.135483169064755e-02,  9.147756509804927e-02,  1.171664756139297e-01,  8.320135750148204e-02,  2.428197304098023e-02, -1.741738031590052e-01, -6.524514835259569e-02,  1.587219404936056e-01
  1.525000000000000e+00, -1.128635566371205e-02,  9.154160229365238e-02,  1.170672730816891e-01,  8.317120646053179e-02,  2.431923539119851e-02, -1.741706282103601e-01, -6.525324861123233e-02,  1.586758737144478e-01
  1.533333333333333e+00, -1.122818443351166e-02,  9.160541853330528e-02,  1.169632310339909e-01,  8.314353770013394e-02,  2.435742313594313e-02, -1.741712354614632e-01, -6.526204405215989e-02,  1.586306499679830e-01
  1.541666666666667e+00, -1.118166396696973e-02,  9.166796722110937e-02,  1.168560958601095e-01,  8.311832644384963e-02,  2.439408806445709e-02, -1.741760052286920e-01, -6.527341637920500e-02,  1.585874069233841e-01
  1.550000000000000e+00, -1.114871606306260e-02,  9.172750334756707e-02,  1.167488986841186e-01,  8.309550407468398e-02,  2.442694489763420e-02, -1.741842985950856e-01, -6.528881994876856e-02,  1.585463490686298e-01
  1.558333333333333e+00, -1.112512437479812e-02,  9.178207434020536e-02,  1.166446102485766e-01,  8.307698685566432e-02,  2.445375639572367e-02, -1.741950929684251e-01, -6.531005180588767e-02,  1.585077511611923e-01
  1.566666666666667e+00, -1.111166225617319e-02,  9.182950699204540e-02,  1.165474870239676e-01,  8.306302112912693e-02,  2.447300845603584e-02, -1.742066687737679e-01, -6.533762591766075e-02,  1.584700130910790e-01
  1.575000000000000e+00, -1.110731728790639e-02,  9.186819290505133e-02,  1.164608467609408e-01,  8.305393485743807e-02,  2.448355227944732e-02, -1.742178292415328e-01, -6.537200151657893e-02,  1.584319781712778e-01
  1.583333333333333e+00, -1.111144833505536e-02,  9.189730050170408e-02,  1.163869894273480e-01,  8.304937084557192e-02,  2.448459780420342e-02, -1.742280366096449e-01, -6.541337522215496e-02,  1.583928972623381e-01
  1.591666666666667e+00, -1.112401552861127e-02,  9.191682364753762e-02,  1.163273699716215e-01,  8.304835270719664e-02,  2.447547030908437e-02, -1.742372580676306e-01, -6.546159614203294e-02,  1.583523683985238e-01
  1.600000000000000e+00, -1.114536182499238e-02,  9.192740574050351e-02,  1.162827650507971e-01,  8.304951221825013e-02,  2.445548205556602e-02, -1.742456764335041e-01, -6.551604928097157e-02,  1.583102330216236e-01
  1.608333333333333e+00, -1.117583204984826e-02,  9.193011278826191e-02,  1.162530497822711e-01,  8.305120741278528e-02,  2.442421213753265e-02, -1.742536124726382e-01, -6.557557167420222e-02,  1.582665808061823e-01
  1.616666666666667e+00, -1.121550706228100e-02,  9.192626130973380e-02,  1.162369181280309e-01,  8.305158338656175e-02,  2.438191859054850e-02, -1.742616249801089e-01, -6.563853397598465e-02,  1.582218114019947e-01
  1.625000000000000e+00, -1.126407490375995e-02,  9.191722101578637e-02,  1.162320969788561e-01,  8.304877485002779e-02,  2.432943650927810e-02, -1.742704340923941e-01, -6.570301640315269e-02,  1.581765363754950e-01
  1.633333333333334e+00, -1.132076323335820e-02,  9.190422085941208e-02,  1.162359235150158e-01,  8.304119687117094e-02,  2.426767564618570e-02, -1.742806292071355e-01, -6.576693091817634e-02,  1.581312250664151e-01
  1.641666666666667e+00, -1.138434198528575e-02,  9.188832531874369e-02,  1.162456683282626e-01,  8.302768107338614e-02,  2.419755006999846e-02, -1.742925103452637e-01, -6.582821344597420e-02,  1.580859042476105e-01
  1.650000000000000e+00, -1.145452703869867e-02,  9.187025155794348e-02,  1.162593221319955e-01,  8.300765809194027e-02,  2.412037774059761e-02, -1.743054974248375e-01, -6.588507500344236e-02,  1.580379414754059e-01
  1.658333333333333e+00, -1.152663360885601e-02,  9.185169631433809e-02,  1.162726384679393e-01,  8.298021303112331e-02,  2.403807103743905e-02, -1.743210631752642e-01, -6.593623426089684e-02,  1.579913685571569e-01
  1.666666666666667e+00, -1.159914138094900e-02,  9.183336261164543e-02,  1.162842517706505e-01,  8.294576610593683e-02,  2.395280761523644e-02, -1.743385320457355e-01, -6.598094502839219e-02,  1.579435568694295e-01
  1.675000000000000e+00, -1.166727640876151e-02,  9.181631197590900e-02,  1.162923845618405e-01,  8.290507815092142e-02,  2.386693050813671e-02, -1.743583103735949e-01, -6.601912117094570e-02,  1.578960498822785e-01
  1.683333333333333e+00, -1.172909987912345e-02,  9.180044796863496e-02,  1.162976571338616e-01,  8.286004802654602e-02,  2.378332334343369e-02, -1.743787604196391e-01, -6.605096795814548e-02,  1.578445206506626e-01
  1.691666666666667e+00, -1.177855438356143e-02,  9.178612447913315e-02,  1.162996987429788e-01,  8.281278902970172e-02,  2.370490752622278e-02, -1.743996429758372e-01, -6.607737424374402e-02,  1.577905424773222e-01
  1.700000000000000e+00, -1.181106353764853e-02,  9.177300553990841e-02,  1.162987025922115e-01,  8.276574229400428e-02,  2.363479906707067e-02, -1.744199597047233e-01, -6.609939469487991e-02,  1.577340675360733e-01
  1.708333333333333e+00, -1.182336358090234e-02,  9.176029965606625e-02,  1.162946943677436e-01,  8.272098121206645e-02,  2.357605470613944e-02, -1.744386503474507e-01, -6.611822136065018e-02,  1.576751280540402e-01
  1.716666666666667e+00, -1.181407461269374e-02,  9.174680642553024e-02,  1.162875170680811e-01,  8.267978928991114e-02,  2.353135736844236e-02, -1.744546979897118e-01, -6.613512742110446e-02,  1.576137923992450e-01
  1.725000000000000e+00, -1.178172821465600e-02,  9.173097212488512e-02,  1.162769438015271e-01,  8.264335934745752e-02,  2.350285173818545e-02, -1.744670066582023e-01, -6.615145647381752e-02,  1.575489441414124e-01
  1.733333333333333e+00, -1.173224283246174e-02,  9.171165054795205e-02,  1.162624461041011e-01,  8.260970827070806e-02,  2.349034005120831e-02, -1.744756133242337e-01, -6.616734368353286e-02,  1.574841193640674e-01
  1.741666666666667e+00, -1.166773109916931e-02,  9.168786407953533e-02,  1.162434940376782e-01,  8.257844567120547e-02,  2.349349086293429e-02, -1.744803189205349e-01, -6.618306492671820e-02,  1.574195733379889e-01
  1.750000000000000e+00, -1.159219028274122e-02,  9.165947094071436e-02,  1.162194072358421e-01,  8.254823939367530e-02,  2.351084506244083e-02, -1.744817333897817e-01, -6.619866010191686e-02,  1.573579625696947e-01
  1.758333333333334e+00, -1.150988919684904e-02,  9.162691528798739e-02,  1.161895460707525e-01,  8.251762297618563e-02,  2.354020816107893e-02, -1.744808229615379e-01, -6.621434726326925e-02,  1.573030855610104e-01
  1.766666666666667e+00, -1.142517009909861e-02,  9.159093761367254e-02,  1.161535713615628e-01,  8.248521134379566e-02,  2.357826182369283e-02, -1.744785718652513e-01, -6.623055129317598e-02,  1.572600051248584e-01
  1.775000000000000e+00, -1.134228159313980e-02,  9.155242671859765e-02,  1.161117669050778e-01,  8.244990456248213e-02,  2.362011171584100e-02, -1.744756672883075e-01, -6.624785085368351e-02,  1.572349063412371e-01
  1.783333333333333e+00, -1.126520429219722e-02,  9.151250746713524e-02,  1.160653342781718e-01,  8.241107762804017e-02,  2.365977835024857e-02, -1.744724156395799e-01, -6.626687881501350e-02,  1.572334845178648e-01
  1.791666666666667e+00, -1.119735867046343e-02,  9.147257336862613e-02,  1.160166948529204e-01,  8.236884651314665e-02,  2.369201836415602e-02, -1.744687924049647e-01, -6.628813261239935e-02,  1.572575429122310e-01
  1.800000000000000e+00, -1.114123132850572e-02,  9.143412380741012e-02,  1.159694377167292e-01,  8.232422359863988e-02,  2.371380443348170e-02, -1.744645358339539e-01, -6.631185921371271e-02,  1.573030123064788e-01
  1.808333333333333e+00, -1.109813752798287e-02,  9.139858659849542e-02,  1.159276438950214e-01,  8.227889182301042e-02,  2.372384344184741e-02, -1.744593196772263e-01, -6.633816872463660e-02,  1.573620448878811e-01
  1.816666666666667e+00, -1.107032738218710e-02,  9.136708022519113e-02,  1.158957598362182e-01,  8.223442347606684e-02,  2.372099908556113e-02, -1.744524933094402e-01, -6.636694981702999e-02,  1.574254423617928e-01
  1.825000000000000e+00, -1.105207580791049e-02,  9.134094653426073e-02,  1.158756461261329e-01,  8.219342587854218e-02,  2.370468405885284e-02, -1.744447970602951e-01, -6.639877712948562e-02,  1.574886429431749e-01
  1.833333333333333e+00, -1.104367046954035e-02,  9.132072418049542e-02,  1.158706545669886e-01,  8.215716577970916e-02,  2.367344057682153e-02, -1.744355298549798e-01, -6.643337978463786e-02,  1.575451479241619e-01
  1.841666666666667e+00, -1.104239009125743e-02,  9.130670526371976e-02,  1.158829037579859e-01,  8.212698641623839e-02,  2.362624380739442e-02, -1.744241485660714e-01, -6.647054136811191e-02,  1.575907392420053e-01
  1.850000000000000e+00, -1.104505467978284e-02,  9.129884708564839e-02,  1.159136841223478e-01,  8.210383708941393e-02,  2.356265533943636e-02, -1.744099915884818e-01, -6.650991847501428e-02,  1.576227709220578e-01
  1.858333333333333e+00, -1.104849989311191e-02,  9.129683458681059e-02,  1.159633376286286e-01,  8.208818293753267e-02,  2.348317066402417e-02, -1.743924548658108e-01, -6.655107433656328e-02,  1.576402630943645e-01
  1.866666666666667e+00, -1.105000047369963e-02,  9.130015749433640e-02,  1.160312698957852e-01,  8.207997545743902e-02,  2.338923705210783e-02, -1.743711900373026e-01, -6.659351884051951e-02,  1.576437345266421e-01
  1.875000000000000e+00, -1.104777416915716e-02,  9.130822690531115e-02,  1.161161480621853e-01,  8.207865946120263e-02,  2.328291530711590e-02, -1.743462516074349e-01, -6.663673172213942e-02,  1.576347870072505e-01
  1.883333333333333e+00, -1.104128908604100e-02,  9.132038499064787e-02,  1.162161698601274e-01,  8.208320724422175e-02,  2.316656246851978e-02, -1.743179821483117e-01, -6.668015562713196e-02,  1.576156106639253e-01
  1.891666666666667e+00, -1.103108848880848e-02,  9.133569205899916e-02,  1.163291006940376e-01,  8.209215329622317e-02,  2.304287051838960e-02, -1.742866765561290e-01, -6.672319537577093e-02,  1.575887064861422e-01
  1.900000000000000e+00, -1.101834480373192e-02,  9.135281470999579e-02,  1.164520411417122e-01,  8.210365296728896e-02,  2.291510831898380e-02, -1.742525138847390e-01, -6.676523322799253e-02,  1.575569208309147e-01
  1.908333333333333e+00, -1.100450773511996e-02,  9.137029367423599e-02,  1.165813120300638e-01,  8.211569077639019e-02,  2.278710196450273e-02, -1.742158987442388e-01, -6.680565577134853e-02,  1.575234893007689e-01
  1.916666666666667e+00, -1.099106992363752e-02,  9.138690789312109e-02,  1.167126763817603e-01,  8.212647418923241e-02,  2.266284818486364e-02, -1.741777014380239e-01, -6.684395160787655e-02,  1.574918525060552e-01
  1.925000000000000e+00, -1.097943844713338e-02,  9.140183219368647e-02,  1.168416628045998e-01,  8.213467720919891e-02,  2.254625697073331e-02, -1.741391364730686e-01, -6.687976668136014e-02,  1.574650963273184e-01
  1.933333333333333e+00, -1.097100224229965e-02,  9.141467709920681e-02,  1.169637478420789e-01,  8.213924869315561e-02,  2.244126540879599e-02, -1.741016114142616e-01, -6.691275026499621e-02,  1.574451979036376e-01
  1.941666666666667e+00, -1.096720208385282e-02,  9.142554855497576e-02,  1.170744262811980e-01,  8.213913810258218e-02,  2.235187606718725e-02, -1.740667892631804e-01, -6.694239204310140e-02,  1.574328037267472e-01
  1.950000000000000e+00, -1.096930398120304e-02,  9.143504416496140e-02,  1.171693757575516e-01,  8.213344208254195e-02,  2.228176208344435e-02, -1.740366384563677e-01, -6.696813975849712e-02,  1.574277395390531e-01
  1.958333333333333e+00, -1.097798318458552e-02,  9.144401285971826e-02,  1.172449255427115e-01,  8.212188328384518e-02,  2.223358593611313e-02, -1.740131203240949e-01, -6.698971803058444e-02,  1.574295228938754e-01
  1.966666666666667e+00, -1.099306686754260e-02,  9.145315340229399e-02,  1.172986572598291e-01,  8.210512795235252e-02,  2.220839623885706e-02, -1.739976337356349e-01, -6.700733292570100e-02,  1.574375160677124e-01
  1.975000000000000e+00, -1.101355508276894e-02,  9.146277866191421e-02,  1.173297082186803e-01,  8.208467431166856e-02,  2.220532718514923e-02, -1.739907254826797e-01, -6.702160487913027e-02,  1.574511638975893e-01
  1.983333333333333e+00, -1.103781642577668e-02,  9.147289054351160e-02,  1.173385528674291e-01,  8.206238434157699e-02,  2.222182024610353e-02, -1.739923160615521e-01, -6.703331859357212e-02,  1.574704140649623e-01
  1.991666666666667e+00, -1.106382514030529e-02,  9.148339400595495e-02,  1.173262831739700e-01,  8.203987806248383e-02,  2.225460696020232e-02, -1.740022072748576e-01, -6.704311813180654e-02,  1.574957943455286e-01
  2.000000000000000e+00, -1.108932282399849e-02,  9.149420570945654e-02,  1.172939730888714e-01,  8.201816452314847e-02,  2.230080606139828e-02, -1.740203079925240e-01, -6.705129702575091e-02,  1.575280026216606e-01
  2.008333333333333e+00, -1.111191657141233e-02,  9.150519862400630e-02,  1.172428835347568e-01,  8.199771723329093e-02,  2.235799196033983e-02, -1.740463220272246e-01, -6.705784058985320e-02,  1.575675931086176e-01
  2.016666666666667e+00, -1.112925990809999e-02,  9.151614899732463e-02,  1.171751335227473e-01,  8.197870030796721e-02,  2.242328476884081e-02, -1.740794041523635e-01, -6.706267032616252e-02,  1.576153865299990e-01
  2.025000000000000e+00, -1.113932862626486e-02,  9.152674352628209e-02,  1.170938510726069e-01,  8.196105648820635e-02,  2.249257817166206e-02, -1.741181584694407e-01, -6.706585700117847e-02,  1.576732197250876e-01
  2.033333333333334e+00, -1.114059539675962e-02,  9.153652448592320e-02,  1.170027532495826e-01,  8.194457581105816e-02,  2.256099837935821e-02, -1.741607526948600e-01, -6.706757171347646e-02,  1.577433091728772e-01
  2.041666666666667e+00, -1.113199254471186e-02,  9.154484195468515e-02,  1.169057279553052e-01,  8.192907099299025e-02,  2.262469654610766e-02, -1.742051154474746e-01, -6.706775710033160e-02,  1.578256094654365e-01
  2.050000000000000e+00, -1.111286523344784e-02,  9.155098372699544e-02,  1.168065091451664e-01,  8.191446252498509e-02,  2.268216917576193e-02, -1.742493397585938e-01, -6.706588253480815e-02,  1.579161004350097e-01
  2.058333333333334e+00, -1.108314306264140e-02,  9.155431344945097e-02,  1.167083225645712e-01,  8.190058506873811e-02,  2.273349196811880e-02, -1.742919729394630e-01, -6.706107514410801e-02,  1.580085116458890e-01
  2.066666666666667e+00, -1.104354638445936e-02,  9.155417853520631e-02,  1.166136967064912e-01,  8.188691468225626e-02,  2.277862285242938e-02, -1.743318874850115e-01, -6.705240201517497e-02,  1.580972779256035e-01
  2.075000000000000e+00, -1.099553776348717e-02,  9.154980612023178e-02,  1.165245175925151e-01,  8.187250013579213e-02,  2.281650365567600e-02, -1.743680225237394e-01, -6.703903293048298e-02,  1.581788799631383e-01
  2.083333333333333e+00, -1.094110306042470e-02,  9.154048727545683e-02,  1.164420927893023e-01,  8.185606573569802e-02,  2.284496789395196e-02, -1.743994039043041e-01, -6.702030216342696e-02,  1.582518918473513e-01
  2.091666666666667e+00, -1.088022352458411e-02,  9.152609387785593e-02,  1.163660870008432e-01,  8.183639870739663e-02,  2.286117875301552e-02, -1.744260351232097e-01, -6.699593654491956e-02,  1.583187920855117e-01
  2.100000000000000e+00, -1.081974253379991e-02,  9.150633165154765e-02,  1.162985854218475e-01,  8.181148135101589e-02,  2.286119094100236e-02, -1.744464834954985e-01, -6.696531269728688e-02,  1.583784452836298e-01
  2.108333333333333e+00, -1.075964461379228e-02,  9.148179823935809e-02,  1.162380415510285e-01,  8.178015202327095e-02,  2.284145979035590e-02, -1.744617461486981e-01, -6.692872388091420e-02,  1.584374665194567e-01
  2.116666666666667e+00, -1.070139657157648e-02,  9.145288349689817e-02,  1.161834242065143e-01,  8.174151000666634e-02,  2.279902712028248e-02, -1.744724295645173e-01, -6.688656570303378e-02,  1.585008014975126e-01
  2.125000000000000e+00, -1.064588034131997e-02,  9.141981142771693e-02,  1.161338084528114e-01,  8.169541130181626e-02,  2.273301614183576e-02, -1.744790746674832e-01, -6.683926163243305e-02,  1.585703976486813e-01
  2.133333333333334e+00, -1.059342678887831e-02,  9.138256144202828e-02,  1.160889896236493e-01,  8.164268099212450e-02,  2.264521640661599e-02, -1.744818713856027e-01, -6.678712004837664e-02,  1.586433290069320e-01
  2.141666666666667e+00, -1.054394071024092e-02,  9.134092923142378e-02,  1.160494249661208e-01,  8.158494831345468e-02,  2.253904272030982e-02, -1.744805692588144e-01, -6.673048123292327e-02,  1.587137237063479e-01
  2.150000000000000e+00, -1.049704568171705e-02,  9.129474430954776e-02,  1.160156383195510e-01,  8.152420934552833e-02,  2.241818142486918e-02, -1.744746338728922e-01, -6.666992567630695e-02,  1.587758913587384e-01
  2.158333333333333e+00, -1.045223047342984e-02,  9.124413012495203e-02,  1.159878099493420e-01,  8.146244122985789e-02,  2.228611292942184e-02, -1.744634929821551e-01, -6.660631447716688e-02,  1.588255807685045e-01
  2.166666666666667e+00, -1.040897720378296e-02,  9.118965579516680e-02,  1.159657626818915e-01,  8.140137652729956e-02,  2.214608934736373e-02, -1.744467378074793e-01, -6.654068704586297e-02,  1.588599494210787e-01
  2.175000000000000e+00, -1.036683284964362e-02,  9.113224193604674e-02,  1.159491490002244e-01,  8.134241955433456e-02,  2.200106227026133e-02, -1.744242137297753e-01, -6.647411726777033e-02,  1.588774634405301e-01
  2.183333333333334e+00, -1.032547159314653e-02,  9.107289012973308e-02,  1.159376101398572e-01,  8.128667228356229e-02,  2.185364249966693e-02, -1.743959667165652e-01, -6.640762101275476e-02,  1.588776962672289e-01
  2.191666666666667e+00, -1.028487256662611e-02,  9.101251595132309e-02,  1.159307720082778e-01,  8.123495137619464e-02,  2.170615932993125e-02, -1.743621139728418e-01, -6.634213016674979e-02,  1.588608384784169e-01
  2.200000000000000e+00, -1.024561044598374e-02,  9.095197242420983e-02,  1.159281542649662e-01,  8.118769702600537e-02,  2.156069703397523e-02, -1.743227980451729e-01, -6.627844913538584e-02,  1.588271843919987e-01
  2.208333333333333e+00, -1.020904244632048e-02,  9.089209738849968e-02,  1.159291817085796e-01,  8.114486919784615e-02,  2.141901021772141e-02, -1.742782611591377e-01, -6.621715586252302e-02,  1.587769169514142e-01
  2.216666666666667e+00, -1.017830272617856e-02,  9.083400797348129e-02,  1.159334415162326e-01,  8.110533750641731e-02,  2.128164807396904e-02, -1.742293964644447e-01, -6.615848026292818e-02,  1.587125010164539e-01
  2.225000000000000e+00, -1.015303189059403e-02,  9.077809392796166e-02,  1.159404318502579e-01,  8.106956050646985e-02,  2.115094310071486e-02, -1.741759251116889e-01, -6.610227064071220e-02,  1.586295125515892e-01
  2.233333333333333e+00, -1.013591072554341e-02,  9.072527979472422e-02,  1.159510691273899e-01,  8.103615247502349e-02,  2.102663491554213e-02, -1.741185758342510e-01, -6.604780430171345e-02,  1.585289980218018e-01
  2.241666666666667e+00, -1.012731927495027e-02,  9.067591982505041e-02,  1.159667959703621e-01,  8.100438920312533e-02,  2.090910576037963e-02, -1.740573978327082e-01, -6.599388927055133e-02,  1.584089756898517e-01
  2.250000000000000e+00, -1.012672806037372e-02,  9.063011977581570e-02,  1.159895200435558e-01,  8.097368983323967e-02,  2.079867823254755e-02, -1.739921326986276e-01, -6.593920017791899e-02,  1.582663994391878e-01
  2.258333333333333e+00, -1.013325469257269e-02,  9.058804033821422e-02,  1.160208767823514e-01,  8.094346213217073e-02,  2.069573954359849e-02, -1.739225228973740e-01, -6.588253232959200e-02,  1.580979851053093e-01
  2.266666666666667e+00, -1.014590788047307e-02,  9.055009253417845e-02,  1.160616067171602e-01,  8.091300378330671e-02,  2.060110055119724e-02, -1.738485927712782e-01, -6.582274777018003e-02,  1.579010527491698e-01
  2.275000000000000e+00, -1.016360359102082e-02,  9.051696717782187e-02,  1.161112433032625e-01,  8.088146916771864e-02,  2.051632083079924e-02, -1.737708520019610e-01, -6.575862370346237e-02,  1.576742010503848e-01
  2.283333333333334e+00, -1.018516367930701e-02,  9.048959509344301e-02,  1.161680238147326e-01,  8.084789936603212e-02,  2.044375918714647e-02, -1.736904402654321e-01, -6.568886709009809e-02,  1.574178214505265e-01
  2.291666666666667e+00, -1.020936610221995e-02,  9.046915583142501e-02,  1.162287773696861e-01,  8.081128495277731e-02,  2.038647464994869e-02, -1.736092119902247e-01, -6.561225982892649e-02,  1.571344744978522e-01
  2.300000000000000e+00, -1.023503577601244e-02,  9.045708388424112e-02,  1.162888801036211e-01,  8.077060445910243e-02,  2.034797154337098e-02, -1.735296409797003e-01, -6.552781367128346e-02,  1.568291296095769e-01
  2.308333333333333e+00, -1.026112409371152e-02,  9.045487802539331e-02,  1.163426602029534e-01,  8.072482242458719e-02,  2.033141764767854e-02, -1.734544156553351e-01, -6.543495121577468e-02,  1.565094259248526e-01
  2.316666666666667e+00, -1.028675086063234e-02,  9.046375074817692e-02,  1.163842070397498e-01,  8.067288119192116e-02,  2.033820385595542e-02, -1.733859201965012e-01, -6.533384244657361e-02,  1.561861722104231e-01
  2.325000000000000e+00, -1.031126125608895e-02,  9.048441009369035e-02,  1.164081188982068e-01,  8.061373562595162e-02,  2.036645621656019e-02, -1.733259242734711e-01, -6.522580903082578e-02,  1.558739428596987e-01
  2.333333333333333e+00, -1.033429229028703e-02,  9.051710425570847e-02,  1.164100535813929e-01,  8.054651190215031e-02,  2.041076727269342e-02, -1.732755063145220e-01, -6.511335125774127e-02,  1.555903827236573e-01
  2.341666666666667e+00, -1.035574873110673e-02,  9.056178180177321e-02,  1.163872660375294e-01,  8.047089143578112e-02,  2.046407958831309e-02, -1.732350876255247e-01, -6.499961050679945e-02,  1.553523190507126e-01
  2.350000000000000e+00, -1.037565255642878e-02,  9.061818745485284e-02,  1.163390524873379e-01,  8.038762575210530e-02,  2.052060195460004e-02, -1.732045100309858e-01, -6.488773997811820e-02,  1.551701094537031e-01
  2.358333333333333e+00, -1.039396108235724e-02,  9.068586447245575e-02,  1.162666987709885e-01,  8.029878677072871e-02,  2.057707557634303e-02, -1.731831269082324e-01, -6.478065783488458e-02,  1.550454404052106e-01
  2.366666666666667e+00, -1.041046076132673e-02,  9.076418673417330e-02,  1.161727799256993e-01,  8.020749564104640e-02,  2.063117261034519e-02, -1.731699603738936e-01, -6.468119232476383e-02,  1.549753575610428e-01
  2.375000000000000e+00, -1.042470067156553e-02,  9.085244234265688e-02,  1.160605227371656e-01,  8.011746521962343e-02,  2.067905023471162e-02, -1.731638594076487e-01, -6.459231228258412e-02,  1.549579278336086e-01
  2.383333333333334e+00, -1.043593988857170e-02,  9.094980714145806e-02,  1.159339942773863e-01,  8.003278293126218e-02,  2.071538906642800e-02, -1.731634934619934e-01, -6.451691892278041e-02,  1.549924178716565e-01
  2.391666666666667e+00, -1.044330410867573e-02,  9.105523515109359e-02,  1.157984566857943e-01,  7.995767441550906e-02,  2.073596167186342e-02, -1.731673676374718e-01, -6.445711098234415e-02,  1.550748262424491e-01
  2.400000000000000e+00, -1.044620642033406e-02,  9.116746842566692e-02,  1.156598535289913e-01,  7.989588759289455e-02,  2.073950596662888e-02, -1.731741022746923e-01, -6.441359157010156e-02,  1.551956637200728e-01
  2.408333333333333e+00, -1.044465052530959e-02,  9.128514242363917e-02,  1.155238501392113e-01,  7.985010088575126e-02,  2.072767868441128e-02, -1.731827417573684e-01, -6.438563245173211e-02,  1.553414210024294e-01
  2.416666666666667e+00, -1.043914934290273e-02,  9.140682710519332e-02,  1.153952084878117e-01,  7.982176441165137e-02,  2.070412539517119e-02, -1.731928251698159e-01, -6.437138651273212e-02,  1.554970178907278e-01
  2.425000000000000e+00, -1.043049176298198e-02,  9.153097744326399e-02,  1.152772962788310e-01,  7.981112839046994e-02,  2.067317871077079e-02, -1.732043256917327e-01, -6.436829543895640e-02,  1.556487105671829e-01
  2.433333333333334e+00, -1.041959897324807e-02,  9.165581790071742e-02,  1.151716645626950e-01,  7.981732459134255e-02,  2.063872950687906e-02, -1.732175010002178e-01, -6.437345793661503e-02,  1.557864849164516e-01
  2.441666666666666e+00, -1.040741078477020e-02,  9.177916471733427e-02,  1.150782198208894e-01,  7.983870129672464e-02,  2.060374958057642e-02, -1.732325143301088e-01, -6.438392149886232e-02,  1.559043152218176e-01
  2.450000000000000e+00, -1.039474046966041e-02,  9.189829671439598e-02,  1.149958201645537e-01,  7.987326793823932e-02,  2.057031369901030e-02, -1.732490622912965e-01, -6.439688201996782e-02,  1.559990629252469e-01
  2.458333333333333e+00, -1.038215628694327e-02,  9.201002920626977e-02,  1.149225630532217e-01,  7.991887765551960e-02,  2.053992276144023e-02, -1.732664141267561e-01, -6.440972059788731e-02,  1.560696039979017e-01
  2.466666666666667e+00, -1.036993550561764e-02,  9.211100702913666e-02,  1.148557610922637e-01,  7.997316469957692e-02,  2.051381011450792e-02, -1.732837459642097e-01, -6.441993290758338e-02,  1.561164624859541e-01
  2.475000000000000e+00, -1.035813428739006e-02,  9.219811672238487e-02,  1.147920167369150e-01,  8.003347732267228e-02,  2.049299000277482e-02, -1.733004296055186e-01, -6.442510918774062e-02,  1.561415200311672e-01
  2.483333333333333e+00, -1.034677643259291e-02,  9.226885545820340e-02,  1.147274531535980e-01,  8.009685642541997e-02,  2.047812974085272e-02, -1.733161706966366e-01, -6.442301757506061e-02,  1.561477397489647e-01
  2.491666666666667e+00, -1.033606507756624e-02,  9.232152910282831e-02,  1.146581639885436e-01,  8.016003530459680e-02,  2.046929272826103e-02, -1.733309832400488e-01, -6.441172736894220e-02,  1.561389522814848e-01
  2.500000000000000e+00, -1.032654744623141e-02,  9.235529726158087e-02,  1.145809597385153e-01,  8.021947289928896e-02,  2.046564135593876e-02, -1.733450354692049e-01, -6.438960351944339e-02,  1.561192749038355e-01
  2.508333333333333e+00, -1.031920603709559e-02,  9.237012923830745e-02,  1.144940248694414e-01,  8.027138650258656e-02,  2.046542860646738e-02, -1.733584984391890e-01, -6.435507695956806e-02,  1.560920107893578e-01
  2.516666666666667e+00, -1.031675775483411e-02,  9.236646126619164e-02,  1.143973174427563e-01,  8.031178139501570e-02,  2.046600415513411e-02, -1.733710950543112e-01, -6.430635715893641e-02,  1.560583693694391e-01
  2.525000000000000e+00, -1.031809121694745e-02,  9.234570542374354e-02,  1.142913259624612e-01,  8.033680424085970e-02,  2.046447369954363e-02, -1.733833678925704e-01, -6.424214655273928e-02,  1.560220051400596e-01
  2.533333333333334e+00, -1.032591240195628e-02,  9.230866507465540e-02,  1.141787018454513e-01,  8.034304519299906e-02,  2.045591086247245e-02, -1.733943244446317e-01, -6.416130745717784e-02,  1.559855472412373e-01
  2.541666666666667e+00, -1.034150007618647e-02,  9.225593132390286e-02,  1.140628950073611e-01,  8.032781392318385e-02,  2.043508135569438e-02, -1.734026649115947e-01, -6.406319600110602e-02,  1.559530385657820e-01
  2.550000000000000e+00, -1.036581515094260e-02,  9.218763106130479e-02,  1.139484249168372e-01,  8.028949186714024e-02,  2.039833511204137e-02, -1.734064452978366e-01, -6.394742326892770e-02,  1.559257756256251e-01
  2.558333333333333e+00, -1.039945953276158e-02,  9.210369166753885e-02,  1.138404443901640e-01,  8.022769943893607e-02,  2.034509372629922e-02, -1.734033574855386e-01, -6.381385166924590e-02,  1.559002873408026e-01
  2.566666666666667e+00, -1.044275553349340e-02,  9.200423679046987e-02,  1.137437025432787e-01,  8.014318685857641e-02,  2.027720127997656e-02, -1.733911915081445e-01, -6.366289077976181e-02,  1.558703636842609e-01
  2.575000000000000e+00, -1.049584098577010e-02,  9.188988455719138e-02,  1.136615071088539e-01,  8.003767259797051e-02,  2.019751938396919e-02, -1.733682401100977e-01, -6.349583390786191e-02,  1.558302772810255e-01
  2.583333333333333e+00, -1.055859225983212e-02,  9.176187605607278e-02,  1.135952986767763e-01,  7.991383485558709e-02,  2.010927027109921e-02, -1.733335238998092e-01, -6.331494274548870e-02,  1.557761220163177e-01
  2.591666666666667e+00, -1.063049608192080e-02,  9.162207536189593e-02,  1.135447742919050e-01,  7.977532598741663e-02,  2.001584014611124e-02, -1.732868396606074e-01, -6.312327431440787e-02,  1.557057663307160e-01
  2.600000000000000e+00, -1.071064241496890e-02,  9.147294513551318e-02,  1.135081710028413e-01,  7.962663857538085e-02,  1.992062764108304e-02, -1.732287109584312e-01, -6.292441270225066e-02,  1.556185413568283e-01
  2.608333333333333e+00, -1.079779396904256e-02,  9.131753167989087e-02,  1.134826232490282e-01,  7.947283245077939e-02,  1.982686927646427e-02, -1.731603118779012e-01, -6.272219174558170e-02,  1.555149650417106e-01
  2.616666666666667e+00, -1.089050047300739e-02,  9.115940148397494e-02,  1.134647242601216e-01,  7.931918044829708e-02,  1.973724332700666e-02, -1.730833697777021e-01, -6.252040458598480e-02,  1.553966225777540e-01
  2.625000000000000e+00, -1.098727007718691e-02,  9.100248286156387e-02,  1.134511540121685e-01,  7.917076069633960e-02,  1.965338697926322e-02, -1.730000574887923e-01, -6.232254926737917e-02,  1.552661283423775e-01
  2.633333333333333e+00, -1.108667954901956e-02,  9.085079814573671e-02,  1.134390874801602e-01,  7.903203432131217e-02,  1.957570337514380e-02, -1.729129156209401e-01, -6.213170692484735e-02,  1.551270952333815e-01
  2.641666666666667e+00, -1.118733601054559e-02,  9.070814775237146e-02,  1.134263138582905e-01,  7.890644317071838e-02,  1.950344463294562e-02, -1.728247721154495e-01, -6.195055262495279e-02,  1.549842215284426e-01
  2.650000000000000e+00, -1.128780882800278e-02,  9.057784191647733e-02,  1.134112414077947e-01,  7.879610298810125e-02,  1.943484984952160e-02, -1.727384946027351e-01, -6.178135411838018e-02,  1.548434888169009e-01
  2.658333333333333e+00, -1.138668858566943e-02,  9.046251939824046e-02,  1.133929405769549e-01,  7.870172714377047e-02,  1.936738305399754e-02, -1.726565547368021e-01, -6.162586147613835e-02,  1.547121145649612e-01
  2.666666666666667e+00, -1.148272911599459e-02,  9.036406740037228e-02,  1.133712173984106e-01,  7.862287704538387e-02,  1.929858245763860e-02, -1.725806787431612e-01, -6.148514205982515e-02,  1.545971876796333e-01
  2.675000000000000e+00, -1.157490836338600e-02,  9.028363880042645e-02,  1.133466896469456e-01,  7.855847466413524e-02,  1.922772583589261e-02, -1.725117669043001e-01, -6.135943834288737e-02,  1.545025497940607e-01
  2.683333333333334e+00, -1.166239719560679e-02,  9.022172633402992e-02,  1.133207097100507e-01,  7.850726003032635e-02,  1.915682836711352e-02, -1.724500035922050e-01, -6.124817790744856e-02,  1.544267939000739e-01
  2.691666666666666e+00, -1.174450683195721e-02,  9.017823455499818e-02,  1.132949857375023e-01,  7.846792752768217e-02,  1.908958419333784e-02, -1.723950483591903e-01, -6.115020903034140e-02,  1.543651641581773e-01
  2.700000000000000e+00, -1.182057883443545e-02,  9.015251987244444e-02,  1.132711567861110e-01,  7.843908805196159e-02,  1.902956449072768e-02, -1.723462234195911e-01, -6.106410087710768e-02,  1.543129957168573e-01
  2.708333333333333e+00, -1.188983195521958e-02,  9.014342422655486e-02,  1.132505758940351e-01,  7.841931271999439e-02,  1.897947938045297e-02, -1.723026024959414e-01, -6.098837116932473e-02,  1.542671900088214e-01
  2.716666666666667e+00, -1.195133324565303e-02,  9.014936329263468e-02,  1.132342088260038e-01,  7.840726061626169e-02,  1.894130790799409e-02, -1.722630257292047e-01, -6.092165926038865e-02,  1.542258278281297e-01
  2.725000000000000e+00, -1.200421106339013e-02,  9.016853492547905e-02,  1.132225907910872e-01,  7.840176032647335e-02,  1.891637541225633e-02, -1.722262107685964e-01, -6.086284850324979e-02,  1.541875762874018e-01
  2.733333333333333e+00, -1.204792507639374e-02,  9.019928130538535e-02,  1.132159370233016e-01,  7.840183028534883e-02,  1.890512654015986e-02, -1.721910442650167e-01, -6.081114610012874e-02,  1.541516282016508e-01
  2.741666666666667e+00, -1.208026826510986e-02,  9.024060000234013e-02,  1.132141098426946e-01,  7.840727865876711e-02,  1.890704202025395e-02, -1.721571589022929e-01, -6.076645266660445e-02,  1.541183203895512e-01
  2.750000000000000e+00, -1.210512432918148e-02,  9.029215078178532e-02,  1.132176592794255e-01,  7.841662543505805e-02,  1.892005446956735e-02, -1.721242968922595e-01, -6.072803980389877e-02,  1.540872716769788e-01
  2.758333333333333e+00, -1.212005996460303e-02,  9.035455487127719e-02,  1.132259873265921e-01,  7.843017217895212e-02,  1.894180887481567e-02, -1.720936860548467e-01, -6.069621164288452e-02,  1.540602157819392e-01
  2.766666666666667e+00, -1.212480575444615e-02,  9.042870519550861e-02,  1.132379815878469e-01,  7.844757636898221e-02,  1.896953426386672e-02, -1.720669360719714e-01, -6.067074287437182e-02,  1.540387834015871e-01
  2.775000000000000e+00, -1.211963983245940e-02,  9.051555671669531e-02,  1.132517345058642e-01,  7.846819070112869e-02,  1.900054737919765e-02, -1.720460964350128e-01, -6.065118158282759e-02,  1.540249217545197e-01
  2.783333333333334e+00, -1.210526115228571e-02,  9.061587859944065e-02,  1.132645517329744e-01,  7.849118471636723e-02,  1.903272971996128e-02, -1.720334497123208e-01, -6.063703954914836e-02,  1.540207077532202e-01
  2.791666666666667e+00, -1.208254109889082e-02,  9.072993581691602e-02,  1.132731934219935e-01,  7.851582313860962e-02,  1.906490231820457e-02, -1.720311418254425e-01, -6.062796791871325e-02,  1.540278779849134e-01
  2.800000000000000e+00, -1.205235801408393e-02,  9.085725797697952e-02,  1.132745256984074e-01,  7.854177090608308e-02,  1.909680274313552e-02, -1.720407628401425e-01, -6.062387265689229e-02,  1.540472201103162e-01
  2.808333333333333e+00, -1.201558293170632e-02,  9.099662162485678e-02,  1.132662688416284e-01,  7.856920962923414e-02,  1.912868818676094e-02, -1.720630857208794e-01, -6.062491453115805e-02,  1.540783412020750e-01
  2.816666666666667e+00, -1.197300667051253e-02,  9.114606790502089e-02,  1.132473322811991e-01,  7.859875082445363e-02,  1.916096181488736e-02, -1.720979721651651e-01, -6.063137216272431e-02,  1.541199732649827e-01
  2.825000000000000e+00, -1.192512041647722e-02,  9.130277611415072e-02,  1.132177410350527e-01,  7.863138672676985e-02,  1.919415412802317e-02, -1.721442389667621e-01, -6.064351098560859e-02,  1.541701481242957e-01
  2.833333333333333e+00, -1.187202155349877e-02,  9.146296088961070e-02,  1.131784986837470e-01,  7.866845894509518e-02,  1.922905357416616e-02, -1.721995384002231e-01, -6.066152396855241e-02,  1.542260120979365e-01
  2.841666666666666e+00, -1.181368577708624e-02,  9.162198861591020e-02,  1.131314594092983e-01,  7.871138551454285e-02,  1.926660033737759e-02, -1.722605585314330e-01, -6.068542459643339e-02,  1.542838958308668e-01
  2.850000000000000e+00, -1.175042750098795e-02,  9.177462723960295e-02,  1.130790805024972e-01,  7.876122804312567e-02,  1.930759663794412e-02, -1.723235682193883e-01, -6.071488089265432e-02,  1.543398885685454e-01
  2.858333333333333e+00, -1.168307450248948e-02,  9.191537386975934e-02,  1.130241364002667e-01,  7.881847251062842e-02,  1.935256033323007e-02, -1.723850371126450e-01, -6.074915599846508e-02,  1.543905769923794e-01
  2.866666666666667e+00, -1.161270203189570e-02,  9.203893823546272e-02,  1.129696376897357e-01,  7.888313905850540e-02,  1.940184406898204e-02, -1.724420943748117e-01, -6.078713634186733e-02,  1.544333528304940e-01
  2.875000000000000e+00, -1.154035727228548e-02,  9.214080488812448e-02,  1.129188859406131e-01,  7.895491395557995e-02,  1.945580368079591e-02, -1.724927725756742e-01, -6.082726514434134e-02,  1.544660643378171e-01
  2.883333333333333e+00, -1.146710708756835e-02,  9.221766857561664e-02,  1.128753142865195e-01,  7.903306876055952e-02,  1.951470483050577e-02, -1.725361347895407e-01, -6.086759057445097e-02,  1.544869683191246e-01
  2.891666666666667e+00, -1.139420031311497e-02,  9.226762972967606e-02,  1.128420989567831e-01,  7.911634922006129e-02,  1.957837252596240e-02, -1.725723374823441e-01, -6.090615024834950e-02,  1.544955773663903e-01
  2.900000000000000e+00, -1.132304196447658e-02,  9.229016229067599e-02,  1.128217994231968e-01,  7.920303737845322e-02,  1.964585130255747e-02, -1.726025481607811e-01, -6.094134027644962e-02,  1.544933648259619e-01
  2.908333333333333e+00, -1.125509797782900e-02,  9.228589734510351e-02,  1.128160463087204e-01,  7.929108449177545e-02,  1.971513119031143e-02, -1.726286643730507e-01, -6.097203037889908e-02,  1.544836528230368e-01
  2.916666666666667e+00, -1.119209308145649e-02,  9.225630592495238e-02,  1.128252291316433e-01,  7.937816615660015e-02,  1.978283184786611e-02, -1.726529483151471e-01, -6.099760231789394e-02,  1.544713695206180e-01
  2.925000000000000e+00, -1.113635727569757e-02,  9.220339042099535e-02,  1.128483833963883e-01,  7.946177646443775e-02,  1.984413464380652e-02, -1.726777010601534e-01, -6.101799825484833e-02,  1.544630202793604e-01
  2.933333333333334e+00, -1.109064534713820e-02,  9.212938897411749e-02,  1.128835459649450e-01,  7.953963916375194e-02,  1.989377225003031e-02, -1.727049306239786e-01, -6.103368636243280e-02,  1.544655896756027e-01
  2.941666666666667e+00, -1.105736542513702e-02,  9.203656328230370e-02,  1.129285414466735e-01,  7.961034786185495e-02,  1.992807780573957e-02, -1.727360488212600e-01, -6.104545693589270e-02,  1.544835246743436e-01
  2.950000000000000e+00, -1.103801708038849e-02,  9.192719679667594e-02,  1.129816249797149e-01,  7.967364841678268e-02,  1.994625754661028e-02, -1.727717399329191e-01, -6.105412452673540e-02,  1.545164018092668e-01
  2.958333333333333e+00, -1.103324049034620e-02,  9.180366309611498e-02,  1.130414401946489e-01,  7.973006993378301e-02,  1.994964448839953e-02, -1.728119710663747e-01, -6.106030736544053e-02,  1.545600731946183e-01
  2.966666666666667e+00, -1.104308937200955e-02,  9.166846553648877e-02,  1.131065471135235e-01,  7.978032462203277e-02,  1.994020743012825e-02, -1.728561478319191e-01, -6.106445632578255e-02,  1.546099075029308e-01
  2.975000000000000e+00, -1.106717363326008e-02,  9.152435988225482e-02,  1.131750796776358e-01,  7.982494827423688e-02,  1.991966232960629e-02, -1.729034444035192e-01, -6.106719518996143e-02,  1.546634987884654e-01
  2.983333333333333e+00, -1.110469320486991e-02,  9.137446705409502e-02,  1.132446882910423e-01,  7.986422666913411e-02,  1.988910523501253e-02, -1.729530637296930e-01, -6.106958247099471e-02,  1.547217556314802e-01
  2.991666666666667e+00, -1.115693518649049e-02,  9.122204107676501e-02,  1.133129552698642e-01,  7.989766450936114e-02,  1.984929337815799e-02, -1.730041106333811e-01, -6.107247726983448e-02,  1.547873762900024e-01
  3.000000000000000e+00, -1.121802201133265e-02,  9.107106702247725e-02,  1.133773803317900e-01,  7.992670555350734e-02,  1.980141803753233e-02, -1.730560922129863e-01, -6.107734031122102e-02,  1.548622434619315e-01
  3.008333333333334e+00, -1.128829630468271e-02,  9.092496001719952e-02,  1.134369797821968e-01,  7.995144756401289e-02,  1.974783466069785e-02, -1.731078799568754e-01, -6.108418844985658e-02,  1.549447886753830e-01
  3.016666666666667e+00, -1.136578209621814e-02,  9.078711783300242e-02,  1.134915686146034e-01,  7.997275256332358e-02,  1.969114305049735e-02, -1.731583633540493e-01, -6.109299508221998e-02,  1.550323828489622e-01
  3.025000000000000e+00, -1.144786139673325e-02,  9.066067391772981e-02,  1.135415945964680e-01,  7.999167861823631e-02,  1.963412734428860e-02, -1.732065370814961e-01, -6.110348809161072e-02,  1.551221424580178e-01
  3.033333333333333e+00, -1.153125317498727e-02,  9.054846252330662e-02,  1.135876975317790e-01,  8.000938140624662e-02,  1.958004941305136e-02, -1.732517093619482e-01, -6.111519084070416e-02,  1.552109690547451e-01
  3.041666666666667e+00, -1.161228028667340e-02,  9.045297319165413e-02,  1.136301548292087e-01,  8.002684175307116e-02,  1.953160777472229e-02, -1.732935240686894e-01, -6.112771840298003e-02,  1.552974660592642e-01
  3.050000000000000e+00, -1.168711276893858e-02,  9.037630224984783e-02,  1.136687070149161e-01,  8.004469827737244e-02,  1.948972294331375e-02, -1.733317824147930e-01, -6.114100733743185e-02,  1.553835466795941e-01
  3.058333333333334e+00, -1.175183827697429e-02,  9.032011534969997e-02,  1.137030159869190e-01,  8.006345205348321e-02,  1.945411845683820e-02, -1.733662077981201e-01, -6.115516717755877e-02,  1.554723671411206e-01
  3.066666666666667e+00, -1.180272614986711e-02,  9.028563336523132e-02,  1.137330524974168e-01,  8.008362908342179e-02,  1.942435978005075e-02, -1.733963482618756e-01, -6.117026795280636e-02,  1.555656004930760e-01
  3.075000000000000e+00, -1.183496115993064e-02,  9.027358226035531e-02,  1.137590910711970e-01,  8.010630966453164e-02,  1.939995122466032e-02, -1.734214521334677e-01, -6.118660657125782e-02,  1.556624547115546e-01
  3.083333333333333e+00, -1.185032548957692e-02,  9.028427600757216e-02,  1.137812372934167e-01,  8.013041480189564e-02,  1.938035815388250e-02, -1.734412182431378e-01, -6.120386687906820e-02,  1.557628751954279e-01
  3.091666666666667e+00, -1.184562546219629e-02,  9.031751223472528e-02,  1.137998211480940e-01,  8.015693324653779e-02,  1.936594791683155e-02, -1.734550641702784e-01, -6.122235456217196e-02,  1.558621468454592e-01
  3.100000000000000e+00, -1.182098221995061e-02,  9.037253626379838e-02,  1.138151838165428e-01,  8.018600386774796e-02,  1.935727593495673e-02, -1.734626120002206e-01, -6.124193258078384e-02,  1.559545206036107e-01
  3.108333333333333e+00, -1.177804185898147e-02,  9.044804702284615e-02,  1.138273814602620e-01,  8.021723695068760e-02,  1.935409955394829e-02, -1.734636715945271e-01, -6.126243565244320e-02,  1.560353067955526e-01
  3.116666666666667e+00, -1.171962947782506e-02,  9.054225598291255e-02,  1.138361519002608e-01,  8.024972536191408e-02,  1.935521929854889e-02, -1.734582476679788e-01, -6.128389461137561e-02,  1.561022107862000e-01
  3.125000000000000e+00, -1.164923880598650e-02,  9.065300460647396e-02,  1.138412390387833e-01,  8.028225300763572e-02,  1.935899584466205e-02, -1.734465006733429e-01, -6.130648761948296e-02,  1.561550208958781e-01
  3.133333333333333e+00, -1.156873335021232e-02,  9.077812632723870e-02,  1.138422567418767e-01,  8.031381200974001e-02,  1.936391069480248e-02, -1.734292186901933e-01, -6.133058183248221e-02,  1.561958657606488e-01
  3.141666666666667e+00, -1.148489145202019e-02,  9.091442386763982e-02,  1.138401467066155e-01,  8.034244836435570e-02,  1.936890215532894e-02, -1.734060261579042e-01, -6.135506330686045e-02,  1.562232468992967e-01
  3.150000000000000e+00, -1.139920039044724e-02,  9.105936323814179e-02,  1.138346797364157e-01,  8.036717937216654e-02,  1.937309380671981e-02, -1.733783284736240e-01, -6.137965519471596e-02,  1.562407524959567e-01
  3.158333333333334e+00, -1.131608703910210e-02,  9.120987253286827e-02,  1.138261857295338e-01,  8.038663837146297e-02,  1.937545317003941e-02, -1.733470983301421e-01, -6.140351804515180e-02,  1.562516090452552e-01
  3.166666666666667e+00, -1.123367584823631e-02,  9.136364278262721e-02,  1.138137835745598e-01,  8.040123419337709e-02,  1.937504225073838e-02, -1.733148569406263e-01, -6.142714216523236e-02,  1.562634510480258e-01
  3.175000000000000e+00, -1.115521402863556e-02,  9.151754715254379e-02,  1.137980453457904e-01,  8.041074046239906e-02,  1.937230228843556e-02, -1.732830263040428e-01, -6.144965098766652e-02,  1.562788700817872e-01
  3.183333333333334e+00, -1.108168605038800e-02,  9.166850567998019e-02,  1.137799277840722e-01,  8.041605632401776e-02,  1.936968929154781e-02, -1.732531361328480e-01, -6.147016041097342e-02,  1.562973912838998e-01
  3.191666666666667e+00, -1.101345666572747e-02,  9.181329833914598e-02,  1.137608943714340e-01,  8.041856923722286e-02,  1.937046842989876e-02, -1.732263179217391e-01, -6.148773089834679e-02,  1.563164034248654e-01
  3.200000000000000e+00, -1.095041206454034e-02,  9.194879938711398e-02,  1.137424515519106e-01,  8.041973641719706e-02,  1.937688703488849e-02, -1.732034292822467e-01, -6.150176805832286e-02,  1.563345569232602e-01
  3.208333333333333e+00, -1.089207841696200e-02,  9.207226515556099e-02,  1.137257837127578e-01,  8.042080875770009e-02,  1.938946289612886e-02, -1.731852769616421e-01, -6.151212546695928e-02,  1.563531886569698e-01
  3.216666666666667e+00, -1.083776039606348e-02,  9.218152920196165e-02,  1.137116627318220e-01,  8.042265843317305e-02,  1.940712931850896e-02, -1.731726821510024e-01, -6.151898981169030e-02,  1.563759577778859e-01
  3.225000000000000e+00, -1.078659823068487e-02,  9.227503195796505e-02,  1.137007396037267e-01,  8.042574780038518e-02,  1.942795535609898e-02, -1.731663404186009e-01, -6.152260192598896e-02,  1.564070447857756e-01
  3.233333333333333e+00, -1.073753138574724e-02,  9.235167174676029e-02,  1.136941408458360e-01,  8.043032405851322e-02,  1.945069882081185e-02, -1.731665840005152e-01, -6.152275051729041e-02,  1.564475796231899e-01
  3.241666666666667e+00, -1.068932524411064e-02,  9.241058621347031e-02,  1.136938361843080e-01,  8.043660499734222e-02,  1.947597359871867e-02, -1.731731896645247e-01, -6.151840067104567e-02,  1.564932465966272e-01
  3.250000000000000e+00, -1.064067407584703e-02,  9.245098127163343e-02,  1.137024257771528e-01,  8.044471162583101e-02,  1.950565241417013e-02, -1.731853088302311e-01, -6.150782007793867e-02,  1.565359361629594e-01
  3.258333333333334e+00, -1.059020595346447e-02,  9.247204330085501e-02,  1.137226264686888e-01,  8.045452549984168e-02,  1.954158668296913e-02, -1.732015406866265e-01, -6.148896605925342e-02,  1.565670020009736e-01
  3.266666666666667e+00, -1.053642885911656e-02,  9.247303200284041e-02,  1.137568216659341e-01,  8.046570351084957e-02,  1.958520273352993e-02, -1.732201328316854e-01, -6.145979522671198e-02,  1.565787282656097e-01
  3.275000000000000e+00, -1.047620974899183e-02,  9.245373072109819e-02,  1.138064253290267e-01,  8.047793002689030e-02,  1.963807999619682e-02, -1.732395113353149e-01, -6.141854671606429e-02,  1.565646400776581e-01
  3.283333333333333e+00, -1.041137496770975e-02,  9.241428125101536e-02,  1.138726752499171e-01,  8.049036061265522e-02,  1.970068471966502e-02, -1.732575210118673e-01, -6.136360979299144e-02,  1.565178781467105e-01
  3.291666666666667e+00, -1.034016392590222e-02,  9.235618857867811e-02,  1.139545224339286e-01,  8.050219737427060e-02,  1.977395889471856e-02, -1.732734593776389e-01, -6.129403000285476e-02,  1.564352053163163e-01
  3.300000000000000e+00, -1.026296868504829e-02,  9.228168734704933e-02,  1.140502393094969e-01,  8.051238846404124e-02,  1.985772976959632e-02, -1.732868872637409e-01, -6.120933024585101e-02,  1.563152681570621e-01
  3.308333333333334e+00, -1.018075478892717e-02,  9.219365585561201e-02,  1.141574867839459e-01,  8.051977341910860e-02,  1.995088642099141e-02, -1.732978006080758e-01, -6.110965823615643e-02,  1.561596080524100e-01
  3.316666666666667e+00, -1.009451659663253e-02,  9.209532445199287e-02,  1.142736268989389e-01,  8.052331558721909e-02,  2.005153109490942e-02, -1.733063929842015e-01, -6.099595550648081e-02,  1.559727690246651e-01
  3.325000000000000e+00, -1.000488343974940e-02,  9.199010669638019e-02,  1.143958824453004e-01,  8.052239110855013e-02,  2.015694281110303e-02, -1.733129109011358e-01, -6.087027901631475e-02,  1.557627370895908e-01
  3.333333333333333e+00, -9.912050978079403e-03,  9.188154759124867e-02,  1.145214179145242e-01,  8.051691052885296e-02,  2.026307562910179e-02, -1.733176554724655e-01, -6.073610967818671e-02,  1.555418137554132e-01
  3.341666666666667e+00, -9.815896684068792e-03,  9.177321330746202e-02,  1.146474448675155e-01,  8.050724913212601e-02,  2.036464238944302e-02, -1.733209951295699e-01, -6.059805848837270e-02,  1.553257281987088e-01
  3.350000000000000e+00, -9.716135710856999e-03,  9.166848798509908e-02,  1.147715480228395e-01,  8.049423087378038e-02,  2.045715512647606e-02, -1.733233086685912e-01, -6.046060714609539e-02,  1.551284123513815e-01
  3.358333333333333e+00, -9.612544852921262e-03,  9.157037112892441e-02,  1.148921317902728e-01,  8.047917819377763e-02,  2.053947899818875e-02, -1.733248680137895e-01, -6.032677592129246e-02,  1.549558943396623e-01
  3.366666666666667e+00, -9.505260037230404e-03,  9.148130659820031e-02,  1.150083467571254e-01,  8.046375076979156e-02,  2.061360963637671e-02, -1.733257198794219e-01, -6.019811835708765e-02,  1.548066983066086e-01
  3.375000000000000e+00, -9.394911345203960e-03,  9.140307810758497e-02,  1.151193778409051e-01,  8.044964664558581e-02,  2.068208315058317e-02, -1.733257017268663e-01, -6.007577444920975e-02,  1.546778306620440e-01
  3.383333333333333e+00, -9.282408925945767e-03,  9.133687909610622e-02,  1.152238775332955e-01,  8.043853799232036e-02,  2.074651167536934e-02, -1.733246443639322e-01, -5.996110919483397e-02,  1.545683985261692e-01
  3.391666666666667e+00, -9.168667324608349e-03,  9.128359878133785e-02,  1.153198546244556e-01,  8.043212578652328e-02,  2.080750776762241e-02, -1.733226247123815e-01, -5.985569207887687e-02,  1.544798080511829e-01
  3.400000000000000e+00, -9.054586926240702e-03,  9.124420940446920e-02,  1.154046079566566e-01,  8.043195982862299e-02,  2.086443406106420e-02, -1.733201409461283e-01, -5.976116094882326e-02,  1.544158820633525e-01
  3.408333333333334e+00, -8.941144301039084e-03,  9.122001709935823e-02,  1.154747376482445e-01,  8.043921677042040e-02,  2.091604276580306e-02, -1.733181657491538e-01, -5.967885365954298e-02,  1.543811404590629e-01
  3.416666666666667e+00, -8.829376495719294e-03,  9.121259136049509e-02,  1.155264549128942e-01,  8.045465294573997e-02,  2.096204448841621e-02, -1.733180234909815e-01, -5.960937022436472e-02,  1.543774767576491e-01
  3.425000000000000e+00, -8.720277444885152e-03,  9.122341980509341e-02,  1.155558863810882e-01,  8.047843557246769e-02,  2.100290929329907e-02, -1.733210794288203e-01, -5.955256371489506e-02,  1.544044541399054e-01
  3.433333333333333e+00, -8.614636973276640e-03,  9.125346553342029e-02,  1.155593405747487e-01,  8.050983441551193e-02,  2.103797173272270e-02, -1.733283117034101e-01, -5.950762401061611e-02,  1.544624749991668e-01
  3.441666666666667e+00, -8.512913166620598e-03,  9.130280534675927e-02,  1.155339059503307e-01,  8.054719329040171e-02,  2.106467433158032e-02, -1.733399478885081e-01, -5.947297099177645e-02,  1.545535317431176e-01
  3.450000000000000e+00, -8.416971191961133e-03,  9.137013834923113e-02,  1.154793599948474e-01,  8.058828491371896e-02,  2.107928253784341e-02, -1.733544403882787e-01, -5.944613537300514e-02,  1.546766597416487e-01
  3.458333333333333e+00, -8.323614627234667e-03,  9.145452958687939e-02,  1.153937623823375e-01,  8.063044340412620e-02,  2.107891791029393e-02, -1.733725469139617e-01, -5.942491549496806e-02,  1.548372268918021e-01
  3.466666666666667e+00, -8.234886325691778e-03,  9.155377031766032e-02,  1.152802251823081e-01,  8.067121416188160e-02,  2.106266947308355e-02, -1.733924924179382e-01, -5.940615186243411e-02,  1.550278640072900e-01
  3.475000000000000e+00, -8.150751950051714e-03,  9.166612289218623e-02,  1.151428575226396e-01,  8.070885091793126e-02,  2.103353728005475e-02, -1.734136099340576e-01, -5.938668289592415e-02,  1.552361787786417e-01
  3.483333333333333e+00, -8.070788085908567e-03,  9.178996247141780e-02,  1.149872806992912e-01,  8.074233187323954e-02,  2.099720733737565e-02, -1.734355443497702e-01, -5.936354218413630e-02,  1.554450336480571e-01
  3.491666666666667e+00, -7.994544414325616e-03,  9.192348272995710e-02,  1.148198592121195e-01,  8.077109807773049e-02,  2.095940910680061e-02, -1.734580006570784e-01, -5.933450178512928e-02,  1.556380215248254e-01
  3.500000000000000e+00, -7.921641687715184e-03,  9.206456872880331e-02,  1.146468894244525e-01,  8.079490567664233e-02,  2.092400924271876e-02, -1.734806853903618e-01, -5.929840179640613e-02,  1.558038400087920e-01
  3.508333333333333e+00, -7.851645240828301e-03,  9.221094994635215e-02,  1.144739072166094e-01,  8.081385235339800e-02,  2.089267543792195e-02, -1.735034607437775e-01, -5.925518706328910e-02,  1.559377662817236e-01
  3.516666666666667e+00, -7.783903356220995e-03,  9.236049071703056e-02,  1.143050350776458e-01,  8.082841771696959e-02,  2.086534881706847e-02, -1.735265549999109e-01, -5.920588566379140e-02,  1.560414577580661e-01
  3.525000000000000e+00, -7.717434182853355e-03,  9.251136990617770e-02,  1.141425937896062e-01,  8.083948550854651e-02,  2.084085599357488e-02, -1.735506515035190e-01, -5.915258350918514e-02,  1.561220039622522e-01
  3.533333333333333e+00, -7.650885882744140e-03,  9.266205629527313e-02,  1.139872171864103e-01,  8.084841380428565e-02,  2.081789051636296e-02, -1.735768008722443e-01, -5.909820906577164e-02,  1.561896554057284e-01
  3.541666666666667e+00, -7.582574006401774e-03,  9.281121037467011e-02,  1.138383626722907e-01,  8.085715665088676e-02,  2.079656835464472e-02, -1.736062403402230e-01, -5.904609335455795e-02,  1.562540363213140e-01
  3.550000000000000e+00, -7.510573733691426e-03,  9.295760569478517e-02,  1.136948325599571e-01,  8.086825292815097e-02,  2.077924771494621e-02, -1.736402318927094e-01, -5.899957319673463e-02,  1.563215571133454e-01
  3.558333333333334e+00, -7.432874619441522e-03,  9.310001419185610e-02,  1.135551102637074e-01,  8.088451407017271e-02,  2.076948138673651e-02, -1.736799145610844e-01, -5.896169108362030e-02,  1.563960944978524e-01
  3.566666666666666e+00, -7.347583343743851e-03,  9.323704132023036e-02,  1.134177686737866e-01,  8.090855344407838e-02,  2.077043487338726e-02, -1.737260688038476e-01, -5.893463678676573e-02,  1.564801864966674e-01
  3.575000000000000e+00, -7.253153885253998e-03,  9.336705998029160e-02,  1.132820589355867e-01,  8.094237856792097e-02,  2.078427631190527e-02, -1.737788446125774e-01, -5.891907210197291e-02,  1.565744257308455e-01
  3.583333333333333e+00, -7.148673011892061e-03,  9.348835432939540e-02,  1.131483611940040e-01,  8.098711110426379e-02,  2.081214216614713e-02, -1.738376508023050e-01, -5.891413300249580e-02,  1.566770731735919e-01
  3.591666666666667e+00, -7.034128097730548e-03,  9.359932147779859e-02,  1.130183540622197e-01,  8.104286305654228e-02,  2.085396475492929e-02, -1.739012284051704e-01, -5.891820085878961e-02,  1.567853923228469e-01
  3.600000000000000e+00, -6.910498765974587e-03,  9.369851209586932e-02,  1.128950417149521e-01,  8.110880289124020e-02,  2.090824156119631e-02, -1.739677644467329e-01, -5.892950063851703e-02,  1.568971510933648e-01
  3.608333333333333e+00, -6.779641533197303e-03,  9.378454456936880e-02,  1.127825633268181e-01,  8.118337109259292e-02,  2.097208823550023e-02, -1.740350063495272e-01, -5.894601253674130e-02,  1.570109451886459e-01
  3.616666666666667e+00, -6.641957218248278e-03,  9.385659266591473e-02,  1.126840625195502e-01,  8.126453931525277e-02,  2.104164362627237e-02, -1.741017378038749e-01, -5.896562565779367e-02,  1.571299266393418e-01
  3.625000000000000e+00, -6.504425999600451e-03,  9.391252531502503e-02,  1.126072479484491e-01,  8.135019642014693e-02,  2.111358844204392e-02, -1.741628598920548e-01, -5.898484357348430e-02,  1.572437515529206e-01
  3.633333333333333e+00, -6.368248679171579e-03,  9.395213195309027e-02,  1.125540249517784e-01,  8.143821419148647e-02,  2.118512943876416e-02, -1.742174984010887e-01, -5.900141386366462e-02,  1.573539783483111e-01
  3.641666666666667e+00, -6.236178051107483e-03,  9.397529508917413e-02,  1.125263772407620e-01,  8.152699710663300e-02,  2.125498577526019e-02, -1.742640749463437e-01, -5.901333478824240e-02,  1.574570781518552e-01
  3.650000000000000e+00, -6.110557252587846e-03,  9.398251455489270e-02,  1.125245105294830e-01,  8.161560726370906e-02,  2.132304717877997e-02, -1.743016907920784e-01, -5.901934338074458e-02,  1.575492220242304e-01
  3.658333333333334e+00, -5.993429712953140e-03,  9.397483206550072e-02,  1.125466137204401e-01,  8.170374873762153e-02,  2.138983050137200e-02, -1.743302388965510e-01, -5.901896739920686e-02,  1.576272565234779e-01
  3.666666666666667e+00, -5.886496903255044e-03,  9.395362590070233e-02,  1.125888003468599e-01,  8.179165654973693e-02,  2.145602436319005e-02, -1.743503568257593e-01, -5.901253708750333e-02,  1.576896156351385e-01
  3.675000000000000e+00, -5.790654168651645e-03,  9.392040432619186e-02,  1.126454404734366e-01,  8.188008923086315e-02,  2.152219985808657e-02, -1.743632089763856e-01, -5.900109185388671e-02,  1.577369505195430e-01
  3.683333333333333e+00, -5.705734202223587e-03,  9.387684066667212e-02,  1.127097265066017e-01,  8.197033640934590e-02,  2.158858352250359e-02, -1.743703026802775e-01, -5.898634959978447e-02,  1.577720743677434e-01
  3.691666666666667e+00, -5.631639135529911e-03,  9.382484742056940e-02,  1.127742168873245e-01,  8.206395298218494e-02,  2.165528677161443e-02, -1.743731209871719e-01, -5.897047535095347e-02,  1.577976392580036e-01
  3.700000000000000e+00, -5.564569377898872e-03,  9.376705448499356e-02,  1.128319331579730e-01,  8.216284796153570e-02,  2.172178277744852e-02, -1.743740806474381e-01, -5.895633688403729e-02,  1.578186866324364e-01
  3.708333333333333e+00, -5.503709625023698e-03,  9.370569103766080e-02,  1.128769429011943e-01,  8.226838039699579e-02,  2.178799940281051e-02, -1.743743561534881e-01, -5.894576412401105e-02,  1.578344052449874e-01
  3.716666666666667e+00, -5.447273358015814e-03,  9.364315641878163e-02,  1.129046521637288e-01,  8.238155272576393e-02,  2.185324537736033e-02, -1.743752778088302e-01, -5.894026424568796e-02,  1.578443384152934e-01
  3.725000000000000e+00, -5.393871328973150e-03,  9.358207574150579e-02,  1.129116493179233e-01,  8.250291080944915e-02,  2.191615189749729e-02, -1.743782489798252e-01, -5.894111441888170e-02,  1.578488107315754e-01
  3.733333333333333e+00, -5.342300751751571e-03,  9.352517608836530e-02,  1.128958056001424e-01,  8.263270689272530e-02,  2.197486871844512e-02, -1.743846134433225e-01, -5.894940701412647e-02,  1.578488886823642e-01
  3.741666666666667e+00, -5.291082365852092e-03,  9.347467566353385e-02,  1.128565982049594e-01,  8.277103523392133e-02,  2.202750958004907e-02, -1.743951980164052e-01, -5.896587744812815e-02,  1.578453680572353e-01
  3.750000000000000e+00, -5.238557280029156e-03,  9.343165585230651e-02,  1.127952303386186e-01,  8.291771308799259e-02,  2.207256278278602e-02, -1.744100157697329e-01, -5.899077646760311e-02,  1.578381117142932e-01
  3.758333333333333e+00, -5.183601472332515e-03,  9.339588649931563e-02,  1.127144313007781e-01,  8.307193534765944e-02,  2.210897795344913e-02, -1.744283613533208e-01, -5.902392600027280e-02,  1.578260679689164e-01
  3.766666666666667e+00, -5.127716276337319e-03,  9.336582298903173e-02,  1.126193418562933e-01,  8.323249982694807e-02,  2.213543029231779e-02, -1.744484260593988e-01, -5.906515185893279e-02,  1.578059093716094e-01
  3.775000000000000e+00, -5.069319544685887e-03,  9.334047974385551e-02,  1.125131188581390e-01,  8.339610564601604e-02,  2.215194521645381e-02, -1.744702465914700e-01, -5.911348644232375e-02,  1.577791330282258e-01
  3.783333333333333e+00, -5.011161867105100e-03,  9.331793103832409e-02,  1.124031950338310e-01,  8.356052744688722e-02,  2.215715949820041e-02, -1.744918268160628e-01, -5.916838087620997e-02,  1.577428361633594e-01
  3.791666666666667e+00, -4.954157695798118e-03,  9.329659422203984e-02,  1.122966145854147e-01,  8.372334838858750e-02,  2.215039270944463e-02, -1.745115331912212e-01, -5.922849287861831e-02,  1.576958944743783e-01
  3.800000000000000e+00, -4.898315618067613e-03,  9.327496972653071e-02,  1.122001304769419e-01,  8.388254708663330e-02,  2.213140393512458e-02, -1.745276064504633e-01, -5.929184193985845e-02,  1.576379648551252e-01
  3.808333333333334e+00, -4.842983591865401e-03,  9.325175504189942e-02,  1.121193788368707e-01,  8.403657446729682e-02,  2.210070416260312e-02, -1.745383625464331e-01, -5.935612173608067e-02,  1.575693992162096e-01
  3.816666666666667e+00, -4.787129473307819e-03,  9.322604489791009e-02,  1.120581599506454e-01,  8.418438586967451e-02,  2.205990208187125e-02, -1.745425260634377e-01, -5.941906863299729e-02,  1.574908295392334e-01
  3.825000000000000e+00, -4.729593404821720e-03,  9.319755010094433e-02,  1.120177582708995e-01,  8.432534247207378e-02,  2.201177497071516e-02, -1.745396822149295e-01, -5.947881250079842e-02,  1.574033159435078e-01
  3.833333333333333e+00, -4.668733939637931e-03,  9.316719446388722e-02,  1.119951586151241e-01,  8.445800212299970e-02,  2.195983012125891e-02, -1.745317244907471e-01, -5.953400925268042e-02,  1.573134272009977e-01
  3.841666666666667e+00, -4.605927516531477e-03,  9.313479547964576e-02,  1.119891682749518e-01,  8.458374197191479e-02,  2.190799065210136e-02, -1.745179412561055e-01, -5.958517036556720e-02,  1.572180147772138e-01
