Main.Studies.MarkerTracking.t,Main.HumanModel.BodyModel.Interface.Left.HipFlexion.Pos[0],Main.HumanModel.BodyModel.Interface.Left.HipAbduction.Pos[0],Main.HumanModel.BodyModel.Interface.Left.HipExternalRotation.Pos[0],Main.HumanModel.BodyModel.Interface.Left.KneeFlexion.Pos[0],Main.HumanModel.BodyModel.Interface.Left.AnklePlantarFlexion.Pos[0],Main.HumanModel.BodyModel.Interface.Left.SubTalarEversion.Pos[0]
  2.583333333333334e-01,  4.763657959381990e-02,  2.466997557716444e-02,  2.387107567018647e-01,  2.271602001673059e-01, -1.165763986034685e-01,  5.222798977831746e-02
  2.666666666666667e-01,  4.753280879021683e-02,  2.466823096648052e-02,  2.387244061590506e-01,  2.271463601247620e-01, -1.165480417677730e-01,  5.220542193492673e-02
  2.750000000000000e-01,  4.743282373937482e-02,  2.467623340472258e-02,  2.387296009869315e-01,  2.271388582131550e-01, -1.165230105926051e-01,  5.217136163944140e-02
  2.833333333333334e-01,  4.733527759679759e-02,  2.469351982441736e-02,  2.387278697826910e-01,  2.271353832265560e-01, -1.165004651901544e-01,  5.212497580162045e-02
  2.916666666666667e-01,  4.724049619054862e-02,  2.471856767880154e-02,  2.387201412206182e-01,  2.271340945431999e-01, -1.164796655034571e-01,  5.206783171848911e-02
  3.000000000000000e-01,  4.714855057408674e-02,  2.474918812730720e-02,  2.387075654155761e-01,  2.271328106646462e-01, -1.164597320889501e-01,  5.200299342914307e-02
  3.083333333333333e-01,  4.705884301105245e-02,  2.478296884265707e-02,  2.386918699616207e-01,  2.271287254440945e-01, -1.164395091428845e-01,  5.193405182371350e-02
  3.166666666666667e-01,  4.697014098658514e-02,  2.481762122121811e-02,  2.386752361655255e-01,  2.271185703474908e-01, -1.164175791788809e-01,  5.186447000133174e-02
  3.250000000000000e-01,  4.688085268866982e-02,  2.485112931808775e-02,  2.386599759255941e-01,  2.270990704752380e-01, -1.163924202642075e-01,  5.179731563634793e-02
  3.333333333333334e-01,  4.678925393687727e-02,  2.488178065326130e-02,  2.386483302860102e-01,  2.270673196993521e-01, -1.163625041904562e-01,  5.173501416465753e-02
  3.416666666666667e-01,  4.669369156974577e-02,  2.490818846662934e-02,  2.386423448558740e-01,  2.270209410653403e-01, -1.163263563386290e-01,  5.167912850491237e-02
  3.500000000000000e-01,  4.659292141125204e-02,  2.492933597621061e-02,  2.386435945556987e-01,  2.269582216651128e-01, -1.162827402871010e-01,  5.163042580588321e-02
  3.583333333333334e-01,  4.648645254969494e-02,  2.494458015606194e-02,  2.386529809443900e-01,  2.268783003906755e-01, -1.162308595112096e-01,  5.158904478504152e-02
  3.666666666666667e-01,  4.637460060742260e-02,  2.495358455143393e-02,  2.386709823589951e-01,  2.267812562838796e-01, -1.161704059758969e-01,  5.155445851384954e-02
  3.750000000000000e-01,  4.625825759456839e-02,  2.495622285406207e-02,  2.386980921110611e-01,  2.266680370486917e-01, -1.161015054196890e-01,  5.152536065562827e-02
  3.833333333333334e-01,  4.614074482591572e-02,  2.495246589781819e-02,  2.387346124591156e-01,  2.265410257675700e-01, -1.160249784018918e-01,  5.150013337761802e-02
  3.916666666666667e-01,  4.601951482441581e-02,  2.494235525937061e-02,  2.387812469953517e-01,  2.264013282417306e-01, -1.159410822731646e-01,  5.147577446052662e-02
  4.000000000000000e-01,  4.589857752785588e-02,  2.492589907196652e-02,  2.388372017868458e-01,  2.262527137276698e-01, -1.158513703478755e-01,  5.145067676660496e-02
  4.083333333333333e-01,  4.578016105701851e-02,  2.490321431891385e-02,  2.389011731869872e-01,  2.260987459461237e-01, -1.157574006246933e-01,  5.142355092556482e-02
  4.166666666666667e-01,  4.566616180902430e-02,  2.487458797512443e-02,  2.389715397340846e-01,  2.259429547504081e-01, -1.156609185953195e-01,  5.139400181564430e-02
  4.250000000000000e-01,  4.555801715044539e-02,  2.484040582106806e-02,  2.390466318862328e-01,  2.257886115635030e-01, -1.155638524402346e-01,  5.136269708924826e-02
  4.333333333333333e-01,  4.545670303728879e-02,  2.480104696814767e-02,  2.391248239292436e-01,  2.256386482668041e-01, -1.154683265851499e-01,  5.133136172070911e-02
  4.416666666666667e-01,  4.536268542163120e-02,  2.475691998950347e-02,  2.392047666573063e-01,  2.254955593538546e-01, -1.153765893221598e-01,  5.130247084865962e-02
  4.500000000000001e-01,  4.527580219488433e-02,  2.470859439460860e-02,  2.392857121714965e-01,  2.253613341662783e-01, -1.152908530430740e-01,  5.127874480651681e-02
  4.583333333333334e-01,  4.519536718481129e-02,  2.465686206571460e-02,  2.393675647134371e-01,  2.252375473726297e-01, -1.152131448059740e-01,  5.126275207212132e-02
  4.666666666666667e-01,  4.512050321383698e-02,  2.460270418011712e-02,  2.394506583779046e-01,  2.251255020737426e-01, -1.151452064070360e-01,  5.125668920268889e-02
  4.750000000000000e-01,  4.505036544054510e-02,  2.454727079074215e-02,  2.395355843408454e-01,  2.250263216823531e-01, -1.150884283530484e-01,  5.126216676534827e-02
  4.833333333333334e-01,  4.498416689509377e-02,  2.449192714096293e-02,  2.396231882558418e-01,  2.249410644235311e-01, -1.150438374132068e-01,  5.127999506293854e-02
  4.916666666666667e-01,  4.492113219546836e-02,  2.443830090523669e-02,  2.397146690147454e-01,  2.248708172282458e-01, -1.150121505580173e-01,  5.131004733713679e-02
  5.000000000000000e-01,  4.486042235049450e-02,  2.438826386062676e-02,  2.398116971895123e-01,  2.248166790106953e-01, -1.149938846637202e-01,  5.135119760151216e-02
  5.083333333333333e-01,  4.480111202787732e-02,  2.434383542159901e-02,  2.399164446840510e-01,  2.247797698421624e-01, -1.149895305961898e-01,  5.140144128383349e-02
  5.166666666666667e-01,  4.474224705519475e-02,  2.430702675263419e-02,  2.400314948426780e-01,  2.247613120418732e-01, -1.149997589945862e-01,  5.145822190502026e-02
  5.250000000000000e-01,  4.468284059753899e-02,  2.427971832039932e-02,  2.401596743705482e-01,  2.247626073200909e-01, -1.150255479556055e-01,  5.151866115167902e-02
  5.333333333333334e-01,  4.462034028143693e-02,  2.426375250754109e-02,  2.403043728270564e-01,  2.247843706487599e-01, -1.150680655514332e-01,  5.157949924382821e-02
  5.416666666666667e-01,  4.455605614942625e-02,  2.426032320272986e-02,  2.404670314683000e-01,  2.248288267308538e-01, -1.151288293514513e-01,  5.163756128125308e-02
  5.500000000000000e-01,  4.448788448396102e-02,  2.427060765870226e-02,  2.406499472012928e-01,  2.248967224946715e-01, -1.152089777779770e-01,  5.168976732040446e-02
  5.583333333333333e-01,  4.441528904025538e-02,  2.429522576344056e-02,  2.408540695090443e-01,  2.249891347138252e-01, -1.153094379715502e-01,  5.173383710763736e-02
  5.666666666666667e-01,  4.433827680091951e-02,  2.433434448289229e-02,  2.410793017712361e-01,  2.251066442200406e-01, -1.154306774964163e-01,  5.176848115240763e-02
  5.750000000000000e-01,  4.425746680566169e-02,  2.438765619339400e-02,  2.413242173783703e-01,  2.252489132273960e-01, -1.155723991085039e-01,  5.179320965470750e-02
  5.833333333333334e-01,  4.417399154389811e-02,  2.445435622435688e-02,  2.415858287704144e-01,  2.254142019250546e-01, -1.157332491278409e-01,  5.180832673131667e-02
  5.916666666666667e-01,  4.408905688581815e-02,  2.453312180422174e-02,  2.418595109645641e-01,  2.255989430403919e-01, -1.159107439973048e-01,  5.181573389652773e-02
  6.000000000000001e-01,  4.400354641604967e-02,  2.462211504926470e-02,  2.421390909563210e-01,  2.257977278342195e-01, -1.161014645840728e-01,  5.181993373568163e-02
  6.083333333333334e-01,  4.391800859254946e-02,  2.471911670223359e-02,  2.424173545479131e-01,  2.260039054083499e-01, -1.163014650437966e-01,  5.182801701174006e-02
  6.166666666666667e-01,  4.383294968589353e-02,  2.482180527407185e-02,  2.426870081792261e-01,  2.262106633304369e-01, -1.165067486267013e-01,  5.184839249710747e-02
  6.250000000000000e-01,  4.374903435210178e-02,  2.492800328907419e-02,  2.429416299731615e-01,  2.264119010859675e-01, -1.167135254832045e-01,  5.188918000323338e-02
  6.333333333333334e-01,  4.366688319274772e-02,  2.503577258404044e-02,  2.431761449492008e-01,  2.266022912018787e-01, -1.169181473032602e-01,  5.195718267791832e-02
  6.416666666666667e-01,  4.358673209522793e-02,  2.514342576614959e-02,  2.433867709313018e-01,  2.267769016107152e-01, -1.171170178614782e-01,  5.205760107608310e-02
  6.500000000000001e-01,  4.350844550725090e-02,  2.524951731966474e-02,  2.435709209959329e-01,  2.269310858468366e-01, -1.173067120782071e-01,  5.219392948124895e-02
  6.583333333333334e-01,  4.343190595792545e-02,  2.535285006595789e-02,  2.437276072517793e-01,  2.270608506128206e-01, -1.174842437286139e-01,  5.236728021160714e-02
  6.666666666666667e-01,  4.335738803956064e-02,  2.545252183503477e-02,  2.438579561048072e-01,  2.271633952211438e-01, -1.176473366854007e-01,  5.257540897094890e-02
  6.750000000000000e-01,  4.328563873546739e-02,  2.554792723424515e-02,  2.439649470404465e-01,  2.272372911418030e-01, -1.177944696831411e-01,  5.281275152393948e-02
  6.833333333333333e-01,  4.321776857081491e-02,  2.563864729443877e-02,  2.440524823460264e-01,  2.272822115648788e-01, -1.179246400819622e-01,  5.307175692366418e-02
  6.916666666666667e-01,  4.315517372046589e-02,  2.572429883712268e-02,  2.441246435909660e-01,  2.272986267997166e-01, -1.180371444808155e-01,  5.334425381272455e-02
  7.000000000000001e-01,  4.309980493708456e-02,  2.580418216095737e-02,  2.441851254049570e-01,  2.272880214414038e-01, -1.181312767646698e-01,  5.362116664386071e-02
  7.083333333333335e-01,  4.305231774164524e-02,  2.587827719018265e-02,  2.442388214127839e-01,  2.272511466493183e-01, -1.182078244883351e-01,  5.389725980022419e-02
  7.166666666666668e-01,  4.301500680564505e-02,  2.594492002944371e-02,  2.442885399713377e-01,  2.271913089427551e-01, -1.182662720348592e-01,  5.416266126855465e-02
  7.250000000000001e-01,  4.298810078446424e-02,  2.600305986528761e-02,  2.443379917336920e-01,  2.271106404090648e-01, -1.183075966842116e-01,  5.441228083074966e-02
  7.333333333333334e-01,  4.297122525122787e-02,  2.605135377402434e-02,  2.443899041277187e-01,  2.270115368748132e-01, -1.183328512134363e-01,  5.464160719437740e-02
  7.416666666666667e-01,  4.296329798287564e-02,  2.608869395355451e-02,  2.444461335754113e-01,  2.268966050033407e-01, -1.183436499857650e-01,  5.484751871672434e-02
  7.500000000000000e-01,  4.296295792175100e-02,  2.611450626469147e-02,  2.445076442608542e-01,  2.267692679122379e-01, -1.183423649714290e-01,  5.502804026190943e-02
  7.583333333333333e-01,  4.296883427008224e-02,  2.612893292733176e-02,  2.445746558532765e-01,  2.266338687047285e-01, -1.183319615859412e-01,  5.518218708324280e-02
  7.666666666666666e-01,  4.297958550491924e-02,  2.613278437435418e-02,  2.446467802430818e-01,  2.264951313157743e-01, -1.183156005972243e-01,  5.531003594837922e-02
  7.750000000000001e-01,  4.299398496676800e-02,  2.612733857304606e-02,  2.447231739749847e-01,  2.263576019539890e-01, -1.182964065615380e-01,  5.541274450209885e-02
  7.833333333333334e-01,  4.301115741652631e-02,  2.611422170774680e-02,  2.448029291254247e-01,  2.262254275903972e-01, -1.182774098818915e-01,  5.549205431787767e-02
  7.916666666666667e-01,  4.303078284954565e-02,  2.609541945948868e-02,  2.448855262588754e-01,  2.261023679314070e-01, -1.182614600178697e-01,  5.554948273107168e-02
  8.000000000000000e-01,  4.305310437019571e-02,  2.607324284385060e-02,  2.449707990298749e-01,  2.259917931705075e-01, -1.182511154904839e-01,  5.558605029759579e-02
  8.083333333333333e-01,  4.307868704768938e-02,  2.605011542299018e-02,  2.450584464495268e-01,  2.258963746934172e-01, -1.182484836103101e-01,  5.560271879071661e-02
  8.166666666666667e-01,  4.310805166804699e-02,  2.602825159083033e-02,  2.451478094238650e-01,  2.258175428570136e-01, -1.182549480044013e-01,  5.560076016609655e-02
  8.250000000000000e-01,  4.314156032403567e-02,  2.600944452986376e-02,  2.452379851714827e-01,  2.257553561339241e-01, -1.182710529699090e-01,  5.558172778907002e-02
  8.333333333333333e-01,  4.317969759101900e-02,  2.599506203174196e-02,  2.453277310857832e-01,  2.257090892349090e-01, -1.182967832152082e-01,  5.554749002916908e-02
  8.416666666666668e-01,  4.322329159613855e-02,  2.598607344125159e-02,  2.454152820036514e-01,  2.256778445915070e-01, -1.183319126611565e-01,  5.550046546110077e-02
  8.500000000000001e-01,  4.327334580765967e-02,  2.598298825490941e-02,  2.454985677605694e-01,  2.256605828430810e-01, -1.183760500964269e-01,  5.544370517177149e-02
  8.583333333333334e-01,  4.333078237884096e-02,  2.598582443568276e-02,  2.455756915474406e-01,  2.256559373880603e-01, -1.184285261830326e-01,  5.538071145062944e-02
  8.666666666666667e-01,  4.339640165542129e-02,  2.599415299290553e-02,  2.456451553266503e-01,  2.256622547237574e-01, -1.184883556270265e-01,  5.531521400161475e-02
  8.750000000000000e-01,  4.347097033868530e-02,  2.600713062829785e-02,  2.457056841103055e-01,  2.256777833836272e-01, -1.185542514261209e-01,  5.525101448535302e-02
  8.833333333333333e-01,  4.355525093661230e-02,  2.602353587205575e-02,  2.457559826712551e-01,  2.257008278770836e-01, -1.186246560830527e-01,  5.519181754830441e-02
  8.916666666666666e-01,  4.364989432426893e-02,  2.604190418789698e-02,  2.457947834609049e-01,  2.257297577730278e-01, -1.186978224571343e-01,  5.514091593187960e-02
  8.999999999999999e-01,  4.375521534330976e-02,  2.606075796388541e-02,  2.458211821352086e-01,  2.257628728491583e-01, -1.187719323874572e-01,  5.510069416484915e-02
  9.083333333333334e-01,  4.387097608949355e-02,  2.607887701501999e-02,  2.458349200616968e-01,  2.257983381153160e-01, -1.188452588996101e-01,  5.507222647938419e-02
  9.166666666666667e-01,  4.399631983675951e-02,  2.609557493435566e-02,  2.458364183286386e-01,  2.258343492016381e-01, -1.189163576689503e-01,  5.505521179730301e-02
  9.250000000000000e-01,  4.412981164765296e-02,  2.611088093976055e-02,  2.458267561902936e-01,  2.258693569384932e-01, -1.189841632985245e-01,  5.504807114191380e-02
  9.333333333333333e-01,  4.426945880063744e-02,  2.612555629974289e-02,  2.458077317952539e-01,  2.259021117744641e-01, -1.190479314763065e-01,  5.504805944017967e-02
  9.416666666666667e-01,  4.441282803477631e-02,  2.614095191020027e-02,  2.457818655418273e-01,  2.259315752240587e-01, -1.191071212227321e-01,  5.505153051440189e-02
  9.500000000000002e-01,  4.455747164930977e-02,  2.615860641654755e-02,  2.457521933648205e-01,  2.259569140697951e-01, -1.191613139490909e-01,  5.505449670831201e-02
  9.583333333333335e-01,  4.470146996286747e-02,  2.617964867663258e-02,  2.457218803098672e-01,  2.259776473485040e-01, -1.192102198883020e-01,  5.505338397117932e-02
  9.666666666666668e-01,  4.484365197888273e-02,  2.620450049757839e-02,  2.456938128468808e-01,  2.259938351433942e-01, -1.192538281548782e-01,  5.504565803572671e-02
  9.750000000000001e-01,  4.498350351131068e-02,  2.623313126004412e-02,  2.456702099100054e-01,  2.260061841959313e-01, -1.192926398956341e-01,  5.503017842355473e-02
  9.833333333333334e-01,  4.512110002711706e-02,  2.626546457117973e-02,  2.456522185285979e-01,  2.260160026240828e-01, -1.193277559634634e-01,  5.500738914900268e-02
  9.916666666666667e-01,  4.525704926959361e-02,  2.630155653776090e-02,  2.456397154688388e-01,  2.260249654755890e-01, -1.193607786672824e-01,  5.497931744438583e-02
  1.000000000000000e+00,  4.539224697092404e-02,  2.634156785852637e-02,  2.456315581120958e-01,  2.260347358844306e-01, -1.193937129614792e-01,  5.494930593523269e-02
  1.008333333333334e+00,  4.552761921882599e-02,  2.638565706014928e-02,  2.456260981082045e-01,  2.260467025657356e-01, -1.194288523467030e-01,  5.492159068302836e-02
  1.016666666666667e+00,  4.566412118104522e-02,  2.643385786551700e-02,  2.456215936309427e-01,  2.260621138043133e-01, -1.194685582786308e-01,  5.490086047537312e-02
  1.025000000000000e+00,  4.580283810106970e-02,  2.648598489213749e-02,  2.456163830107173e-01,  2.260823851494018e-01, -1.195150396153749e-01,  5.489182257038107e-02
  1.033333333333333e+00,  4.594483593596272e-02,  2.654162197258647e-02,  2.456089363070857e-01,  2.261090145199215e-01, -1.195701597480162e-01,  5.489872000362280e-02
  1.041666666666667e+00,  4.609072222888694e-02,  2.660020556970144e-02,  2.455980321282281e-01,  2.261430181764258e-01, -1.196352055578211e-01,  5.492479483441182e-02
  1.050000000000000e+00,  4.624023549261195e-02,  2.666110995005022e-02,  2.455831536735970e-01,  2.261844048005122e-01, -1.197107592741239e-01,  5.497186254958021e-02
  1.058333333333333e+00,  4.639218781467253e-02,  2.672363035166803e-02,  2.455649114612165e-01,  2.262321348809469e-01, -1.197968278245514e-01,  5.504016847410994e-02
  1.066666666666667e+00,  4.654478581764809e-02,  2.678691684892431e-02,  2.455452111538902e-01,  2.262845149682473e-01, -1.198931065821934e-01,  5.512851208435613e-02
  1.075000000000000e+00,  4.669609165627014e-02,  2.685000100599866e-02,  2.455270083702259e-01,  2.263397017702143e-01, -1.199991043815861e-01,  5.523450608334286e-02
  1.083333333333333e+00,  4.684435359610122e-02,  2.691191158828743e-02,  2.455137807486836e-01,  2.263960405639339e-01, -1.201140254093628e-01,  5.535491039038360e-02
  1.091666666666667e+00,  4.698804525663441e-02,  2.697173107690176e-02,  2.455089898569704e-01,  2.264520442992940e-01, -1.202366410116398e-01,  5.548615527140194e-02
  1.100000000000000e+00,  4.712562616635851e-02,  2.702854419849809e-02,  2.455156272994161e-01,  2.265060646830260e-01, -1.203653573510327e-01,  5.562497835303314e-02
  1.108333333333333e+00,  4.725528597448926e-02,  2.708140468906728e-02,  2.455358383223572e-01,  2.265561190795076e-01, -1.204983564827798e-01,  5.576876680479011e-02
  1.116666666666667e+00,  4.737499804407762e-02,  2.712940182618850e-02,  2.455707266318046e-01,  2.266002149576092e-01, -1.206337057534253e-01,  5.591552352746184e-02
  1.125000000000000e+00,  4.748288777089272e-02,  2.717171776426786e-02,  2.456203870096046e-01,  2.266369135993977e-01, -1.207695211604047e-01,  5.606384809012119e-02
  1.133333333333333e+00,  4.757767761020267e-02,  2.720756840580107e-02,  2.456839037682577e-01,  2.266657816049599e-01, -1.209042102886715e-01,  5.621311290897122e-02
  1.141666666666667e+00,  4.765900702220786e-02,  2.723609696514440e-02,  2.457591628002403e-01,  2.266876213441170e-01, -1.210366494141079e-01,  5.636359722601998e-02
  1.150000000000000e+00,  4.772746893201646e-02,  2.725629971477872e-02,  2.458429062995871e-01,  2.267043594323651e-01, -1.211662005817174e-01,  5.651638083125228e-02
  1.158333333333333e+00,  4.778433770850045e-02,  2.726696732959200e-02,  2.459314667247695e-01,  2.267185996456828e-01, -1.212927297440490e-01,  5.667305224350019e-02
  1.166666666666667e+00,  4.783115357015929e-02,  2.726675456074568e-02,  2.460219091950108e-01,  2.267331260352043e-01, -1.214167080189580e-01,  5.683518489098758e-02
  1.175000000000000e+00,  4.786929533345757e-02,  2.725456706171658e-02,  2.461128112340027e-01,  2.267506067896506e-01, -1.215391602804736e-01,  5.700351602595712e-02
  1.183333333333333e+00,  4.789965401334873e-02,  2.723001575459083e-02,  2.462040642142497e-01,  2.267734797332189e-01, -1.216613615024520e-01,  5.717742331198200e-02
  1.191666666666667e+00,  4.792251977161380e-02,  2.719347297863539e-02,  2.462958495541865e-01,  2.268037680411550e-01, -1.217844585188017e-01,  5.735535222429557e-02
  1.200000000000000e+00,  4.793758886857086e-02,  2.714587328930307e-02,  2.463878298913180e-01,  2.268426816911069e-01, -1.219091242877709e-01,  5.753553408267416e-02
  1.208333333333333e+00,  4.794406117121771e-02,  2.708869281130455e-02,  2.464793873921406e-01,  2.268903266589538e-01, -1.220353103894711e-01,  5.771584299908433e-02
  1.216666666666667e+00,  4.794024433301772e-02,  2.702400135808203e-02,  2.465702821529394e-01,  2.269458276221260e-01, -1.221619653183822e-01,  5.789220548852404e-02
  1.225000000000000e+00,  4.792715566840905e-02,  2.695463588083191e-02,  2.466607590741180e-01,  2.270079256996346e-01, -1.222885289084151e-01,  5.806272692837398e-02
  1.233333333333333e+00,  4.790364132244996e-02,  2.688350492681058e-02,  2.467506766175326e-01,  2.270749979327877e-01, -1.224135146381738e-01,  5.822284770708101e-02
  1.241666666666667e+00,  4.787035774493759e-02,  2.681347242764254e-02,  2.468391775242555e-01,  2.271457123348860e-01, -1.225359684047315e-01,  5.836996577510214e-02
  1.250000000000000e+00,  4.782872239850330e-02,  2.674708158431383e-02,  2.469249850352263e-01,  2.272190296488450e-01, -1.226551953171933e-01,  5.850226888245898e-02
  1.258333333333333e+00,  4.778051003340332e-02,  2.668646455746027e-02,  2.470068656634862e-01,  2.272941007159737e-01, -1.227708517088849e-01,  5.861855967529931e-02
  1.266666666666667e+00,  4.772636971285322e-02,  2.663346181528858e-02,  2.470839506714492e-01,  2.273698542435225e-01, -1.228831404325650e-01,  5.871876365393945e-02
  1.275000000000000e+00,  4.767156390998595e-02,  2.658949464195959e-02,  2.471542466793520e-01,  2.274471245348579e-01, -1.229928676963686e-01,  5.880310006438189e-02
  1.283333333333333e+00,  4.761843150139304e-02,  2.655613701083626e-02,  2.472162993903754e-01,  2.275262193749701e-01, -1.231016369700141e-01,  5.887384886058874e-02
  1.291666666666667e+00,  4.757242796610813e-02,  2.653470371169542e-02,  2.472681861502467e-01,  2.276090527384701e-01, -1.232115924918598e-01,  5.893352083128359e-02
  1.300000000000000e+00,  4.753435107051476e-02,  2.652634939127552e-02,  2.473096251724515e-01,  2.276965426160970e-01, -1.233249378293861e-01,  5.898487665910702e-02
  1.308333333333333e+00,  4.750863852562510e-02,  2.653134292784487e-02,  2.473405998766879e-01,  2.277906498327764e-01, -1.234436175730547e-01,  5.903024467137516e-02
  1.316666666666667e+00,  4.749733724646660e-02,  2.654915638905653e-02,  2.473622272431909e-01,  2.278920856372468e-01, -1.235689729905656e-01,  5.907188339295445e-02
  1.325000000000000e+00,  4.750142172902774e-02,  2.657831058052174e-02,  2.473755612005947e-01,  2.280004405390163e-01, -1.237016012769145e-01,  5.911238608960843e-02
  1.333333333333333e+00,  4.752094992211366e-02,  2.661642327668789e-02,  2.473810900096478e-01,  2.281141548862607e-01, -1.238411562173425e-01,  5.915486322982390e-02
  1.341666666666667e+00,  4.755526790360364e-02,  2.666048884413352e-02,  2.473789564785678e-01,  2.282307100855145e-01, -1.239862185973222e-01,  5.920246222795229e-02
  1.350000000000000e+00,  4.760332635070313e-02,  2.670732552951915e-02,  2.473691779604606e-01,  2.283470571327933e-01, -1.241345423753300e-01,  5.925799636909004e-02
  1.358333333333333e+00,  4.766388189690790e-02,  2.675400005360284e-02,  2.473515082263652e-01,  2.284600333641875e-01, -1.242835790029714e-01,  5.932407842847202e-02
  1.366666666666667e+00,  4.773550610591515e-02,  2.679808709721687e-02,  2.473253867862411e-01,  2.285665543128602e-01, -1.244308496274719e-01,  5.940312419338942e-02
  1.375000000000000e+00,  4.781660711980432e-02,  2.683773160208469e-02,  2.472904625723371e-01,  2.286638224300521e-01, -1.245740898719178e-01,  5.949670289532641e-02
  1.383333333333333e+00,  4.790817367115686e-02,  2.687157902292325e-02,  2.472469950851746e-01,  2.287504855097753e-01, -1.247118485690052e-01,  5.960564289244523e-02
  1.391666666666667e+00,  4.800397818271832e-02,  2.689858473140050e-02,  2.471977074213176e-01,  2.288240684198588e-01, -1.248417905649093e-01,  5.972637469637064e-02
  1.400000000000000e+00,  4.810476719358896e-02,  2.691807661924139e-02,  2.471450114048685e-01,  2.288849245856735e-01, -1.249633577865162e-01,  5.985657712182511e-02
  1.408333333333333e+00,  4.820928017937309e-02,  2.692963261271775e-02,  2.470918009961253e-01,  2.289333007402250e-01, -1.250760004081242e-01,  5.999262488742192e-02
  1.416666666666667e+00,  4.831616057710149e-02,  2.693305255508771e-02,  2.470407350473049e-01,  2.289697056205680e-01, -1.251795875687759e-01,  6.013097396871047e-02
  1.425000000000000e+00,  4.842398599351334e-02,  2.692831436130416e-02,  2.469940865129502e-01,  2.289948499164726e-01, -1.252743304893304e-01,  6.026847334181822e-02
  1.433333333333333e+00,  4.853134438746792e-02,  2.691555434689730e-02,  2.469537823825626e-01,  2.290095963697846e-01, -1.253605950125601e-01,  6.040229549252359e-02
  1.441666666666667e+00,  4.863688290189334e-02,  2.689502386615450e-02,  2.469214960256689e-01,  2.290148201785869e-01, -1.254387403971808e-01,  6.052980886024140e-02
  1.450000000000000e+00,  4.873926633814891e-02,  2.686704078162849e-02,  2.468987405489884e-01,  2.290112118555695e-01, -1.255089893326885e-01,  6.064856420431475e-02
  1.458333333333333e+00,  4.883713339867536e-02,  2.683202972448950e-02,  2.468870107111775e-01,  2.289992322407128e-01, -1.255714055546571e-01,  6.075629556878207e-02
  1.466666666666667e+00,  4.892921106569012e-02,  2.679064649903307e-02,  2.468877628020275e-01,  2.289793889527706e-01, -1.256260883793161e-01,  6.085097950737458e-02
  1.475000000000000e+00,  4.901455323869074e-02,  2.674385244571864e-02,  2.469020385990158e-01,  2.289526629494068e-01, -1.256734283767236e-01,  6.093106444959869e-02
  1.483333333333333e+00,  4.909269778270407e-02,  2.669285347994466e-02,  2.469300356093762e-01,  2.289207763772953e-01, -1.257141934245397e-01,  6.099577101311159e-02
  1.491666666666667e+00,  4.916371101498951e-02,  2.663896248957109e-02,  2.469709658419111e-01,  2.288862656405320e-01, -1.257495047815315e-01,  6.104532334725423e-02
  1.500000000000000e+00,  4.922820030646842e-02,  2.658348374859631e-02,  2.470231365363653e-01,  2.288524160360262e-01, -1.257808914851395e-01,  6.108106773750067e-02
  1.508333333333333e+00,  4.928711027017543e-02,  2.652764562736931e-02,  2.470841839210203e-01,  2.288228990200928e-01, -1.258103498433356e-01,  6.110539995195179e-02
  1.516666666666667e+00,  4.934106414182346e-02,  2.647256624281491e-02,  2.471516031262048e-01,  2.288010457369408e-01, -1.258402997033622e-01,  6.112149266404714e-02
  1.525000000000000e+00,  4.938963486134898e-02,  2.641925218155383e-02,  2.472233925133765e-01,  2.287891432133786e-01, -1.258734793959584e-01,  6.113298135360570e-02
  1.533333333333333e+00,  4.943142675354970e-02,  2.636866519191572e-02,  2.472982361692436e-01,  2.287882999662708e-01, -1.259126915011304e-01,  6.114358605699722e-02
  1.541666666666667e+00,  4.946508326796500e-02,  2.632186072793075e-02,  2.473751183910369e-01,  2.287988953053372e-01, -1.259603853225993e-01,  6.115653745000663e-02
  1.550000000000000e+00,  4.948871836125684e-02,  2.628004546145091e-02,  2.474529569950017e-01,  2.288207031567791e-01, -1.260182135107950e-01,  6.117383990583828e-02
  1.558333333333333e+00,  4.950605062335813e-02,  2.624445204994608e-02,  2.475306444173214e-01,  2.288542710911655e-01, -1.260874695096063e-01,  6.119707163674903e-02
  1.566666666666667e+00,  4.951626401376807e-02,  2.621611495368570e-02,  2.476074912813541e-01,  2.288986427955552e-01, -1.261684533459756e-01,  6.122606979630753e-02
  1.575000000000000e+00,  4.952011416796259e-02,  2.619569988749570e-02,  2.476832694436745e-01,  2.289527249891262e-01, -1.262612537224599e-01,  6.126025404432001e-02
  1.583333333333333e+00,  4.951789376193809e-02,  2.618336698440071e-02,  2.477580589201088e-01,  2.290148550057387e-01, -1.263657492730557e-01,  6.129906897991531e-02
  1.591666666666667e+00,  4.950914730385297e-02,  2.617871512120029e-02,  2.478320772920189e-01,  2.290827659223697e-01, -1.264814794107929e-01,  6.134244746514523e-02
  1.600000000000000e+00,  4.949297205911570e-02,  2.618093890439521e-02,  2.479057105232711e-01,  2.291539062159418e-01, -1.266074847072493e-01,  6.139054536261788e-02
  1.608333333333333e+00,  4.946859603033256e-02,  2.618911539373170e-02,  2.479795365894894e-01,  2.292259377729177e-01, -1.267422730837167e-01,  6.144311782027292e-02
  1.616666666666667e+00,  4.943568099086918e-02,  2.620240449567368e-02,  2.480541769624725e-01,  2.292969183100473e-01, -1.268839335034896e-01,  6.149936561224560e-02
  1.625000000000000e+00,  4.939424007955066e-02,  2.622008955099253e-02,  2.481300717654653e-01,  2.293650581350511e-01, -1.270302665941150e-01,  6.155841105593002e-02
  1.633333333333334e+00,  4.934446188580132e-02,  2.624150182890306e-02,  2.482071881958749e-01,  2.294283262530525e-01, -1.271787950722061e-01,  6.161999588730831e-02
  1.641666666666667e+00,  4.928665326542188e-02,  2.626590173083598e-02,  2.482846748283499e-01,  2.294842319515358e-01, -1.273267898949512e-01,  6.168497407281798e-02
  1.650000000000000e+00,  4.921968111903926e-02,  2.629250583514908e-02,  2.483609726995861e-01,  2.295295476721698e-01, -1.274715159351088e-01,  6.175554284830643e-02
  1.658333333333333e+00,  4.914794547335736e-02,  2.632017758359040e-02,  2.484330793551493e-01,  2.295629316318135e-01, -1.276103367937437e-01,  6.183343421026029e-02
  1.666666666666667e+00,  4.907202454753438e-02,  2.634813637231725e-02,  2.484984527263457e-01,  2.295826443184848e-01, -1.277411618877204e-01,  6.192079788680733e-02
  1.675000000000000e+00,  4.899693599122545e-02,  2.637566533968738e-02,  2.485541853341840e-01,  2.295894058145400e-01, -1.278623032995217e-01,  6.201804287076911e-02
  1.683333333333333e+00,  4.892456025833221e-02,  2.640263252594033e-02,  2.485981166579342e-01,  2.295840904149223e-01, -1.279727750498461e-01,  6.212543953720781e-02
  1.691666666666667e+00,  4.886251589751692e-02,  2.642892722257373e-02,  2.486275090287666e-01,  2.295706034895051e-01, -1.280720869056395e-01,  6.224110822570969e-02
  1.700000000000000e+00,  4.881696956809550e-02,  2.645486992850898e-02,  2.486404607838499e-01,  2.295531611880080e-01, -1.281604437882616e-01,  6.236247760165840e-02
  1.708333333333333e+00,  4.879255168170681e-02,  2.648108318984765e-02,  2.486368373572521e-01,  2.295354708203590e-01, -1.282385676893683e-01,  6.248580969964414e-02
  1.716666666666667e+00,  4.879123917024742e-02,  2.650832688337679e-02,  2.486191726537739e-01,  2.295194424666665e-01, -1.283074858786727e-01,  6.260622735174035e-02
  1.725000000000000e+00,  4.881391042060521e-02,  2.653739345211492e-02,  2.485923687020281e-01,  2.295050944371920e-01, -1.283686419862329e-01,  6.271869214786498e-02
  1.733333333333333e+00,  4.885425119945750e-02,  2.656874017867916e-02,  2.485630559392085e-01,  2.294897769874267e-01, -1.284227388088777e-01,  6.281645476293253e-02
  1.741666666666667e+00,  4.890918231557872e-02,  2.660276577589138e-02,  2.485366793160205e-01,  2.294716184533963e-01, -1.284713671943499e-01,  6.289580356586416e-02
  1.750000000000000e+00,  4.897471667395763e-02,  2.663955693298048e-02,  2.485168129968366e-01,  2.294496820595472e-01, -1.285160319029920e-01,  6.295436823964137e-02
  1.758333333333334e+00,  4.904722664586088e-02,  2.667900826433978e-02,  2.485052006674730e-01,  2.294241600339908e-01, -1.285581967925093e-01,  6.299147797098517e-02
  1.766666666666667e+00,  4.912309839528499e-02,  2.672079479149314e-02,  2.485027051668649e-01,  2.293954687559483e-01, -1.285989599271171e-01,  6.300747448697427e-02
  1.775000000000000e+00,  4.919839773809669e-02,  2.676421842323218e-02,  2.485100266838786e-01,  2.293634374441878e-01, -1.286388854238285e-01,  6.300336253713473e-02
  1.783333333333333e+00,  4.926892885584373e-02,  2.680805629403316e-02,  2.485275902851392e-01,  2.293272745315644e-01, -1.286781009842818e-01,  6.298117255216529e-02
  1.791666666666667e+00,  4.933076188458381e-02,  2.685061659323495e-02,  2.485549829190061e-01,  2.292862070480548e-01, -1.287164950890332e-01,  6.294442226459578e-02
  1.800000000000000e+00,  4.938088652845365e-02,  2.689002608912516e-02,  2.485908954050503e-01,  2.292401425574334e-01, -1.287538909510360e-01,  6.289778915273830e-02
  1.808333333333333e+00,  4.941752005671800e-02,  2.692455011601136e-02,  2.486337844421249e-01,  2.291897872008606e-01, -1.287901942699898e-01,  6.284611890512354e-02
  1.816666666666667e+00,  4.943789370706612e-02,  2.695278724712180e-02,  2.486826198350431e-01,  2.291357843016311e-01, -1.288253444230224e-01,  6.279350991224548e-02
  1.825000000000000e+00,  4.944741163380714e-02,  2.697371885385591e-02,  2.487361192702023e-01,  2.290809982215537e-01, -1.288602323768602e-01,  6.274395591681554e-02
  1.833333333333333e+00,  4.944545950232568e-02,  2.698675573770704e-02,  2.487935072227421e-01,  2.290266974504244e-01, -1.288953986658945e-01,  6.270020192400388e-02
  1.841666666666667e+00,  4.943470611435359e-02,  2.699169353693542e-02,  2.488535286238149e-01,  2.289748586688329e-01, -1.289315643675994e-01,  6.266438680879861e-02
  1.850000000000000e+00,  4.941857293841791e-02,  2.698867850778175e-02,  2.489144819241373e-01,  2.289273168153350e-01, -1.289690684382174e-01,  6.263765791307256e-02
  1.858333333333333e+00,  4.940086845891522e-02,  2.697819326789497e-02,  2.489742534837551e-01,  2.288857007597752e-01, -1.290076874986272e-01,  6.262000266078953e-02
  1.866666666666667e+00,  4.938529818389705e-02,  2.696099053302858e-02,  2.490306715085799e-01,  2.288513176044045e-01, -1.290467683201976e-01,  6.261034642967002e-02
  1.875000000000000e+00,  4.937465812383820e-02,  2.693791877308338e-02,  2.490821132481568e-01,  2.288247906781744e-01, -1.290855823866196e-01,  6.260688769103927e-02
  1.883333333333333e+00,  4.937028906520169e-02,  2.690980836146517e-02,  2.491279834405358e-01,  2.288058572829758e-01, -1.291236638376233e-01,  6.260732540321635e-02
  1.891666666666667e+00,  4.937226658523855e-02,  2.687760273390971e-02,  2.491687452932415e-01,  2.287935672434386e-01, -1.291608728608068e-01,  6.260884236417724e-02
  1.900000000000000e+00,  4.937994551732063e-02,  2.684252878872617e-02,  2.492055636777731e-01,  2.287865852029377e-01, -1.291971827414236e-01,  6.260818248954415e-02
  1.908333333333333e+00,  4.939225851121255e-02,  2.680602370449092e-02,  2.492398143270071e-01,  2.287832935213158e-01, -1.292325084130976e-01,  6.260212768769270e-02
  1.916666666666667e+00,  4.940778295535161e-02,  2.676953636927171e-02,  2.492725761045546e-01,  2.287818462489020e-01, -1.292667949767910e-01,  6.258820852432347e-02
  1.925000000000000e+00,  4.942489036699226e-02,  2.673442108060375e-02,  2.493042071195283e-01,  2.287804689941314e-01, -1.293001529268168e-01,  6.256521104473921e-02
  1.933333333333333e+00,  4.944202013847327e-02,  2.670190012605400e-02,  2.493341958752945e-01,  2.287779807459004e-01, -1.293327884925039e-01,  6.253321816373067e-02
  1.941666666666667e+00,  4.945795717176459e-02,  2.667301928781174e-02,  2.493613165180167e-01,  2.287742645582676e-01, -1.293648796788198e-01,  6.249327048492522e-02
  1.950000000000000e+00,  4.947200433515928e-02,  2.664861501181481e-02,  2.493839924014642e-01,  2.287703597856304e-01, -1.293966091803935e-01,  6.244691370472571e-02
  1.958333333333333e+00,  4.948394717223448e-02,  2.662932271401952e-02,  2.494008463178001e-01,  2.287680410943415e-01, -1.294282299408505e-01,  6.239582007067533e-02
  1.966666666666667e+00,  4.949385895325013e-02,  2.661559596693874e-02,  2.494112676059932e-01,  2.287691629562682e-01, -1.294600422473700e-01,  6.234155638877534e-02
  1.975000000000000e+00,  4.950195020183883e-02,  2.660768396607849e-02,  2.494156484280368e-01,  2.287751861485027e-01, -1.294923956697430e-01,  6.228552554314200e-02
  1.983333333333333e+00,  4.950860058061928e-02,  2.660560223749098e-02,  2.494151968980696e-01,  2.287870423473316e-01, -1.295257342923669e-01,  6.222897586380626e-02
  1.991666666666667e+00,  4.951453391458725e-02,  2.660915675362419e-02,  2.494115614160640e-01,  2.288052169202091e-01, -1.295605560294302e-01,  6.217296775861126e-02
  2.000000000000000e+00,  4.952096841480116e-02,  2.661795250340915e-02,  2.494064470509692e-01,  2.288298491870279e-01, -1.295972610894459e-01,  6.211841208770533e-02
  2.008333333333333e+00,  4.952960114916474e-02,  2.663132030692439e-02,  2.494012512124729e-01,  2.288607813637689e-01, -1.296360189544052e-01,  6.206625146443667e-02
  2.016666666666667e+00,  4.954244381011345e-02,  2.664827821815874e-02,  2.493968266908344e-01,  2.288977176227302e-01, -1.296768256893018e-01,  6.201758721277202e-02
  2.025000000000000e+00,  4.956158644852776e-02,  2.666766330740078e-02,  2.493935660208718e-01,  2.289405442192694e-01, -1.297197283795381e-01,  6.197358039953600e-02
  2.033333333333334e+00,  4.958893058914281e-02,  2.668838271424323e-02,  2.493917958762741e-01,  2.289894577892730e-01, -1.297649216319760e-01,  6.193513221638446e-02
  2.041666666666667e+00,  4.962599233457391e-02,  2.670961858998933e-02,  2.493920884758880e-01,  2.290447216146063e-01, -1.298125637454662e-01,  6.190255418074948e-02
  2.050000000000000e+00,  4.967379537205332e-02,  2.673089593688993e-02,  2.493951672225896e-01,  2.291063940636477e-01, -1.298625748255662e-01,  6.187559602169530e-02
  2.058333333333334e+00,  4.973269139456854e-02,  2.675207935738189e-02,  2.494016763113717e-01,  2.291742329574578e-01, -1.299147096575609e-01,  6.185388064607795e-02
  2.066666666666667e+00,  4.980217729714798e-02,  2.677337886419862e-02,  2.494121486104221e-01,  2.292476822933827e-01, -1.299688125083923e-01,  6.183735014612263e-02
  2.075000000000000e+00,  4.988094344358210e-02,  2.679530681909403e-02,  2.494270069768071e-01,  2.293259213227316e-01, -1.300249225922611e-01,  6.182640933813092e-02
  2.083333333333333e+00,  4.996705159028145e-02,  2.681851176190553e-02,  2.494463869583788e-01,  2.294078969964032e-01, -1.300831080009717e-01,  6.182187604005609e-02
  2.091666666666667e+00,  5.006050162129439e-02,  2.684358887429905e-02,  2.494698296933674e-01,  2.294930222429570e-01, -1.301435441729107e-01,  6.182511850117504e-02
  2.100000000000000e+00,  5.015406740035163e-02,  2.687095457385857e-02,  2.494968288411283e-01,  2.295785290877047e-01, -1.302054138364506e-01,  6.183706029398438e-02
  2.108333333333333e+00,  5.024759355160469e-02,  2.690098071148261e-02,  2.495265627287635e-01,  2.296638737253699e-01, -1.302687411834788e-01,  6.185907246349331e-02
  2.116666666666667e+00,  5.033924061181660e-02,  2.693401132006534e-02,  2.495587319450981e-01,  2.297481499291387e-01, -1.303334453771013e-01,  6.189212662132636e-02
  2.125000000000000e+00,  5.042758557878053e-02,  2.697033279882444e-02,  2.495936142297628e-01,  2.298306365385556e-01, -1.303995557069939e-01,  6.193680950273023e-02
  2.133333333333334e+00,  5.051156098321717e-02,  2.701013712765099e-02,  2.496319143858224e-01,  2.299106713788062e-01, -1.304670535077836e-01,  6.199315097836640e-02
  2.141666666666667e+00,  5.059030242572048e-02,  2.705350157298914e-02,  2.496742829617491e-01,  2.299874270515922e-01, -1.305355847612162e-01,  6.206071621722996e-02
  2.150000000000000e+00,  5.066295081549343e-02,  2.710030597434021e-02,  2.497207741131999e-01,  2.300596230862187e-01, -1.306042838316025e-01,  6.213909024604276e-02
  2.158333333333333e+00,  5.072845941112734e-02,  2.715007749471421e-02,  2.497705360760369e-01,  2.301252962330010e-01, -1.306718255064902e-01,  6.222853159111810e-02
  2.166666666666667e+00,  5.078555223725158e-02,  2.720189017137731e-02,  2.498217657683490e-01,  2.301818284666374e-01, -1.307365897413891e-01,  6.233034807470764e-02
  2.175000000000000e+00,  5.083300686312524e-02,  2.725447260667346e-02,  2.498720202644243e-01,  2.302265261976700e-01, -1.307970236860901e-01,  6.244654808823531e-02
  2.183333333333334e+00,  5.087008640747506e-02,  2.730646731718522e-02,  2.499188871242654e-01,  2.302575646541774e-01, -1.308521335130886e-01,  6.257890037038490e-02
  2.191666666666667e+00,  5.089663892705433e-02,  2.735659629205478e-02,  2.499606896481661e-01,  2.302745299567914e-01, -1.309016724441049e-01,  6.272810142855964e-02
  2.200000000000000e+00,  5.091275194263849e-02,  2.740366739573563e-02,  2.499970027257373e-01,  2.302782883032630e-01, -1.309459804920072e-01,  6.289343012358231e-02
  2.208333333333333e+00,  5.091836857187769e-02,  2.744657853439403e-02,  2.500288647122056e-01,  2.302706224745809e-01, -1.309858314697208e-01,  6.307283220733813e-02
  2.216666666666667e+00,  5.091246633050964e-02,  2.748421361793163e-02,  2.500582373962723e-01,  2.302538115728098e-01, -1.310220212269351e-01,  6.326275995326129e-02
  2.225000000000000e+00,  5.089644977246104e-02,  2.751607384971555e-02,  2.500873696182425e-01,  2.302302881840721e-01, -1.310561192371740e-01,  6.346202128508750e-02
  2.233333333333333e+00,  5.086989506264503e-02,  2.754158644797489e-02,  2.501170449397124e-01,  2.302022025259680e-01, -1.310885414270633e-01,  6.366790683043796e-02
  2.241666666666667e+00,  5.083430000870594e-02,  2.756078321456989e-02,  2.501468201607103e-01,  2.301716899682132e-01, -1.311195832526204e-01,  6.387870431988270e-02
  2.250000000000000e+00,  5.079189747239869e-02,  2.757399153450257e-02,  2.501754214183691e-01,  2.301406981688822e-01, -1.311492555025282e-01,  6.409263380783992e-02
  2.258333333333333e+00,  5.074485531222053e-02,  2.758152246263612e-02,  2.502014796051723e-01,  2.301105949312776e-01, -1.311772908197238e-01,  6.430786162466332e-02
  2.266666666666667e+00,  5.069487894495295e-02,  2.758347484441748e-02,  2.502240452916358e-01,  2.300818815340071e-01, -1.312030970420268e-01,  6.452267989340010e-02
  2.275000000000000e+00,  5.064320730210296e-02,  2.757971476187704e-02,  2.502428678241415e-01,  2.300541595321230e-01, -1.312258027285180e-01,  6.473543360610116e-02
  2.283333333333334e+00,  5.059072857316478e-02,  2.756995404237994e-02,  2.502584639013479e-01,  2.300262912530245e-01, -1.312444177257352e-01,  6.494431438664984e-02
  2.291666666666667e+00,  5.053807088561196e-02,  2.755383965391744e-02,  2.502719484111387e-01,  2.299966549893913e-01, -1.312579730026585e-01,  6.514724661811749e-02
  2.300000000000000e+00,  5.048567052323275e-02,  2.753102383176254e-02,  2.502847868403205e-01,  2.299634343752787e-01, -1.312655355171067e-01,  6.534179427110251e-02
  2.308333333333333e+00,  5.043386374934172e-02,  2.750123947583427e-02,  2.502986532294333e-01,  2.299248703580413e-01, -1.312661381965169e-01,  6.552501565662952e-02
  2.316666666666667e+00,  5.038292005115678e-02,  2.746437247384037e-02,  2.503153818543314e-01,  2.298793368518725e-01, -1.312587918084358e-01,  6.569344469639792e-02
  2.325000000000000e+00,  5.033293687952092e-02,  2.742047402833947e-02,  2.503369222722557e-01,  2.298253129184575e-01, -1.312427085199239e-01,  6.584345095744043e-02
  2.333333333333333e+00,  5.028376895270172e-02,  2.736970731128152e-02,  2.503651556215916e-01,  2.297615585274192e-01, -1.312175918725242e-01,  6.597190931898934e-02
  2.341666666666667e+00,  5.023509784161001e-02,  2.731228460939938e-02,  2.504015635981711e-01,  2.296874365682349e-01, -1.311837032693308e-01,  6.607668449323965e-02
  2.350000000000000e+00,  5.018648183434922e-02,  2.724842688136908e-02,  2.504471525183570e-01,  2.296029981403236e-01, -1.311417049928041e-01,  6.615656586247007e-02
  2.358333333333333e+00,  5.013731937077723e-02,  2.717836183660371e-02,  2.505028515422743e-01,  2.295087867499511e-01, -1.310925064327299e-01,  6.621093533630851e-02
  2.366666666666667e+00,  5.008688552036504e-02,  2.710235305571285e-02,  2.505697824843628e-01,  2.294056937390145e-01, -1.310371469037535e-01,  6.623970074074033e-02
  2.375000000000000e+00,  5.003461080870248e-02,  2.702072192000760e-02,  2.506489027231361e-01,  2.292951508199118e-01, -1.309767224003118e-01,  6.624348738514697e-02
  2.383333333333334e+00,  4.998045687798264e-02,  2.693387295908378e-02,  2.507404802294319e-01,  2.291794658555847e-01, -1.309124441499522e-01,  6.622365771423659e-02
  2.391666666666667e+00,  4.992493656154874e-02,  2.684232400200881e-02,  2.508439508262763e-01,  2.290617039858044e-01, -1.308456320488358e-01,  6.618210381925908e-02
  2.400000000000000e+00,  4.986868307311203e-02,  2.674670188610628e-02,  2.509580416647694e-01,  2.289450293928585e-01, -1.307774837958493e-01,  6.612113692790980e-02
  2.408333333333333e+00,  4.981207030695016e-02,  2.664774003513970e-02,  2.510808515603389e-01,  2.288321435973353e-01, -1.307088887850459e-01,  6.604355749801266e-02
  2.416666666666667e+00,  4.975521188763501e-02,  2.654633110147708e-02,  2.512099156050243e-01,  2.287251651594309e-01, -1.306405135530411e-01,  6.595275360083944e-02
  2.425000000000000e+00,  4.969810383712037e-02,  2.644360428263304e-02,  2.513424255550616e-01,  2.286257040928051e-01, -1.305730614737757e-01,  6.585276942010301e-02
  2.433333333333334e+00,  4.964065294778308e-02,  2.634097887400655e-02,  2.514755925707040e-01,  2.285348954052631e-01, -1.305074518278365e-01,  6.574823890395658e-02
  2.441666666666666e+00,  4.958265248236206e-02,  2.624017976511417e-02,  2.516069902367503e-01,  2.284534037509493e-01, -1.304447425994651e-01,  6.564405336642413e-02
  2.450000000000000e+00,  4.952389280838983e-02,  2.614324256451117e-02,  2.517346951233521e-01,  2.283815761230294e-01, -1.303859819525371e-01,  6.554495199405816e-02
  2.458333333333333e+00,  4.946442069068683e-02,  2.605252993005225e-02,  2.518572244786010e-01,  2.283197500613268e-01, -1.303322100903007e-01,  6.545525936134830e-02
  2.466666666666667e+00,  4.940468181947285e-02,  2.597067816177101e-02,  2.519735412064606e-01,  2.282683265155448e-01, -1.302843926148930e-01,  6.537863014210062e-02
  2.475000000000000e+00,  4.934530959716154e-02,  2.590038851133070e-02,  2.520833116521992e-01,  2.282273992956385e-01, -1.302430961828753e-01,  6.531770177266448e-02
  2.483333333333333e+00,  4.928672923890352e-02,  2.584413934407648e-02,  2.521871668767167e-01,  2.281963372578984e-01, -1.302081993961133e-01,  6.527390862478032e-02
  2.491666666666667e+00,  4.922897079749684e-02,  2.580394136270225e-02,  2.522865695761105e-01,  2.281737917278324e-01, -1.301789460094323e-01,  6.524764876544804e-02
  2.500000000000000e+00,  4.917178449292757e-02,  2.578117047395989e-02,  2.523833284104942e-01,  2.281580898575684e-01, -1.301542464828320e-01,  6.523862949734514e-02
  2.508333333333333e+00,  4.911485312738795e-02,  2.577649097697821e-02,  2.524791373106866e-01,  2.281476291776326e-01, -1.301329585965681e-01,  6.524610926351032e-02
  2.516666666666667e+00,  4.905632573978698e-02,  2.578997290170770e-02,  2.525758974469853e-01,  2.281405326899045e-01, -1.301138723340717e-01,  6.526864661669735e-02
  2.525000000000000e+00,  4.899947342059610e-02,  2.582086728158672e-02,  2.526738332212871e-01,  2.281369793705540e-01, -1.300965302977544e-01,  6.530529475145856e-02
  2.533333333333334e+00,  4.894307996967669e-02,  2.586838374469957e-02,  2.527746434832314e-01,  2.281360518692715e-01, -1.300802707616970e-01,  6.535362036795339e-02
  2.541666666666667e+00,  4.888770519133365e-02,  2.593166717333584e-02,  2.528794895117800e-01,  2.281378871303994e-01, -1.300649524188629e-01,  6.541085739871567e-02
  2.550000000000000e+00,  4.883418222759330e-02,  2.600994627157749e-02,  2.529890031348259e-01,  2.281430721399515e-01, -1.300506553617094e-01,  6.547375386951165e-02
  2.558333333333333e+00,  4.878347380850459e-02,  2.610236507608144e-02,  2.531030040882435e-01,  2.281523940171609e-01, -1.300375657303940e-01,  6.553897784452699e-02
  2.566666666666667e+00,  4.873626362377013e-02,  2.620776209131215e-02,  2.532207095061623e-01,  2.281664594643630e-01, -1.300259525397684e-01,  6.560360032768653e-02
  2.575000000000000e+00,  4.869254750924225e-02,  2.632453978346661e-02,  2.533410592342418e-01,  2.281854036504951e-01, -1.300161871859974e-01,  6.566558238278496e-02
  2.583333333333333e+00,  4.865163138132972e-02,  2.645066625939441e-02,  2.534627627513014e-01,  2.282089218394944e-01, -1.300087097183245e-01,  6.572408571585189e-02
  2.591666666666667e+00,  4.861236802115037e-02,  2.658378419457286e-02,  2.535842735861429e-01,  2.282364545785452e-01, -1.300039106855857e-01,  6.577942544408796e-02
  2.600000000000000e+00,  4.857328374541438e-02,  2.672131846957027e-02,  2.537039511314350e-01,  2.282672483327201e-01, -1.300019923126502e-01,  6.583281927577322e-02
  2.608333333333333e+00,  4.853262952416101e-02,  2.686051559055969e-02,  2.538202857602053e-01,  2.283002953353129e-01, -1.300028403570866e-01,  6.588609020749239e-02
  2.616666666666667e+00,  4.848847170438338e-02,  2.699846109028115e-02,  2.539320481471072e-01,  2.283343007974783e-01, -1.300059305438167e-01,  6.594139502784856e-02
  2.625000000000000e+00,  4.843885467881923e-02,  2.713215719004780e-02,  2.540383370933795e-01,  2.283678262815216e-01, -1.300104038513118e-01,  6.600108312180607e-02
  2.633333333333333e+00,  4.838211516889226e-02,  2.725871569787452e-02,  2.541384799124310e-01,  2.283995891913971e-01, -1.300153197803733e-01,  6.606752811034619e-02
  2.641666666666667e+00,  4.831726988299511e-02,  2.737560972411313e-02,  2.542318325396978e-01,  2.284286046431845e-01, -1.300198064574176e-01,  6.614272415847085e-02
  2.650000000000000e+00,  4.824423864349700e-02,  2.748083145602331e-02,  2.543175837424561e-01,  2.284540158217604e-01, -1.300229446838959e-01,  6.622781262767521e-02
  2.658333333333333e+00,  4.816378901271255e-02,  2.757288793404844e-02,  2.543946793974370e-01,  2.284748970798890e-01, -1.300235985165122e-01,  6.632281288146945e-02
  2.666666666666667e+00,  4.807730036714036e-02,  2.765071146655984e-02,  2.544620143609933e-01,  2.284903062203857e-01, -1.300204238549459e-01,  6.642657261365605e-02
  2.675000000000000e+00,  4.798653942838647e-02,  2.771357364593952e-02,  2.545188149308399e-01,  2.284995436930142e-01, -1.300120433784222e-01,  6.653680586334608e-02
  2.683333333333334e+00,  4.789349950962983e-02,  2.776104288142411e-02,  2.545649643759522e-01,  2.285023699040679e-01, -1.299972582410454e-01,  6.665015962048301e-02
  2.691666666666666e+00,  4.780025563951632e-02,  2.779300468067203e-02,  2.546011722472312e-01,  2.284989821709527e-01, -1.299752093915326e-01,  6.676230799415422e-02
  2.700000000000000e+00,  4.770889986330756e-02,  2.780971301072288e-02,  2.546289272979810e-01,  2.284898084969311e-01, -1.299454261448930e-01,  6.686807461945109e-02
  2.708333333333333e+00,  4.762158342943672e-02,  2.781181472487648e-02,  2.546501589022072e-01,  2.284753266152860e-01, -1.299076782362953e-01,  6.696168037484958e-02
  2.716666666666667e+00,  4.754047841179744e-02,  2.780030890627949e-02,  2.546668037193752e-01,  2.284559821843378e-01, -1.298617265896906e-01,  6.703733249612313e-02
  2.725000000000000e+00,  4.746744567814856e-02,  2.777640174363372e-02,  2.546806550376766e-01,  2.284320456168274e-01, -1.298072137964735e-01,  6.709003305248724e-02
  2.733333333333333e+00,  4.740360255848312e-02,  2.774123219240443e-02,  2.546934606026913e-01,  2.284034162906159e-01, -1.297437514576185e-01,  6.711614193405244e-02
  2.741666666666667e+00,  4.735128854842370e-02,  2.769555580605654e-02,  2.547066273969162e-01,  2.283703254309203e-01, -1.296713966776695e-01,  6.711402626561397e-02
  2.750000000000000e+00,  4.730641523683433e-02,  2.763956080314411e-02,  2.547219241073749e-01,  2.283313758576795e-01, -1.295897179440977e-01,  6.708300226925577e-02
  2.758333333333333e+00,  4.727121341107809e-02,  2.757310244140365e-02,  2.547400731847746e-01,  2.282876918991102e-01, -1.294996698789057e-01,  6.702513782930869e-02
  2.766666666666667e+00,  4.724579925062481e-02,  2.749606694888640e-02,  2.547620341538869e-01,  2.282404884500450e-01, -1.294026105678288e-01,  6.694351954737145e-02
  2.775000000000000e+00,  4.722991019535458e-02,  2.740861735849331e-02,  2.547890505333041e-01,  2.281914901581826e-01, -1.293004471390017e-01,  6.684160307720304e-02
  2.783333333333334e+00,  4.722301226593881e-02,  2.731132579967355e-02,  2.548226475007263e-01,  2.281427612058089e-01, -1.291953990122589e-01,  6.672253516147128e-02
  2.791666666666667e+00,  4.722446794176908e-02,  2.720526144401503e-02,  2.548643100936334e-01,  2.280965779959784e-01, -1.290897688368556e-01,  6.658899649920359e-02
  2.800000000000000e+00,  4.723355888849307e-02,  2.709194172010565e-02,  2.549150666907397e-01,  2.280551455057342e-01, -1.289856975031256e-01,  6.644347454204518e-02
  2.808333333333333e+00,  4.724937548568364e-02,  2.697314124078809e-02,  2.549752546213317e-01,  2.280201859795612e-01, -1.288849329747423e-01,  6.628857764601195e-02
  2.816666666666667e+00,  4.727088901294593e-02,  2.685078818012698e-02,  2.550444243212021e-01,  2.279927508096228e-01, -1.287887499391943e-01,  6.612715572562883e-02
  2.825000000000000e+00,  4.729720900562150e-02,  2.672703579487701e-02,  2.551211299703107e-01,  2.279732549499890e-01, -1.286979434491451e-01,  6.596236182803596e-02
  2.833333333333333e+00,  4.732764568423246e-02,  2.660431524219575e-02,  2.552025827417146e-01,  2.279614096554656e-01, -1.286127950940494e-01,  6.579791709993342e-02
  2.841666666666666e+00,  4.736144221712853e-02,  2.648531091730955e-02,  2.552846994441041e-01,  2.279560967211364e-01, -1.285331674553711e-01,  6.563828091529054e-02
  2.850000000000000e+00,  4.739756036553698e-02,  2.637301928831093e-02,  2.553630831059097e-01,  2.279556857674256e-01, -1.284588382676760e-01,  6.548795253114260e-02
  2.858333333333333e+00,  4.743498137412187e-02,  2.627081587461388e-02,  2.554341253063046e-01,  2.279589058330135e-01, -1.283898320071357e-01,  6.535025670436334e-02
  2.866666666666667e+00,  4.747332763735895e-02,  2.618224147761694e-02,  2.554946781400747e-01,  2.279655359117351e-01, -1.283264354358016e-01,  6.522723803019798e-02
  2.875000000000000e+00,  4.751311876676772e-02,  2.611053480738912e-02,  2.555406413143649e-01,  2.279763693346256e-01, -1.282689705210330e-01,  6.512096649327280e-02
  2.883333333333333e+00,  4.755543985254772e-02,  2.605823398234186e-02,  2.555664776039966e-01,  2.279927506960770e-01, -1.282176292818869e-01,  6.503449374934848e-02
  2.891666666666667e+00,  4.760140995825562e-02,  2.602700076955089e-02,  2.555662981154487e-01,  2.280160801010430e-01, -1.281724385901615e-01,  6.497136216396474e-02
  2.900000000000000e+00,  4.765183259550598e-02,  2.601758779683427e-02,  2.555354196984860e-01,  2.280474070914162e-01, -1.281332755946559e-01,  6.493451137723751e-02
  2.908333333333333e+00,  4.770690545225711e-02,  2.602991148738343e-02,  2.554716374903280e-01,  2.280870900756174e-01, -1.280999861737584e-01,  6.492554701667282e-02
  2.916666666666667e+00,  4.776567580452299e-02,  2.606325481556615e-02,  2.553761264536157e-01,  2.281345256193780e-01, -1.280726390904910e-01,  6.494435706656325e-02
  2.925000000000000e+00,  4.782563023207057e-02,  2.611654078409265e-02,  2.552535908095837e-01,  2.281882591765133e-01, -1.280517335884430e-01,  6.498890941815545e-02
  2.933333333333334e+00,  4.788317547497262e-02,  2.618857351824588e-02,  2.551113423919291e-01,  2.282466182266969e-01, -1.280381241621546e-01,  6.505536226485628e-02
  2.941666666666667e+00,  4.793473352605766e-02,  2.627810334166947e-02,  2.549578721439947e-01,  2.283082947098437e-01, -1.280327014697962e-01,  6.513857797940731e-02
  2.950000000000000e+00,  4.797739104471017e-02,  2.638366930916924e-02,  2.548017622859899e-01,  2.283723275547160e-01, -1.280360970429484e-01,  6.523283148855478e-02
  2.958333333333333e+00,  4.800885714921852e-02,  2.650344333176036e-02,  2.546510426845104e-01,  2.284376952398674e-01, -1.280485087190502e-01,  6.533234480822459e-02
  2.966666666666667e+00,  4.802730087489840e-02,  2.663521404592162e-02,  2.545125950053601e-01,  2.285029940400679e-01, -1.280695793030484e-01,  6.543164331480504e-02
  2.975000000000000e+00,  4.803139995077498e-02,  2.677641044990242e-02,  2.543916266518786e-01,  2.285664154730733e-01, -1.280983602206193e-01,  6.552585018587055e-02
  2.983333333333333e+00,  4.802049070976050e-02,  2.692414906598328e-02,  2.542915940712620e-01,  2.286259848071187e-01, -1.281333951919200e-01,  6.561068874221349e-02
  2.991666666666667e+00,  4.799220499542517e-02,  2.707539944168191e-02,  2.542146104576782e-01,  2.286793105486863e-01, -1.281728843802600e-01,  6.568241482426174e-02
  3.000000000000000e+00,  4.795156466442536e-02,  2.722664708151323e-02,  2.541607918162421e-01,  2.287259014117539e-01, -1.282146965231878e-01,  6.573780602981866e-02
  3.008333333333334e+00,  4.789788938622732e-02,  2.737451956820114e-02,  2.541289379855648e-01,  2.287644400516632e-01, -1.282567932277016e-01,  6.577508399009226e-02
  3.016666666666667e+00,  4.783325603902815e-02,  2.751557556201223e-02,  2.541161427407778e-01,  2.287947841979062e-01, -1.282970869087847e-01,  6.579341833109065e-02
  3.025000000000000e+00,  4.776094464863472e-02,  2.764651448450750e-02,  2.541182866267993e-01,  2.288177775884568e-01, -1.283336339346961e-01,  6.579281892633962e-02
  3.033333333333333e+00,  4.768543729645103e-02,  2.776431469604090e-02,  2.541306680723271e-01,  2.288353344227080e-01, -1.283647560523522e-01,  6.577388951614561e-02
  3.041666666666667e+00,  4.761196194255035e-02,  2.786638414137466e-02,  2.541486249082262e-01,  2.288501061100047e-01, -1.283890272701308e-01,  6.573775190848530e-02
  3.050000000000000e+00,  4.754594326562640e-02,  2.795055797518931e-02,  2.541677147643136e-01,  2.288648306760736e-01, -1.284051017897892e-01,  6.568629630016101e-02
  3.058333333333334e+00,  4.749263135982099e-02,  2.801497119071117e-02,  2.541836235030359e-01,  2.288818625903556e-01, -1.284117040939327e-01,  6.562254817892842e-02
  3.066666666666667e+00,  4.745660412950640e-02,  2.805802381712330e-02,  2.541924661670369e-01,  2.289029818282875e-01, -1.284079199078962e-01,  6.555067940832382e-02
  3.075000000000000e+00,  4.744269484557839e-02,  2.807849244839811e-02,  2.541912753904400e-01,  2.289295237793197e-01, -1.283935670695632e-01,  6.547595540254338e-02
  3.083333333333333e+00,  4.744880466086114e-02,  2.807557125876303e-02,  2.541792085352771e-01,  2.289606059315064e-01, -1.283683759348789e-01,  6.540225632241452e-02
  3.091666666666667e+00,  4.747646447547702e-02,  2.804896287908676e-02,  2.541565313039459e-01,  2.289952956999616e-01, -1.283328784899564e-01,  6.533429535081509e-02
  3.100000000000000e+00,  4.752333063669469e-02,  2.799895409796838e-02,  2.541254155056308e-01,  2.290310686650818e-01, -1.282877272698793e-01,  6.527537106152458e-02
  3.108333333333333e+00,  4.758525476320715e-02,  2.792650854979128e-02,  2.540894843237291e-01,  2.290646413932831e-01, -1.282339747182647e-01,  6.522739066602858e-02
  3.116666666666667e+00,  4.765709079611384e-02,  2.783324700449219e-02,  2.540531617081173e-01,  2.290926216107107e-01, -1.281730019795987e-01,  6.519074796554093e-02
  3.125000000000000e+00,  4.773362775797927e-02,  2.772130395018801e-02,  2.540206557943001e-01,  2.291121054780615e-01, -1.281062010695095e-01,  6.516464653100144e-02
  3.133333333333333e+00,  4.781218953774799e-02,  2.759307423304258e-02,  2.539948721332445e-01,  2.291214827892275e-01, -1.280347142459754e-01,  6.514767824474359e-02
  3.141666666666667e+00,  4.788563828905366e-02,  2.745161515232386e-02,  2.539783291001831e-01,  2.291183553033727e-01, -1.279591789691697e-01,  6.513786291533236e-02
  3.150000000000000e+00,  4.795308322362345e-02,  2.729985044387728e-02,  2.539715400899454e-01,  2.291024353193093e-01, -1.278799278841172e-01,  6.513304003470310e-02
  3.158333333333334e+00,  4.801103673390614e-02,  2.714108995233944e-02,  2.539746098410082e-01,  2.290731114492673e-01, -1.277969893572065e-01,  6.513048352721122e-02
  3.166666666666667e+00,  4.806269810992547e-02,  2.697839636271016e-02,  2.539862440690229e-01,  2.290318918178627e-01, -1.277103826217380e-01,  6.512734156051943e-02
  3.175000000000000e+00,  4.810636465526294e-02,  2.681525683941111e-02,  2.540055008196791e-01,  2.289796833950306e-01, -1.276202167150555e-01,  6.511993718153730e-02
  3.183333333333334e+00,  4.814273655135241e-02,  2.665510928170867e-02,  2.540310047690406e-01,  2.289185419799047e-01, -1.275268469818512e-01,  6.510461374671227e-02
  3.191666666666667e+00,  4.817318557240498e-02,  2.650142928557608e-02,  2.540613399384011e-01,  2.288511341724505e-01, -1.274308507907266e-01,  6.507803162010259e-02
  3.200000000000000e+00,  4.819966709180889e-02,  2.635763887116305e-02,  2.540950500291779e-01,  2.287807183746574e-01, -1.273330341922959e-01,  6.503751594794398e-02
  3.208333333333333e+00,  4.822469253295456e-02,  2.622695556820775e-02,  2.541305101981075e-01,  2.287112192160959e-01, -1.272345469822436e-01,  6.498143445726634e-02
  3.216666666666667e+00,  4.825119367866253e-02,  2.611223768642268e-02,  2.541658330716551e-01,  2.286471253362559e-01, -1.271369330986376e-01,  6.490950330050559e-02
  3.225000000000000e+00,  4.828234730504205e-02,  2.601589224013345e-02,  2.541988133389801e-01,  2.285931711027711e-01, -1.270420268300841e-01,  6.482288778620322e-02
  3.233333333333333e+00,  4.832139843802274e-02,  2.593984378874770e-02,  2.542269486059208e-01,  2.285538908576898e-01, -1.269517197242437e-01,  6.472401123434006e-02
  3.241666666666667e+00,  4.837139394822581e-02,  2.588547859842993e-02,  2.542476535181556e-01,  2.285331066389860e-01, -1.268676457307442e-01,  6.461607461662740e-02
  3.250000000000000e+00,  4.843490519140470e-02,  2.585355700440406e-02,  2.542585165043410e-01,  2.285334591943802e-01, -1.267909180553048e-01,  6.450259675906442e-02
  3.258333333333334e+00,  4.851386829222093e-02,  2.584414991432049e-02,  2.542574315659926e-01,  2.285559900267958e-01, -1.267219745044505e-01,  6.438726295552145e-02
  3.266666666666667e+00,  4.860946426789752e-02,  2.585657385321594e-02,  2.542427466169737e-01,  2.285998326301501e-01, -1.266604655873358e-01,  6.427383831687308e-02
  3.275000000000000e+00,  4.872387453295968e-02,  2.588935683574722e-02,  2.542134348353806e-01,  2.286629979820507e-01, -1.266053723240190e-01,  6.416541287956953e-02
  3.283333333333333e+00,  4.885274764040085e-02,  2.594050137370152e-02,  2.541698947043874e-01,  2.287403053909826e-01, -1.265550288475449e-01,  6.406550055973810e-02
  3.291666666666667e+00,  4.899558697746856e-02,  2.600755288057299e-02,  2.541136086919638e-01,  2.288276410738858e-01, -1.265078268927386e-01,  6.397518989507518e-02
  3.300000000000000e+00,  4.914925196892896e-02,  2.608785209018838e-02,  2.540472920961355e-01,  2.289200698450796e-01, -1.264622439287772e-01,  6.389490251895573e-02
  3.308333333333334e+00,  4.931015694375591e-02,  2.617859000371725e-02,  2.539741913522774e-01,  2.290128688674499e-01, -1.264169048044063e-01,  6.382422059029583e-02
  3.316666666666667e+00,  4.947514578619072e-02,  2.627692175467855e-02,  2.538973629435403e-01,  2.291020585587696e-01, -1.263705845465680e-01,  6.376209908227093e-02
  3.325000000000000e+00,  4.964208843214452e-02,  2.638006020275263e-02,  2.538193021128080e-01,  2.291848772616920e-01, -1.263222629521284e-01,  6.370684309216344e-02
  3.333333333333333e+00,  4.980999209730681e-02,  2.648533655134844e-02,  2.537420131337934e-01,  2.292600278725209e-01, -1.262712232319277e-01,  6.365595471135357e-02
  3.341666666666667e+00,  4.997874078559406e-02,  2.659023373850711e-02,  2.536671112070730e-01,  2.293275174525436e-01, -1.262170971870924e-01,  6.360633944508501e-02
  3.350000000000000e+00,  5.014859428666733e-02,  2.669230682160983e-02,  2.535957221489244e-01,  2.293880509826983e-01, -1.261597724388665e-01,  6.355503699074398e-02
  3.358333333333333e+00,  5.031954760803029e-02,  2.678901994987326e-02,  2.535285356459361e-01,  2.294421872103207e-01, -1.260991405985260e-01,  6.349972854729209e-02
  3.366666666666667e+00,  5.049073547680561e-02,  2.687776758141780e-02,  2.534662381036849e-01,  2.294896188930370e-01, -1.260347997866832e-01,  6.343845193801401e-02
  3.375000000000000e+00,  5.066027535162354e-02,  2.695620631814788e-02,  2.534099044663208e-01,  2.295291205548290e-01, -1.259660454349497e-01,  6.336913420674968e-02
  3.383333333333333e+00,  5.082574321023421e-02,  2.702260520073740e-02,  2.533609255864974e-01,  2.295593350589388e-01, -1.258922961137032e-01,  6.328975108715172e-02
  3.391666666666667e+00,  5.098471896276168e-02,  2.707584778570915e-02,  2.533206573156498e-01,  2.295795121775912e-01, -1.258134759260120e-01,  6.319898405799679e-02
  3.400000000000000e+00,  5.113485370981430e-02,  2.711509913700660e-02,  2.532901698305532e-01,  2.295894221204220e-01, -1.257298986979619e-01,  6.309678056278638e-02
  3.408333333333334e+00,  5.127368076855837e-02,  2.713947461896149e-02,  2.532701999566525e-01,  2.295888702778298e-01, -1.256419170689143e-01,  6.298457155785654e-02
  3.416666666666667e+00,  5.139858669354224e-02,  2.714798194256152e-02,  2.532612329446940e-01,  2.295774567268947e-01, -1.255497567275014e-01,  6.286521751643602e-02
  3.425000000000000e+00,  5.150709366261526e-02,  2.713975185723716e-02,  2.532635222814953e-01,  2.295546408270812e-01, -1.254534926012015e-01,  6.274275139827659e-02
  3.433333333333333e+00,  5.159736164592535e-02,  2.711437977444620e-02,  2.532768784191128e-01,  2.295199214162471e-01, -1.253529755464735e-01,  6.262197064466693e-02
  3.441666666666667e+00,  5.166853977028849e-02,  2.707214951505321e-02,  2.533003590685886e-01,  2.294729544215869e-01, -1.252477941168764e-01,  6.250805078517907e-02
  3.450000000000000e+00,  5.171883933086981e-02,  2.701412521183211e-02,  2.533322971387596e-01,  2.294130768528877e-01, -1.251375187879413e-01,  6.240658297583809e-02
  3.458333333333333e+00,  5.175247931426792e-02,  2.694159371390659e-02,  2.533704694754001e-01,  2.293411337945613e-01, -1.250217609572805e-01,  6.232200407466726e-02
  3.466666666666667e+00,  5.176817173723301e-02,  2.685616207887187e-02,  2.534129605065913e-01,  2.292565409088249e-01, -1.249007217747796e-01,  6.225937651554424e-02
  3.475000000000000e+00,  5.176700897854285e-02,  2.675909510906305e-02,  2.534580029822456e-01,  2.291594052477693e-01, -1.247750674385333e-01,  6.222293541135283e-02
  3.483333333333333e+00,  5.175055963890614e-02,  2.665140536223576e-02,  2.535041438039707e-01,  2.290499793876978e-01, -1.246459231478384e-01,  6.221613262216873e-02
  3.491666666666667e+00,  5.172050103211872e-02,  2.653411062096445e-02,  2.535503933129252e-01,  2.289285257641307e-01, -1.245146524333213e-01,  6.224103544126157e-02
  3.500000000000000e+00,  5.167850044953001e-02,  2.640843662656778e-02,  2.535961562300441e-01,  2.287952664219307e-01, -1.243825239017253e-01,  6.229775153403274e-02
  3.508333333333333e+00,  5.162628461241522e-02,  2.627584512959524e-02,  2.536409255868813e-01,  2.286504446443216e-01, -1.242504452315554e-01,  6.238432293586606e-02
  3.516666666666667e+00,  5.156578918943191e-02,  2.613793986391832e-02,  2.536840263002650e-01,  2.284945689952619e-01, -1.241189302115242e-01,  6.249712250337441e-02
  3.525000000000000e+00,  5.149934794125952e-02,  2.599639316642754e-02,  2.537245483010736e-01,  2.283288023812554e-01, -1.239883013553506e-01,  6.263137006335590e-02
  3.533333333333333e+00,  5.142975599651348e-02,  2.585294682155470e-02,  2.537614093382141e-01,  2.281551655173974e-01, -1.238589339432365e-01,  6.278155525260641e-02
  3.541666666666667e+00,  5.136012801755631e-02,  2.570941090498380e-02,  2.537934595271158e-01,  2.279764032154521e-01, -1.237313410904197e-01,  6.294177202473777e-02
  3.550000000000000e+00,  5.129378837129339e-02,  2.556768568877166e-02,  2.538196363394671e-01,  2.277958973040390e-01, -1.236061771704489e-01,  6.310586518645571e-02
  3.558333333333334e+00,  5.123429190212443e-02,  2.542987637538374e-02,  2.538392932466580e-01,  2.276177832252162e-01, -1.234842774434191e-01,  6.326736712135991e-02
  3.566666666666666e+00,  5.118537647975908e-02,  2.529838182566824e-02,  2.538525402041940e-01,  2.274468796772720e-01, -1.233665981020156e-01,  6.341952106972305e-02
  3.575000000000000e+00,  5.115075991427981e-02,  2.517576924568687e-02,  2.538601134739603e-01,  2.272882993817421e-01, -1.232540187591625e-01,  6.355579397145304e-02
  3.583333333333333e+00,  5.113383902123236e-02,  2.506442217306470e-02,  2.538627714328119e-01,  2.271470116167075e-01, -1.231472477169794e-01,  6.367090526671486e-02
  3.591666666666667e+00,  5.113733631374643e-02,  2.496617767186793e-02,  2.538608519118705e-01,  2.270274162377079e-01, -1.230468527587894e-01,  6.376167425041541e-02
  3.600000000000000e+00,  5.116298352619011e-02,  2.488222530009132e-02,  2.538543215506351e-01,  2.269328574313059e-01, -1.229531486051627e-01,  6.382686054079825e-02
  3.608333333333333e+00,  5.121137412433697e-02,  2.481330316449726e-02,  2.538429764425238e-01,  2.268653110916268e-01, -1.228659610121680e-01,  6.386610481576530e-02
  3.616666666666667e+00,  5.128423143134406e-02,  2.475981096929170e-02,  2.538262312265887e-01,  2.268260068660590e-01, -1.227847277726335e-01,  6.387936400526797e-02
  3.625000000000000e+00,  5.137581812274356e-02,  2.472230031710865e-02,  2.538044030900815e-01,  2.268136056583734e-01, -1.227081627593686e-01,  6.386482758908105e-02
  3.633333333333333e+00,  5.148573923608134e-02,  2.470061728444906e-02,  2.537774023113076e-01,  2.268274274656535e-01, -1.226353930961951e-01,  6.382208022452168e-02
  3.641666666666667e+00,  5.161123364268983e-02,  2.469422690293821e-02,  2.537460900288652e-01,  2.268659478831311e-01, -1.225656381662447e-01,  6.375031014381700e-02
  3.650000000000000e+00,  5.174908994589416e-02,  2.470202179821324e-02,  2.537120595861306e-01,  2.269273045355484e-01, -1.224984789687891e-01,  6.364919602486969e-02
  3.658333333333334e+00,  5.189537256509880e-02,  2.472239952530786e-02,  2.536777007730264e-01,  2.270091913080740e-01, -1.224340955672676e-01,  6.351940555559320e-02
  3.666666666666667e+00,  5.204551728248019e-02,  2.475355735488916e-02,  2.536460735922919e-01,  2.271089408797902e-01, -1.223733976356128e-01,  6.336292207173359e-02
  3.675000000000000e+00,  5.219513512503773e-02,  2.479378307955149e-02,  2.536203664313439e-01,  2.272239303025594e-01, -1.223178441681329e-01,  6.318318212170575e-02
  3.683333333333333e+00,  5.234054786280225e-02,  2.484143518147608e-02,  2.536033873657416e-01,  2.273517960381390e-01, -1.222691280443863e-01,  6.298528128836114e-02
  3.691666666666667e+00,  5.247746356926340e-02,  2.489477860900480e-02,  2.535971941611261e-01,  2.274897120473830e-01, -1.222289884775209e-01,  6.277709231365486e-02
  3.700000000000000e+00,  5.260649053021112e-02,  2.495186747998157e-02,  2.536025891767285e-01,  2.276369912743762e-01, -1.221990240488196e-01,  6.256579989084859e-02
  3.708333333333333e+00,  5.272465253350132e-02,  2.501099379427663e-02,  2.536185309310131e-01,  2.277911730287183e-01, -1.221805361775258e-01,  6.236266538388922e-02
  3.716666666666667e+00,  5.283091864327151e-02,  2.507059632462427e-02,  2.536420299464281e-01,  2.279505673930108e-01, -1.221742273393983e-01,  6.217903890952602e-02
  3.725000000000000e+00,  5.292421894537463e-02,  2.512915309508768e-02,  2.536687062394503e-01,  2.281131304577973e-01, -1.221799066397352e-01,  6.202628843553028e-02
  3.733333333333333e+00,  5.300341108036116e-02,  2.518514557749785e-02,  2.536934817458473e-01,  2.282761159160953e-01, -1.221963124331345e-01,  6.191485829931797e-02
  3.741666666666667e+00,  5.306803445161854e-02,  2.523734228609187e-02,  2.537116365270988e-01,  2.284366224089922e-01, -1.222213904570040e-01,  6.185278181957178e-02
  3.750000000000000e+00,  5.311902359200196e-02,  2.528520767548659e-02,  2.537205850824893e-01,  2.285930256063335e-01, -1.222531520555446e-01,  6.184345554367692e-02
  3.758333333333333e+00,  5.315860153629096e-02,  2.532910520105847e-02,  2.537215480806531e-01,  2.287460398091826e-01, -1.222905796773193e-01,  6.188392783457394e-02
  3.766666666666667e+00,  5.318753321341128e-02,  2.537020761337305e-02,  2.537199810838267e-01,  2.288977161166600e-01, -1.223337806502737e-01,  6.196529464826826e-02
  3.775000000000000e+00,  5.321136261568201e-02,  2.540961441764500e-02,  2.537219592407925e-01,  2.290514328637795e-01, -1.223833239033799e-01,  6.207585220940243e-02
  3.783333333333333e+00,  5.323018690568079e-02,  2.544845567850484e-02,  2.537337784030650e-01,  2.292081797237999e-01, -1.224392259528386e-01,  6.220313382996477e-02
  3.791666666666667e+00,  5.324591907498822e-02,  2.548741805115284e-02,  2.537589631636527e-01,  2.293680163302091e-01, -1.225005676627416e-01,  6.233607229287690e-02
  3.800000000000000e+00,  5.326115500356569e-02,  2.552690027760263e-02,  2.537985913841130e-01,  2.295302798478174e-01, -1.225655758935672e-01,  6.246510477076538e-02
  3.808333333333334e+00,  5.327891574894986e-02,  2.556706739814008e-02,  2.538518980120696e-01,  2.296940015085135e-01, -1.226319430388284e-01,  6.258220971668176e-02
  3.816666666666667e+00,  5.330224644481962e-02,  2.560787585007196e-02,  2.539169096336202e-01,  2.298581960442761e-01, -1.226972056741408e-01,  6.268106531569075e-02
  3.825000000000000e+00,  5.333378024611820e-02,  2.564912999084634e-02,  2.539910242954044e-01,  2.300219776638047e-01, -1.227590918607389e-01,  6.275728291398397e-02
  3.833333333333333e+00,  5.337651746797013e-02,  2.569043086194056e-02,  2.540709413559855e-01,  2.301848000288846e-01, -1.228156929536209e-01,  6.280867961220657e-02
  3.841666666666667e+00,  5.342817288891231e-02,  2.573196053693882e-02,  2.541554341987465e-01,  2.303449733711535e-01, -1.228655922359472e-01,  6.283406344639568e-02
