---- AnyBody Output File ---------------------------------
Study: Main.Studies.MotionOptimization
Operation: Main.Studies.MotionOptimization.Kinematics
----------------------------------------------------------
Constants (Name = Value): 
Main.Studies.KinematicStudyForParameterIdentification.JointAngleOutputs.OutputFile2d.FileName = "..\Input\Subjects\PS\Overground Gait Trials\PS_ngait_og_ss9\PS_ngait_og_ss9-output-euler-leftlateralepicondylepostd.txt"
Main.Studies.KinematicStudyForParameterIdentification.JointAngleOutputs.OutputFile2d.NumberFormat.Digits = 15
Main.Studies.KinematicStudyForParameterIdentification.JointAngleOutputs.OutputFile2d.NumberFormat.Width = 22
Main.Studies.KinematicStudyForParameterIdentification.JointAngleOutputs.OutputFile2d.NumberFormat.Style = ScientificNumber
Main.Studies.KinematicStudyForParameterIdentification.JointAngleOutputs.OutputFile2d.NumberFormat.FormatStr = "%22.15e"
Main.Studies.KinematicStudyForParameterIdentification.JointAngleOutputs.OutputFile2d.Search = 
Main.Studies.KinematicStudyForParameterIdentification.JointAngleOutputs.OutputFile2d.Format = 0
Main.Studies.KinematicStudyForParameterIdentification.JointAngleOutputs.OutputFile2d.SepSign = " "
Main.Studies.KinematicStudyForParameterIdentification.JointAngleOutputs.OutputFile2d.LineSepSign = ""
Main.Studies.KinematicStudyForParameterIdentification.JointAngleOutputs.OutputFile2d.Header.TitleSectionOnOff = On
Main.Studies.KinematicStudyForParameterIdentification.JointAngleOutputs.OutputFile2d.Header.ConstSectionOnOff = On
Main.Studies.KinematicStudyForParameterIdentification.JointAngleOutputs.OutputFile2d.Header.ConstSectionSaveOptionsOnOff = On
Main.Studies.KinematicStudyForParameterIdentification.JointAngleOutputs.OutputFile2d.Header.VarSectionOnOff = On
Main.Studies.KinematicStudyForParameterIdentification.JointAngleOutputs.OutputFile2d.Header.ColumnNamesOnOff = On
Main.Studies.KinematicStudyForParameterIdentification.JointAngleOutputs.OutputFile2d.Header.LinePrefix = ""
Main.Studies.KinematicStudyForParameterIdentification.JointAngleOutputs.OutputFile2d.ConstSectionSaveOptionsOnOff = On
----------------------------------------------------------
Variables (Column# Name): 
col0  Main.Studies.MotionOptimization.t
col1  Main.Studies.KinematicStudyForParameterIdentification.JointAngleOutputs.OutputFile2d.LeftEpicondylusPosX
col2  Main.Studies.KinematicStudyForParameterIdentification.JointAngleOutputs.OutputFile2d.LeftEpicondylusPosY
col3  Main.Studies.KinematicStudyForParameterIdentification.JointAngleOutputs.OutputFile2d.LeftEpicondylusPosZ
----------------------------------------------------------
Main.Studies.MotionOptimization.t Main.Studies.KinematicStudyForParameterIdentification.JointAngleOutputs.OutputFile2d.LeftEpicondylusPosX Main.Studies.KinematicStudyForParameterIdentification.JointAngleOutputs.OutputFile2d.LeftEpicondylusPosY Main.Studies.KinematicStudyForParameterIdentification.JointAngleOutputs.OutputFile2d.LeftEpicondylusPosZ
4.161666666666666e+000 -2.254758142673083e-001 4.748999576549367e-001 2.145161785433504e-001
4.169729729729729e+000 -2.279631186975913e-001 4.738431365168685e-001 2.139182656472474e-001
4.177792792792793e+000 -2.298929974893016e-001 4.730471305547697e-001 2.133469547582110e-001
4.185855855855856e+000 -2.310291939575984e-001 4.726350330080378e-001 2.128357884109053e-001
4.193918918918919e+000 -2.312320425467345e-001 4.726941060135433e-001 2.123715234988042e-001
4.201981981981982e+000 -2.305184098223901e-001 4.732332157222660e-001 2.119085325501459e-001
4.210045045045045e+000 -2.290430864461229e-001 4.741833788814545e-001 2.113938226375359e-001
4.218108108108108e+000 -2.270625566875291e-001 4.754152976119765e-001 2.107865940834507e-001
4.226171171171171e+000 -2.248894161865992e-001 4.767690480447227e-001 2.100618959092132e-001
4.234234234234235e+000 -2.228439592758623e-001 4.780874905808539e-001 2.091995602249949e-001
4.242297297297298e+000 -2.212044236538721e-001 4.792494005397482e-001 2.081600889670397e-001
4.250360360360361e+000 -2.201561336453484e-001 4.801981659116965e-001 2.068598387727939e-001
4.258423423423424e+000 -2.197434061842670e-001 4.809578614160672e-001 2.051724629623622e-001
4.266486486486487e+000 -2.198334932368165e-001 4.816321254525300e-001 2.029694099351215e-001
4.274549549549550e+000 -2.201194595459974e-001 4.823827446916819e-001 2.001791196544616e-001
4.282612612612613e+000 -2.201910128337548e-001 4.833852437903293e-001 1.968287817145623e-001
4.290675675675677e+000 -2.196503886163946e-001 4.847765630099952e-001 1.930434794530943e-001
4.298738738738740e+000 -2.182127421482283e-001 4.866203514234933e-001 1.890044753020522e-001
4.306801801801803e+000 -2.157615064739522e-001 4.888972504517855e-001 1.848921806318888e-001
4.314864864864866e+000 -2.123611501486444e-001 4.915142461771452e-001 1.808406715262845e-001
4.322927927927929e+000 -2.082296451989563e-001 4.943306346711905e-001 1.769130127550866e-001
4.330990990990992e+000 -2.036739897425134e-001 4.971961294482978e-001 1.730961957848251e-001
4.339054054054055e+000 -1.990036885563248e-001 4.999878033173952e-001 1.693200299817936e-001
4.347117117117119e+000 -1.944491636204620e-001 5.026324044326362e-001 1.654966345542777e-001
4.355180180180182e+000 -1.901144148616493e-001 5.051101178225091e-001 1.615554913110155e-001
4.363243243243245e+000 -1.859776889364825e-001 5.074427515738575e-001 1.574590545429278e-001
4.371306306306308e+000 -1.819286354888829e-001 5.096726835026023e-001 1.532110294785142e-001
4.379369369369371e+000 -1.778188390566666e-001 5.118415928986131e-001 1.488644912760880e-001
4.387432432432434e+000 -1.735124461526481e-001 5.139746317272207e-001 1.445221480515687e-001
4.395495495495498e+000 -1.689306630230434e-001 5.160720089347528e-001 1.403202852980811e-001
4.403558558558561e+000 -1.640717922564183e-001 5.181129537123393e-001 1.363883030491405e-001
4.411621621621624e+000 -1.589908376681936e-001 5.200721036575220e-001 1.327937979188530e-001
4.419684684684687e+000 -1.537590931903074e-001 5.219340567880536e-001 1.295150711605284e-001
4.427747747747750e+000 -1.484407204166041e-001 5.236938201970093e-001 1.264695744530407e-001
4.435810810810813e+000 -1.430935042606898e-001 5.253483087194961e-001 1.235742940359073e-001
4.443873873873876e+000 -1.377755946963188e-001 5.268901722909996e-001 1.207963973726000e-001
4.451936936936940e+000 -1.325431243707822e-001 5.283088463272259e-001 1.181701462557936e-001
4.460000000000003e+000 -1.274382638216252e-001 5.295970110726463e-001 1.157704223867128e-001
4.468063063063066e+000 -1.224829755724404e-001 5.307556350456306e-001 1.136582986400379e-001
4.476126126126129e+000 -1.176876844428147e-001 5.317929630801588e-001 1.118409286551921e-001
4.484189189189192e+000 -1.130566529615659e-001 5.327213522159303e-001 1.102724693474522e-001
4.492252252252255e+000 -1.085734775167645e-001 5.335566205961081e-001 1.088825387135198e-001
4.500315315315318e+000 -1.041882674806441e-001 5.343173518095764e-001 1.076010131865910e-001
4.508378378378382e+000 -9.984141413244937e-002 5.350198848401422e-001 1.063632280163631e-001
4.516441441441445e+000 -9.551822429061273e-002 5.356712487102843e-001 1.051062521124208e-001
4.524504504504508e+000 -9.127849759372209e-002 5.362678681819610e-001 1.037727532449410e-001
4.532567567567571e+000 -8.722060410663696e-002 5.368025529312406e-001 1.023266492904463e-001
4.540630630630634e+000 -8.341614336116829e-002 5.372723341997652e-001 1.007678902308186e-001
4.548693693693697e+000 -7.990986944967757e-002 5.376778589711456e-001 9.912126309468607e-002
4.556756756756760e+000 -7.661944673572990e-002 5.380317131622986e-001 9.741425565652333e-002
4.564819819819824e+000 -7.354884673064166e-002 5.383382328516956e-001 9.563761732277058e-002
4.572882882882887e+000 -7.067512627725059e-002 5.386038006617677e-001 9.375989331803668e-002
4.580945945945950e+000 -6.797314047440284e-002 5.388335871046706e-001 9.174031780512135e-002
4.589009009009013e+000 -6.540719789858478e-002 5.390315811698200e-001 8.954048874942355e-002
4.597072072072076e+000 -6.292683858949277e-002 5.392005106372931e-001 8.712584574393256e-002
4.605135135135139e+000 -6.046295064579559e-002 5.393416445826310e-001 8.446779795873900e-002
4.613198198198202e+000 -5.792856513887650e-002 5.394543444906987e-001 8.155416396058991e-002
4.621261261261266e+000 -5.523480119010008e-002 5.395354784197377e-001 7.840012026540871e-002
4.629324324324329e+000 -5.231747449430411e-002 5.395794107578965e-001 7.504967695454964e-002
4.637387387387392e+000 -4.915331434850481e-002 5.395792153484548e-001 7.156744916779004e-002
4.645450450450455e+000 -4.575386238875821e-002 5.395287395833602e-001 6.802957381729261e-002
4.653513513513518e+000 -4.214704643292336e-002 5.394246809423433e-001 6.452449290809256e-002
4.661576576576581e+000 -3.836322213675390e-002 5.392683071265947e-001 6.116234206067661e-002
4.669639639639645e+000 -3.443375104007756e-002 5.390664750324519e-001 5.807774631825715e-002
4.677702702702708e+000 -3.039912098415200e-002 5.388314343035741e-001 5.541700655371287e-002
4.685765765765771e+000 -2.631719927369559e-002 5.385794177609734e-001 5.331731892358534e-002
4.693828828828834e+000 -2.225636459034192e-002 5.383283575722668e-001 5.189182732653920e-002
4.701891891891897e+000 -1.832857335569155e-002 5.380955195845242e-001 5.119745181102575e-002
4.709954954954960e+000 -1.459591673013301e-002 5.378938345626120e-001 5.126088271174152e-002
4.718018018018023e+000 -1.111225582909121e-002 5.377291881099584e-001 5.204634300478746e-002
4.726081081081087e+000 -7.896785641261075e-003 5.375991562532714e-001 5.346634185539136e-002
4.734144144144150e+000 -4.937033030650025e-003 5.374946419235487e-001 5.539897384373141e-002
4.742207207207213e+000 -2.214893900456046e-003 5.374047078020817e-001 5.771315892897916e-002
4.750270270270276e+000 2.511262924138485e-004 5.373231970474786e-001 6.029043900486913e-002
4.758333333333339e+000 2.370919677155967e-003 5.372544810275857e-001 6.303875461966073e-002
4.766396396396402e+000 3.970312521704003e-003 5.372160301353054e-001 6.589800633202091e-002
4.774459459459465e+000 4.797253248744501e-003 5.372370914472330e-001 6.883967741268929e-002
4.782522522522529e+000 4.539920234340490e-003 5.373532005876599e-001 7.186664418136764e-002
4.790585585585592e+000 2.858949606671343e-003 5.375955047022438e-001 7.501948048916368e-002
4.798648648648655e+000 -5.527866121019130e-004 5.379737521172173e-001 7.839125051596813e-002
4.806711711711718e+000 -5.880275466176303e-003 5.384562692734880e-001 8.214085449265246e-002
4.814774774774781e+000 -1.310186605586038e-002 5.389585083182088e-001 8.647395016447976e-002
4.822837837837844e+000 -2.196301560396385e-002 5.393531214046806e-001 9.156570782465245e-002
4.830900900900907e+000 -3.203123830522295e-002 5.395026899075410e-001 9.745935330029486e-002
4.838963963963971e+000 -4.280784969847166e-002 5.392997508680356e-001 1.040180761871189e-001
4.847027027027034e+000 -5.384600136033801e-002 5.386924781124943e-001 1.109669185094437e-001
4.855090090090097e+000 -6.482426364075922e-002 5.376843694408134e-001 1.179921287150617e-001
4.863153153153160e+000 -7.555008327225553e-002 5.363143731348558e-001 1.248406243563090e-001
4.871216216216223e+000 -8.591415981182317e-002 5.346341695822484e-001 1.313744094714804e-001
4.879279279279286e+000 -9.584528634159840e-002 5.326946233712756e-001 1.375623520457581e-001
4.887342342342349e+000 -1.052995715071813e-001 5.305417598431950e-001 1.434258713070792e-001
4.895405405405413e+000 -1.142775401798018e-001 5.282157588348830e-001 1.489800113537658e-001
4.903468468468476e+000 -1.228338361935264e-001 5.257492580111498e-001 1.542061905832271e-001
4.911531531531539e+000 -1.310547948454156e-001 5.231682714176357e-001 1.590560971209800e-001
4.919594594594602e+000 -1.390149029875968e-001 5.204989225590017e-001 1.634647031154968e-001
4.927657657657665e+000 -1.467405233076488e-001 5.177753241274608e-001 1.673683436783115e-001
4.935720720720728e+000 -1.542004071838398e-001 5.150407737449468e-001 1.707318668887163e-001
4.943783783783792e+000 -1.613265067317861e-001 5.123404536396063e-001 1.735702547203699e-001
4.951846846846855e+000 -1.680484734958330e-001 5.097115719636368e-001 1.759480042827405e-001
4.959909909909918e+000 -1.743187969356179e-001 5.071782276576841e-001 1.779577045304451e-001
4.967972972972981e+000 -1.801249972275998e-001 5.047512740953080e-001 1.796913831472184e-001
4.976036036036044e+000 -1.854936009812290e-001 5.024294344635740e-001 1.812196984392303e-001
4.984099099099107e+000 -1.904808481468864e-001 5.002024429736327e-001 1.825856057608443e-001
4.992162162162170e+000 -1.951508274987839e-001 4.980576943079810e-001 1.838086443281716e-001
5.000225225225234e+000 -1.995557416937242e-001 4.959864955051737e-001 1.848940874517491e-001
5.008288288288297e+000 -2.037302298857235e-001 4.939854915848821e-001 1.858422459832002e-001
5.016351351351360e+000 -2.076961041335915e-001 4.920548612044555e-001 1.866528794825000e-001
5.024414414414423e+000 -2.114661363649291e-001 4.901978883996043e-001 1.873239389243021e-001
5.032477477477486e+000 -2.150436597266298e-001 4.884217075850573e-001 1.878518064638519e-001
5.040540540540549e+000 -2.184243417643056e-001 4.867352488261355e-001 1.882376938924961e-001
5.048603603603612e+000 -2.216024715454244e-001 4.851447339119053e-001 1.884940531560172e-001
5.056666666666676e+000 -2.245752689930085e-001 4.836509355318285e-001 1.886465485476569e-001
5.064729729729739e+000 -2.273407231976874e-001 4.822502903547762e-001 1.887331575020420e-001
5.072792792792802e+000 -2.298894789335547e-001 4.809406803208648e-001 1.887982023062568e-001
5.080855855855865e+000 -2.321941060561823e-001 4.797308151740140e-001 1.888800437718012e-001
5.088918918918928e+000 -2.342042882157161e-001 4.786466860214499e-001 1.889996011638811e-001
5.096981981981991e+000 -2.358550049724112e-001 4.777277956204375e-001 1.891602147477234e-001
5.105045045045054e+000 -2.370839660386620e-001 4.770138411963671e-001 1.893609293784131e-001
5.113108108108118e+000 -2.378458923497838e-001 4.765319926714973e-001 1.896106687012060e-001
5.121171171171181e+000 -2.381140945100251e-001 4.762936992865651e-001 1.899323486443511e-001
5.129234234234244e+000 -2.378733670231493e-001 4.762981211664653e-001 1.903615069907070e-001
5.137297297297307e+000 -2.371169200487825e-001 4.765337463242169e-001 1.909449431505877e-001
5.145360360360370e+000 -2.358514365544115e-001 4.769765562192878e-001 1.917370305206438e-001
5.153423423423433e+000 -2.341027490531561e-001 4.775889772475024e-001 1.927934596295536e-001
5.161486486486496e+000 -2.319184993197629e-001 4.783217655130789e-001 1.941622713186463e-001
5.169549549549560e+000 -2.293718691633041e-001 4.791176653754175e-001 1.958692839032145e-001
5.177612612612623e+000 -2.265667408663609e-001 4.799149336794112e-001 1.979045663108058e-001
5.185675675675686e+000 -2.236416268877198e-001 4.806490899707114e-001 2.002198777719821e-001
5.193738738738749e+000 -2.207749230005713e-001 4.812533891095887e-001 2.027296425566495e-001
5.201801801801812e+000 -2.181915513826163e-001 4.816607817346255e-001 2.053048409204522e-001
5.209864864864875e+000 -2.161585883613414e-001 4.818090786641150e-001 2.077702267209006e-001
5.217927927927939e+000 -2.149545940456626e-001 4.816493528866708e-001 2.099198910933979e-001
5.225990990991002e+000 -2.148103454822639e-001 4.811569425537554e-001 2.115500025132407e-001
5.234054054054065e+000 -2.158367683006774e-001 4.803421479069803e-001 2.125001917439771e-001
5.242117117117128e+000 -2.179695237858002e-001 4.792554653264136e-001 2.126959140893583e-001
5.250180180180191e+000 -2.209586336173352e-001 4.779846488200831e-001 2.121787870636860e-001
5.258243243243254e+000 -2.244116493094403e-001 4.766470238768236e-001 2.111036657656154e-001
5.266306306306317e+000 -2.278713406819000e-001 4.753825363076627e-001 2.096906644776799e-001
5.274369369369381e+000 -2.308979051808898e-001 4.743452028547850e-001 2.081523687787024e-001
5.282432432432444e+000 -2.331391618206318e-001 4.736830632051376e-001 2.066359988800930e-001
5.290495495495507e+000 -2.343808689216083e-001 4.735052812475893e-001 2.052073107353010e-001
5.298558558558570e+000 -2.345652700599318e-001 4.738511409385360e-001 2.038768691122149e-001
5.306621621621633e+000 -2.337755253558946e-001 4.746786654163713e-001 2.026418554287567e-001
5.314684684684696e+000 -2.322029672079808e-001 4.758781878342231e-001 2.015048155375784e-001
5.322747747747759e+000 -2.301159239600338e-001 4.773004812253415e-001 2.004594046882924e-001
5.330810810810823e+000 -2.278346540423782e-001 4.787845517814835e-001 1.994671508958616e-001
5.338873873873886e+000 -2.257038839734130e-001 4.801813798174026e-001 1.984405522125523e-001
5.346936936936949e+000 -2.240471571541161e-001 4.813792985380536e-001 1.972335988766521e-001
5.355000000000012e+000 -2.230919329369683e-001 4.823307795980835e-001 1.956561406642669e-001
