---- AnyBody Output File ---------------------------------
Study: Main.Studies.MotionOptimization
Operation: Main.Studies.MotionOptimization.Kinematics
----------------------------------------------------------
Constants (Name = Value): 
Main.Studies.KinematicStudyForParameterIdentification.JointAngleOutputs.OutputFile1.FileName = "..\Input\Subjects\PS\Overground Gait Trials\PS_ngait_og_ss9\PS_ngait_og_ss9-output-euler-trunk.txt"
Main.Studies.KinematicStudyForParameterIdentification.JointAngleOutputs.OutputFile1.NumberFormat.Digits = 15
Main.Studies.KinematicStudyForParameterIdentification.JointAngleOutputs.OutputFile1.NumberFormat.Width = 22
Main.Studies.KinematicStudyForParameterIdentification.JointAngleOutputs.OutputFile1.NumberFormat.Style = ScientificNumber
Main.Studies.KinematicStudyForParameterIdentification.JointAngleOutputs.OutputFile1.NumberFormat.FormatStr = "%22.15e"
Main.Studies.KinematicStudyForParameterIdentification.JointAngleOutputs.OutputFile1.Search = 
Main.Studies.KinematicStudyForParameterIdentification.JointAngleOutputs.OutputFile1.Format = 0
Main.Studies.KinematicStudyForParameterIdentification.JointAngleOutputs.OutputFile1.SepSign = " "
Main.Studies.KinematicStudyForParameterIdentification.JointAngleOutputs.OutputFile1.LineSepSign = ""
Main.Studies.KinematicStudyForParameterIdentification.JointAngleOutputs.OutputFile1.Header.TitleSectionOnOff = On
Main.Studies.KinematicStudyForParameterIdentification.JointAngleOutputs.OutputFile1.Header.ConstSectionOnOff = On
Main.Studies.KinematicStudyForParameterIdentification.JointAngleOutputs.OutputFile1.Header.ConstSectionSaveOptionsOnOff = On
Main.Studies.KinematicStudyForParameterIdentification.JointAngleOutputs.OutputFile1.Header.VarSectionOnOff = On
Main.Studies.KinematicStudyForParameterIdentification.JointAngleOutputs.OutputFile1.Header.ColumnNamesOnOff = On
Main.Studies.KinematicStudyForParameterIdentification.JointAngleOutputs.OutputFile1.Header.LinePrefix = ""
Main.Studies.KinematicStudyForParameterIdentification.JointAngleOutputs.OutputFile1.ConstSectionSaveOptionsOnOff = On
----------------------------------------------------------
Variables (Column# Name): 
col0  Main.Studies.MotionOptimization.t
col1  Main.Studies.KinematicStudyForParameterIdentification.JointAngleOutputs.OutputFile1.PelvisPosX
col2  Main.Studies.KinematicStudyForParameterIdentification.JointAngleOutputs.OutputFile1.PelvisPosY
col3  Main.Studies.KinematicStudyForParameterIdentification.JointAngleOutputs.OutputFile1.PelvisPosZ
col4  Main.Studies.KinematicStudyForParameterIdentification.JointAngleOutputs.OutputFile1.PelvisRotX
col5  Main.Studies.KinematicStudyForParameterIdentification.JointAngleOutputs.OutputFile1.PelvisRotY
col6  Main.Studies.KinematicStudyForParameterIdentification.JointAngleOutputs.OutputFile1.PelvisRotZ
col7  Main.Studies.KinematicStudyForParameterIdentification.JointAngleOutputs.OutputFile1.PelvisThoraxExtension
col8  Main.Studies.KinematicStudyForParameterIdentification.JointAngleOutputs.OutputFile1.PelvisThoraxLateralBending
col9  Main.Studies.KinematicStudyForParameterIdentification.JointAngleOutputs.OutputFile1.PelvisThoraxRotation
col10  Main.Studies.KinematicStudyForParameterIdentification.JointAngleOutputs.OutputFile1.NeckExtension
----------------------------------------------------------
Main.Studies.MotionOptimization.t Main.Studies.KinematicStudyForParameterIdentification.JointAngleOutputs.OutputFile1.PelvisPosX Main.Studies.KinematicStudyForParameterIdentification.JointAngleOutputs.OutputFile1.PelvisPosY Main.Studies.KinematicStudyForParameterIdentification.JointAngleOutputs.OutputFile1.PelvisPosZ Main.Studies.KinematicStudyForParameterIdentification.JointAngleOutputs.OutputFile1.PelvisRotX Main.Studies.KinematicStudyForParameterIdentification.JointAngleOutputs.OutputFile1.PelvisRotY Main.Studies.KinematicStudyForParameterIdentification.JointAngleOutputs.OutputFile1.PelvisRotZ Main.Studies.KinematicStudyForParameterIdentification.JointAngleOutputs.OutputFile1.PelvisThoraxExtension Main.Studies.KinematicStudyForParameterIdentification.JointAngleOutputs.OutputFile1.PelvisThoraxLateralBending Main.Studies.KinematicStudyForParameterIdentification.JointAngleOutputs.OutputFile1.PelvisThoraxRotation Main.Studies.KinematicStudyForParameterIdentification.JointAngleOutputs.OutputFile1.NeckExtension
4.161666666666666e+000 2.147564500739973e-001 1.824681086343838e-001 1.035628141364102e+000 1.423689510682012e+000 -2.117823168814725e-002 3.074513937024714e+000 -2.942043170316914e-001 2.225909903837314e-001 5.833732945316239e-002 0.000000000000000e+000
4.169729729729729e+000 2.059873111935649e-001 1.813091521215801e-001 1.034609031697683e+000 1.422813819826198e+000 -2.081630323988071e-002 3.071779260366280e+000 -2.942812982934547e-001 2.206185830344050e-001 5.776262858101652e-002 0.000000000000000e+000
4.177792792792793e+000 1.970512378942268e-001 1.800922613571632e-001 1.033627533362322e+000 1.422005692675370e+000 -2.115171053617515e-002 3.068590918920573e+000 -2.946718588562026e-001 2.183599607094865e-001 5.787821686522941e-002 0.000000000000000e+000
4.185855855855856e+000 1.879207524318070e-001 1.787913864062534e-001 1.032693660060326e+000 1.421152154181721e+000 -2.205606772989732e-002 3.064795578732620e+000 -2.951104617189423e-001 2.160685097858019e-001 5.875691077061970e-002 0.000000000000000e+000
4.193918918918919e+000 1.785821667635554e-001 1.773866870405939e-001 1.031827813676497e+000 1.420227221382440e+000 -2.328910846523002e-002 3.060329550450606e+000 -2.952285721034536e-001 2.138804786947111e-001 6.037822079798642e-002 0.000000000000000e+000
4.201981981981982e+000 1.690384579081358e-001 1.758710756386648e-001 1.031057417645281e+000 1.419268704410367e+000 -2.449144282313109e-002 3.055254731139021e+000 -2.945643738250163e-001 2.118206465908654e-001 6.253729913781282e-002 0.000000000000000e+000
4.210045045045045e+000 1.593088589882847e-001 1.742558462397061e-001 1.030411667289754e+000 1.418364360754812e+000 -2.527445158646069e-002 3.049741676419834e+000 -2.926846394047857e-001 2.097891345592353e-001 6.488257274195652e-002 0.000000000000000e+000
4.218108108108108e+000 1.494276881289847e-001 1.725710507320049e-001 1.029917356076001e+000 1.417640365361577e+000 -2.530933184291273e-002 3.044030084288954e+000 -2.892988297129285e-001 2.075640413946088e-001 6.699364129195408e-002 0.000000000000000e+000
4.226171171171171e+000 1.394424059447783e-001 1.708609730702217e-001 1.029597099991589e+000 1.417251305037634e+000 -2.438784508298175e-002 3.038378481712537e+000 -2.843281315703188e-001 2.048267059012535e-001 6.848250745594819e-002 0.000000000000000e+000
4.234234234234235e+000 1.294101172103766e-001 1.691779793131313e-001 1.029469907429041e+000 1.417376137909440e+000 -2.244333192266423e-002 3.033013981084240e+000 -2.779148982705459e-001 2.011927826820032e-001 6.908404628530045e-002 0.000000000000000e+000
4.242297297297298e+000 1.193921186979369e-001 1.675748771464464e-001 1.029552730569263e+000 1.418231809736675e+000 -1.954708564887309e-002 3.028101660727736e+000 -2.703937419504229e-001 1.962301572359934e-001 6.869484648582759e-002 0.000000000000000e+000
4.250360360360361e+000 1.094460120011018e-001 1.660943348000241e-001 1.029860558825598e+000 1.420085628872412e+000 -1.589997161166501e-002 3.023749058539761e+000 -2.622515650862465e-001 1.894893712098140e-001 6.734777147527331e-002 0.000000000000000e+000
4.258423423423424e+000 9.961641272053078e-002 1.647590841505178e-001 1.030402647069386e+000 1.423225211191281e+000 -1.182530875034127e-002 3.020028503904079e+000 -2.540860746286022e-001 1.805828081674028e-001 6.515949252290000e-002 0.000000000000000e+000
4.266486486486487e+000 8.992849335396393e-002 1.635700785881017e-001 1.031175332368582e+000 1.427879853214258e+000 -7.759076927250641e-003 3.016982355499409e+000 -2.465644179417663e-001 1.692922915209713e-001 6.230184766638859e-002 0.000000000000000e+000
4.274549549549550e+000 8.038787381334900e-002 1.625136255817067e-001 1.032155975229351e+000 1.434124297502880e+000 -4.215646535032924e-003 3.014614079276607e+000 -2.403656654903924e-001 1.556645249717427e-001 5.899369330448369e-002 0.000000000000000e+000
4.282612612612613e+000 7.098593305027598e-002 1.615699843706229e-001 1.033302813135623e+000 1.441802748337605e+000 -1.698827770700850e-003 3.012895779458307e+000 -2.360742216411520e-001 1.400774209459820e-001 5.547233669700494e-002 0.000000000000000e+000
4.290675675675677e+000 6.170698469109704e-002 1.607174953684934e-001 1.034561269867642e+000 1.450518685697104e+000 -5.734634166720820e-004 3.011793380196783e+000 -2.340364872068500e-001 1.232367005413284e-001 5.193998939437441e-002 0.000000000000000e+000
4.298738738738740e+000 5.253437107898160e-002 1.599350698766200e-001 1.035873656312912e+000 1.459719702439940e+000 -9.596928188317921e-004 3.011286588194908e+000 -2.342484689247308e-001 1.060491746876465e-001 4.851694899879930e-002 0.000000000000000e+000
4.306801801801803e+000 4.345434102623503e-002 1.592072116116321e-001 1.037188741182562e+000 1.468845599573500e+000 -2.698111022887639e-003 3.011374226688931e+000 -2.363307068296381e-001 8.940041018486993e-002 4.522506127033622e-002 0.000000000000000e+000
4.314864864864866e+000 3.445772174318443e-002 1.585283362053752e-001 1.038468627779976e+000 1.477468178423737e+000 -5.394111827596637e-003 3.012067183760640e+000 -2.396035256271349e-001 7.394485597949858e-002 4.200803492035988e-002 2.775557561562891e-017
4.322927927927929e+000 2.553999579470809e-002 1.579009745190478e-001 1.039691645647235e+000 1.485373849226136e+000 -8.520443476428552e-003 3.013372135702420e+000 -2.432394668546941e-001 5.999394966235291e-002 3.877531840802391e-002 2.775557561562890e-017
4.330990990990992e+000 1.670058822349097e-002 1.573290399106548e-001 1.040851703861485e+000 1.492577353541364e+000 -1.154430176849552e-002 3.015275715661277e+000 -2.464465475457878e-001 4.751687925142851e-002 3.543909542606999e-002 0.000000000000000e+000
4.339054054054055e+000 7.941108280358034e-003 1.568112305254715e-001 1.041955680009193e+000 1.499265841452322e+000 -1.404465972685909e-002 3.017737577273354e+000 -2.486294597843693e-001 3.623626056602272e-002 3.193073475498193e-002 0.000000000000000e+000
4.347117117117119e+000 -7.383342211884233e-004 1.563372846436332e-001 1.043019709373666e+000 1.505694118161620e+000 -1.579065285126324e-002 3.020690316211354e+000 -2.494880194944640e-001 2.577907910436614e-002 2.820907322577188e-002 0.000000000000000e+000
4.355180180180182e+000 -9.343185735473750e-003 1.558882301006262e-001 1.044064219620438e+000 1.512090979527724e+000 -1.676517446227743e-002 3.024042772793381e+000 -2.490391675795272e-001 1.580440773635285e-002 2.426955664034730e-002 0.000000000000000e+000
4.363243243243245e+000 -1.788509353480049e-002 1.554421405165561e-001 1.045108479693092e+000 1.518612660090150e+000 -1.713480541837775e-002 3.027691166931473e+000 -2.475719485129678e-001 6.062238190524892e-003 2.014882922320481e-002 0.000000000000000e+000
4.371306306306308e+000 -2.637802443241490e-002 1.549832859949172e-001 1.046167038977256e+000 1.525317501093779e+000 -1.718034444229577e-002 3.031541584394674e+000 -2.455547456355940e-001 -3.577447995713373e-003 1.591767392954436e-002 0.000000000000000e+000
4.379369369369371e+000 -3.483289605255614e-002 1.545078223836039e-001 1.047249232277283e+000 1.532143207808951e+000 -1.720985968628996e-002 3.035531640006150e+000 -2.435171020177486e-001 -1.309167424684032e-002 1.166131754867871e-002 0.000000000000000e+000
4.387432432432434e+000 -4.325381272308193e-002 1.540228925828259e-001 1.048359932880812e+000 1.538905451661994e+000 -1.747489042356221e-002 3.039636572579536e+000 -2.419268499245385e-001 -2.229406226814857e-002 7.454674037457398e-003 0.000000000000000e+000
4.395495495495498e+000 -5.163668299512575e-002 1.535426505317077e-001 1.049499218486182e+000 1.545338110105269e+000 -1.810740098404651e-002 3.043861671334188e+000 -2.410863364267471e-001 -3.088304000007716e-002 3.346786471005867e-003 0.000000000000000e+000
4.403558558558561e+000 -5.997071245108893e-002 1.530833264453212e-001 1.050660878307144e+000 1.551184757784669e+000 -1.910086842532976e-002 3.048226512588884e+000 -2.410837276558487e-001 -3.855909249202146e-002 -6.362830861202429e-004 0.000000000000000e+000
4.411621621621624e+000 -6.824327081249508e-002 1.526566406339578e-001 1.051831690623548e+000 1.556312248398656e+000 -2.034821183599544e-002 3.052741850155017e+000 -2.418223543072817e-001 -4.516585751927619e-002 -4.475424432787270e-003 0.000000000000000e+000
4.419684684684687e+000 -7.644558840481427e-002 1.522648937173112e-001 1.052993152813388e+000 1.560762413403548e+000 -2.170841498831422e-002 3.057391579466918e+000 -2.431022005361991e-001 -5.075228708869624e-002 -8.144936202509473e-003 1.387778780781446e-017
4.427747747747750e+000 -8.457511107321962e-002 1.519031432238545e-001 1.054125416848533e+000 1.564694133419204e+000 -2.305399176280232e-002 3.062136354982807e+000 -2.446990826108808e-001 -5.550664189402940e-002 -1.161135261726783e-002 0.000000000000000e+000
4.435810810810813e+000 -9.263409902349182e-002 1.515681959543418e-001 1.055211707245725e+000 1.568271946524735e+000 -2.428278527352057e-002 3.066938955585523e+000 -2.464102482099019e-001 -5.963515057142225e-002 -1.484283230665829e-002 0.000000000000000e+000
4.443873873873876e+000 -1.006274114466616e-001 1.512693549683122e-001 1.056241538463778e+000 1.571582060061284e+000 -2.531658521644897e-002 3.071800066377621e+000 -2.480766219555807e-001 -6.327880369490231e-002 -1.782892728801531e-002 0.000000000000000e+000
4.451936936936940e+000 -1.085612779586541e-001 1.510341415868982e-001 1.057211518284204e+000 1.574610074581174e+000 -2.611232516268802e-002 3.076781649795560e+000 -2.496068690664081e-001 -6.649769917303683e-002 -2.060541088775540e-002 0.000000000000000e+000
4.460000000000003e+000 -1.164426148907323e-001 1.509004600006046e-001 1.058122967732819e+000 1.577284591812269e+000 -2.667755480015699e-002 3.081982936003402e+000 -2.509970769200097e-001 -6.930970063111397e-002 -2.325392696375906e-002 0.000000000000000e+000
4.468063063063066e+000 -1.242778255591868e-001 1.508943837175173e-001 1.058977340168178e+000 1.579557367758899e+000 -2.705556052909630e-002 3.087465237298325e+000 -2.523081317953441e-001 -7.174304571979757e-002 -2.585664553696715e-002 0.000000000000000e+000
4.476126126126129e+000 -1.320716805758010e-001 1.510102605843866e-001 1.059772642339737e+000 1.581456699280581e+000 -2.727940008429819e-002 3.093185677605647e+000 -2.535987296296021e-001 -7.385661004556360e-002 -2.844565226917825e-002 0.000000000000000e+000
4.484189189189192e+000 -1.398287204210642e-001 1.512121301262898e-001 1.060503198639108e+000 1.583077495563460e+000 -2.734788358709617e-002 3.099007303557083e+000 -2.548769941311694e-001 -7.572258653708665e-002 -3.100120492809698e-002 0.000000000000000e+000
4.492252252252255e+000 -1.475571356605282e-001 1.514545135959848e-001 1.061161712376978e+000 1.584533050218605e+000 -2.725626963852657e-002 3.104775771743467e+000 -2.561209476230213e-001 -7.740324169896269e-002 -3.349020850971531e-002 0.000000000000000e+000
4.500315315315318e+000 -1.552705454548011e-001 1.517034118970048e-001 1.061741092946844e+000 1.585921719534758e+000 -2.703996755668348e-002 3.110389310913639e+000 -2.573323209424372e-001 -7.895204636223580e-002 -3.589834226767163e-002 0.000000000000000e+000
4.508378378378382e+000 -1.629836295687058e-001 1.519444648280635e-001 1.062235136830420e+000 1.587333325419453e+000 -2.676826780190567e-002 3.115822356500940e+000 -2.585480314969020e-001 -8.044114116063549e-002 -3.823984265762694e-002 0.000000000000000e+000
4.516441441441445e+000 -1.707040254533805e-001 1.521809861538629e-001 1.062639016075653e+000 1.588868122651630e+000 -2.648336102969351e-002 3.121124682580972e+000 -2.597899204437792e-001 -8.198189282827291e-002 -4.055838603338621e-002 0.000000000000000e+000
4.524504504504508e+000 -1.784289539064457e-001 1.524273275674021e-001 1.062949707166355e+000 1.590632422691527e+000 -2.615100136612525e-002 3.126403609366919e+000 -2.610142266454157e-001 -8.370604005888953e-002 -4.292077099866024e-002 0.000000000000000e+000
4.532567567567571e+000 -1.861508881535119e-001 1.526996512069533e-001 1.063164997933725e+000 1.592707121007062e+000 -2.568410945808086e-002 3.131771029712986e+000 -2.621268193525027e-001 -8.571463287992572e-002 -4.539127024395978e-002 0.000000000000000e+000
4.540630630630634e+000 -1.938654595100027e-001 1.530092428962933e-001 1.063281339767403e+000 1.595118509789517e+000 -2.501262243186386e-002 3.137284515980370e+000 -2.630484560028074e-001 -8.804099468093310e-002 -4.799793829344021e-002 0.000000000000000e+000
4.548693693693697e+000 -2.015720084966234e-001 1.533631853392462e-001 1.063294695758307e+000 1.597860794337028e+000 -2.406357312097929e-002 3.142899294759530e+000 -2.636918744167970e-001 -9.069339607256463e-002 -5.074721618921239e-002 0.000000000000000e+000
4.556756756756760e+000 -2.092794090701516e-001 1.537613687386263e-001 1.063196563876441e+000 1.600887657563727e+000 -2.298963889875738e-002 3.148666318288886e+000 -2.642177511641748e-001 -9.360505150666640e-002 -5.357296486782660e-002 0.000000000000000e+000
4.564819819819824e+000 -2.169921142659548e-001 1.542044635195132e-001 1.062985073409891e+000 1.604225484905332e+000 -2.176085260045024e-002 3.154515449875469e+000 -2.645854801766042e-001 -9.682802280768775e-002 -5.647636564107757e-002 0.000000000000000e+000
4.572882882882887e+000 -2.247177673649021e-001 1.546887454167979e-001 1.062659052289916e+000 1.607915947479488e+000 -2.039688115207761e-002 3.160409063156663e+000 -2.648070702959506e-001 -1.004228644875689e-001 -5.945098407099281e-002 0.000000000000000e+000
4.580945945945950e+000 -2.324652230524017e-001 1.552062659156190e-001 1.062218116910475e+000 1.612012427666201e+000 -1.890631460373471e-002 3.166277076376510e+000 -2.648774354272327e-001 -1.044630561016352e-001 -6.248140270659588e-002 0.000000000000000e+000
4.589009009009013e+000 -2.402445436862464e-001 1.557455960222243e-001 1.061662254753385e+000 1.616565809975438e+000 -1.730282997751220e-002 3.172016783944863e+000 -2.647919052054798e-001 -1.090146426346214e-001 -6.553186564270910e-002 0.000000000000000e+000
4.597072072072076e+000 -2.480669248828544e-001 1.562935161112323e-001 1.060992906881461e+000 1.621624512474307e+000 -1.561495056230156e-002 3.177509124322240e+000 -2.645564285116779e-001 -1.141326026490986e-001 -6.853856696765784e-002 0.000000000000000e+000
4.605135135135139e+000 -2.559446585909198e-001 1.568370544051857e-001 1.060214041547779e+000 1.627233018702128e+000 -1.388731558123246e-002 3.182632972870426e+000 -2.641885232147322e-001 -1.198592176147082e-001 -7.140388236366382e-002 0.000000000000000e+000
4.613198198198202e+000 -2.638904937387895e-001 1.573656224752523e-001 1.059331941854449e+000 1.633414426663332e+000 -1.217969886643044e-002 3.187279478070640e+000 -2.637178387918943e-001 -1.262061402748762e-001 -7.400401703656614e-002 0.000000000000000e+000
4.621261261261266e+000 -2.719155938996830e-001 1.578719231654449e-001 1.058354229654780e+000 1.640146933535721e+000 -1.055775785531443e-002 3.191372956476792e+000 -2.631785737565616e-001 -1.331246459125007e-001 -7.621654832739851e-002 0.000000000000000e+000
4.629324324324329e+000 -2.800271802496473e-001 1.583510813132509e-001 1.057289300886535e+000 1.647353011764991e+000 -9.071463022292114e-003 3.194888931185321e+000 -2.625862512157659e-001 -1.404843249456280e-001 -7.795738834761126e-002 0.000000000000000e+000
4.637387387387392e+000 -2.882286040434096e-001 1.587997676435179e-001 1.056146427634255e+000 1.654908023418453e+000 -7.738583096403850e-003 3.197854826474587e+000 -2.619179225292029e-001 -1.480791955420978e-001 -7.920422716399746e-002 0.000000000000000e+000
4.645450450450455e+000 -2.965225679332403e-001 1.592170750933080e-001 1.054935932391131e+000 1.662655753034448e+000 -6.549918591427284e-003 3.200330818327064e+000 -2.611177808379925e-001 -1.556575511603287e-001 -7.998814703714985e-002 0.000000000000000e+000
4.653513513513518e+000 -3.049141340000670e-001 1.596070015478106e-001 1.053668883577470e+000 1.670410558361462e+000 -5.489139733120485e-003 3.202384894197792e+000 -2.601252542487728e-001 -1.629465275369184e-001 -8.036364528870106e-002 0.000000000000000e+000
4.661576576576581e+000 -3.134097478725427e-001 1.599805277533560e-001 1.052356515561094e+000 1.677945913467321e+000 -4.550264916188818e-003 3.204080960983736e+000 -2.589082101045758e-001 -1.696540100579366e-001 -8.038756712517947e-002 0.000000000000000e+000
4.669639639639645e+000 -3.220129891401002e-001 1.603545472226489e-001 1.051010007946597e+000 1.684992308095277e+000 -3.741639607411473e-003 3.205480551434599e+000 -2.574804839472140e-001 -1.754648211949818e-001 -8.011761333058402e-002 2.775557561562891e-017
4.677702702702708e+000 -3.307212303020327e-001 1.607471370148355e-001 1.049640464839071e+000 1.691259300808396e+000 -3.073532040233973e-003 3.206641778709801e+000 -2.558889528934952e-001 -1.800541789031610e-001 -7.961603708363566e-002 0.000000000000000e+000
4.685765765765771e+000 -3.395257300136426e-001 1.611725256063618e-001 1.048258281954716e+000 1.696473552048867e+000 -2.540522185543681e-003 3.207613310121889e+000 -2.541835867414862e-001 -1.831201605838541e-001 -7.894948369016040e-002 0.000000000000000e+000
4.693828828828834e+000 -3.484142679804502e-001 1.616377762431130e-001 1.046871011481018e+000 1.700406823584711e+000 -2.132934626857708e-003 3.208442412438628e+000 -2.524235626676450e-001 -1.844067414937065e-001 -7.806154180544074e-002 0.000000000000000e+000
4.701891891891897e+000 -3.573748375422770e-001 1.621519860505627e-001 1.045486770092847e+000 1.702950322508507e+000 -1.764283596866090e-003 3.209176226396029e+000 -2.505617604242089e-001 -1.838099476156750e-001 -7.727249110467438e-002 0.000000000000000e+000
4.709954954954960e+000 -3.664022798269626e-001 1.627190168273497e-001 1.044108028945259e+000 1.704045793570425e+000 -1.455583892095991e-003 3.209931865185070e+000 -2.486635369421479e-001 -1.812720296750684e-001 -7.658168144328094e-002 0.000000000000000e+000
4.718018018018023e+000 -3.755001247643846e-001 1.633449645153914e-001 1.042736431160493e+000 1.703764056862680e+000 -1.236489361224002e-003 3.210846307745598e+000 -2.467638405316259e-001 -1.769050137897530e-001 -7.612229248114097e-002 0.000000000000000e+000
4.726081081081087e+000 -3.846820033344264e-001 1.640369323579165e-001 1.041372736438103e+000 1.702290943247447e+000 -1.195572585773075e-003 3.212071840201729e+000 -2.449292162507784e-001 -1.709739334498687e-001 -7.603934168976161e-002 0.000000000000000e+000
4.734144144144150e+000 -3.939681744996720e-001 1.648023484280281e-001 1.040018534996857e+000 1.699896608835181e+000 -1.479400900012307e-003 3.213757782302793e+000 -2.432759577583100e-001 -1.638571805392170e-001 -7.646426229596412e-002 0.000000000000000e+000
4.742207207207213e+000 -4.033782075634239e-001 1.656472634679406e-001 1.038679428759724e+000 1.696876759251600e+000 -2.247456775548384e-003 3.216032985502469e+000 -2.419411732827737e-001 -1.559658136762310e-001 -7.747978608605313e-002 0.000000000000000e+000
4.750270270270276e+000 -4.129218559963856e-001 1.665754814056737e-001 1.037369007538989e+000 1.693495656497054e+000 -3.592511638243590e-003 3.218977419758242e+000 -2.410088536227121e-001 -1.476692804175204e-001 -7.907646443662252e-002 0.000000000000000e+000
4.758333333333339e+000 -4.225923490300745e-001 1.675895208022685e-001 1.036110403598381e+000 1.689950313064475e+000 -5.472478249058499e-003 3.222583900510861e+000 -2.404421026802408e-001 -1.392544997853158e-001 -8.111481428357022e-002 0.000000000000000e+000
4.766396396396402e+000 -4.323644680112438e-001 1.686920083645947e-001 1.034933644363553e+000 1.686358055486400e+000 -7.689353433039559e-003 3.226738588765789e+000 -2.400628007399087e-001 -1.309107296396714e-001 -8.332198716416087e-002 0.000000000000000e+000
4.774459459459465e+000 -4.421955779540326e-001 1.698854208949661e-001 1.033871595464397e+000 1.682758702457100e+000 -9.915707169527499e-003 3.231244620866318e+000 -2.395813257450911e-001 -1.227215560535740e-001 -8.534007360261398e-002 0.000000000000000e+000
4.782522522522529e+000 -4.520273062862559e-001 1.711686910382671e-001 1.032957926952640e+000 1.679114937557931e+000 -1.175224628923433e-002 3.235876516727356e+000 -2.386622384203174e-001 -1.146473228676238e-001 -8.681003397625359e-002 0.000000000000000e+000
4.790585585585592e+000 -4.617890657759861e-001 1.725318406871004e-001 1.032227032677148e+000 1.675298507668481e+000 -1.280769758593947e-002 3.240440674962883e+000 -2.370151675731834e-001 -1.064914539027590e-001 -8.746032941822184e-002 0.000000000000000e+000
4.798648648648655e+000 -4.714075925650338e-001 1.739533681259884e-001 1.031712862440192e+000 1.671068038293013e+000 -1.280631463638970e-002 3.244822924929196e+000 -2.345068417506133e-001 -9.787179360245099e-002 -8.716894040211576e-002 0.000000000000000e+000
4.806711711711718e+000 -4.808240321015139e-001 1.754049103355798e-001 1.031444068311192e+000 1.666066012923288e+000 -1.170118476231874e-002 3.248995009409100e+000 -2.312619372986807e-001 -8.824664542404825e-002 -8.596717212971312e-002 4.163336342344337e-017
4.814774774774781e+000 -4.900112277955163e-001 1.768613347831632e-001 1.031435741241333e+000 1.659883135616053e+000 -9.731955869905828e-003 3.252972950013295e+000 -2.276911730624365e-001 -7.704719815996160e-002 -8.398756133531950e-002 0.000000000000000e+000
4.822837837837844e+000 -4.989792745610158e-001 1.783074847921430e-001 1.031680951595319e+000 1.652214554982507e+000 -7.382918399132077e-003 3.256762483338123e+000 -2.244147234900084e-001 -6.391021134857011e-002 -8.139812700811645e-002 0.000000000000000e+000
4.830900900900907e+000 -5.077659106062097e-001 1.797365722773310e-001 1.032147796452603e+000 1.643033007669920e+000 -5.248436948632973e-003 3.260321559889996e+000 -2.220987436820214e-001 -4.889550975795786e-002 -7.834804853512413e-002 0.000000000000000e+000
4.838963963963971e+000 -5.164198502607668e-001 1.811455665908406e-001 1.032786084059307e+000 1.632649476629823e+000 -3.859410831815957e-003 3.263550154138860e+000 -2.212624118182731e-001 -3.254012225329903e-002 -7.492859706713857e-002 0.000000000000000e+000
4.847027027027034e+000 -5.249865530171166e-001 1.825329863581585e-001 1.033540499278848e+000 1.621615967755091e+000 -3.544415375119625e-003 3.266313505567626e+000 -2.221320770917043e-001 -1.570720044557673e-002 -7.116372161671920e-002 0.000000000000000e+000
4.855090090090097e+000 -5.335006205146333e-001 1.838973319724475e-001 1.034362091149611e+000 1.610535805322416e+000 -4.378930089486088e-003 3.268486490713212e+000 -2.245994129045412e-001 6.864571273832034e-004 -6.703902432077084e-002 1.387778780781446e-017
4.863153153153160e+000 -5.419849816860519e-001 1.852348686250545e-001 1.035213299093994e+000 1.599879862507768e+000 -6.230555780180058e-003 3.269995996474719e+000 -2.282912855307293e-001 1.593281736495008e-002 -6.255496602920121e-002 -1.387778780781446e-017
4.871216216216223e+000 -5.504542816401561e-001 1.865389377967122e-001 1.036067988207335e+000 1.589886784968851e+000 -8.858161748684923e-003 3.270844863185660e+000 -2.327042236554940e-001 2.967603242780353e-002 -5.776973389311069e-002 -2.775557561562890e-017
4.879279279279286e+000 -5.589177236656668e-001 1.878004895360992e-001 1.036909938710574e+000 1.580580492978989e+000 -1.199826325810749e-002 3.271098838980601e+000 -2.373303398743130e-001 4.189313391640379e-002 -5.279420888905133e-002 -1.387778780781446e-017
4.887342342342349e+000 -5.673781293720589e-001 1.890072375987466e-001 1.037731839727120e+000 1.571878772219843e+000 -1.539593208827639e-002 3.270833410626927e+000 -2.417246802981044e-001 5.274932458802729e-002 -4.774048214813515e-002 -5.551115123125783e-017
4.895405405405413e+000 -5.758296442779544e-001 1.901424274655826e-001 1.038535498520403e+000 1.563715992167787e+000 -1.879639440531422e-002 3.270081009685478e+000 -2.455215727308081e-001 6.243048941672121e-002 -4.267273505162045e-002 0.000000000000000e+000
4.903468468468476e+000 -5.842591535673385e-001 1.911870625940702e-001 1.039332448883215e+000 1.556102931901775e+000 -2.194957245254381e-002 3.268825829683232e+000 -2.484494267573366e-001 7.105136234811474e-002 -3.760334459990641e-002 0.000000000000000e+000
4.911531531531539e+000 -5.926514113902757e-001 1.921255037364112e-001 1.040142774078001e+000 1.549115007112649e+000 -2.464924379396383e-002 3.267043593262028e+000 -2.503705383845351e-001 7.865027047928634e-002 -3.252818207374691e-002 0.000000000000000e+000
4.919594594594602e+000 -6.009935916063932e-001 1.929512233704738e-001 1.040990885695312e+000 1.542855770852532e+000 -2.678034306385113e-002 3.264748252995246e+000 -2.513201262418365e-001 8.521537875988539e-002 -2.746300839218410e-002 0.000000000000000e+000
4.927657657657665e+000 -6.092777726124702e-001 1.936710676825782e-001 1.041899133800342e+000 1.537421244925447e+000 -2.834668144476837e-002 3.262016781822625e+000 -2.515099038583149e-001 9.071393957104391e-002 -2.245251454667956e-002 0.000000000000000e+000
4.935720720720728e+000 -6.175018601875523e-001 1.943041578884350e-001 1.042881142031320e+000 1.532861149654485e+000 -2.946514646069276e-002 3.258977060484801e+000 -2.512802417662052e-001 9.513748850582805e-002 -1.755308751538406e-002 0.000000000000000e+000
4.943783783783792e+000 -6.256679151187800e-001 1.948719155028522e-001 1.043936908588411e+000 1.529146923217233e+000 -3.031738035665876e-002 3.255762194899367e+000 -2.510018802359694e-001 9.855816260314580e-002 -1.281145602812755e-002 0.000000000000000e+000
4.951846846846855e+000 -6.337790592808182e-001 1.953875126147186e-001 1.045051436548054e+000 1.526168939591366e+000 -3.108270610778785e-002 3.252468357232423e+000 -2.509679226796631e-001 1.011510099967325e-001 -8.259000410754057e-003 0.000000000000000e+000
4.959909909909918e+000 -6.418384251622379e-001 1.958556658759510e-001 1.046197761639907e+000 1.523768901584192e+000 -3.189510942975726e-002 3.249151178494957e+000 -2.513347499517588e-001 1.031515889917023e-001 -3.921493965747583e-003 0.000000000000000e+000
4.967972972972981e+000 -6.498496431231409e-001 1.962788564139411e-001 1.047343612827719e+000 1.521786487662252e+000 -3.282676174065324e-002 3.245847853926704e+000 -2.521199202429929e-001 1.047835785325693e-001 1.695790207625967e-004 0.000000000000000e+000
4.976036036036044e+000 -6.578160330793094e-001 1.966604478046430e-001 1.048458771018104e+000 1.520091640987933e+000 -3.388128418760150e-002 3.242591395178707e+000 -2.532311355271195e-001 1.062120966282468e-001 3.975624537161007e-003 0.000000000000000e+000
4.984099099099107e+000 -6.657391296489165e-001 1.970041616187499e-001 1.049519782483975e+000 1.518596029398566e+000 -3.500539281747583e-002 3.239407112909501e+000 -2.545173553136647e-001 1.075311787114048e-001 7.463618072010914e-003 0.000000000000000e+000
4.992162162162170e+000 -6.736187274800995e-001 1.973130250108254e-001 1.050511347960713e+000 1.517253822692383e+000 -3.612247972697724e-002 3.236299062598987e+000 -2.558311514866727e-001 1.087659452266912e-001 1.062725555624897e-002 0.000000000000000e+000
5.000225225225234e+000 -6.814542188110838e-001 1.975875692376656e-001 1.051425963491090e+000 1.516052126012797e+000 -3.716412982639716e-002 3.233237987945621e+000 -2.570737639585964e-001 1.098919884870224e-001 1.350003151858623e-002 0.000000000000000e+000
5.008288288288297e+000 -6.892455628931656e-001 1.978233941628341e-001 1.052262492520183e+000 1.514989212994504e+000 -3.807991551078471e-002 3.230165961239988e+000 -2.582055685298827e-001 1.108784071296786e-001 1.614700269348137e-002 0.000000000000000e+000
5.016351351351360e+000 -6.969931706901880e-001 1.980109557417995e-001 1.053022941742876e+000 1.514056714080442e+000 -3.883322588881000e-002 3.227019059465258e+000 -2.592326874676695e-001 1.117249976581996e-001 1.864379401738430e-002 0.000000000000000e+000
5.024414414414423e+000 -7.046973568176255e-001 1.981388589308704e-001 1.053707873048924e+000 1.513239834646429e+000 -3.940210442029590e-002 3.223753441242617e+000 -2.601919428008463e-001 1.124635546386140e-001 2.105683087197053e-002 0.000000000000000e+000
5.032477477477486e+000 -7.123585604434419e-001 1.981989167304465e-001 1.054312823559316e+000 1.512518151188515e+000 -3.978924038313103e-002 3.220372403312980e+000 -2.611434365939803e-001 1.131470077464915e-001 2.341729891392121e-002 0.000000000000000e+000
5.040540540540549e+000 -7.199781927318970e-001 1.981906039336980e-001 1.054828082738847e+000 1.511849266392619e+000 -4.002342812199844e-002 3.216945672028322e+000 -2.621581205669619e-001 1.138552810373079e-001 2.569515029499613e-002 0.000000000000000e+000
5.048603603603612e+000 -7.275589072303250e-001 1.981224796055924e-001 1.055242258915297e+000 1.511156324118965e+000 -4.013815412208088e-002 3.213589717699046e+000 -2.632887131573584e-001 1.146936045785520e-001 2.780869074886771e-002 0.000000000000000e+000
5.056666666666676e+000 -7.351042827166847e-001 1.980091038228672e-001 1.055546743526684e+000 1.510339103514307e+000 -4.014457028588603e-002 3.210413298701121e+000 -2.645425041691827e-001 1.157685245400995e-001 2.967084099674720e-002 0.000000000000000e+000
5.064729729729739e+000 -7.426183317648811e-001 1.978645855513563e-001 1.055737393986587e+000 1.509294270758535e+000 -4.002661079684833e-002 3.207474733260799e+000 -2.658845792469250e-001 1.171724370016447e-001 3.123454611904240e-002 0.000000000000000e+000
5.072792792792802e+000 -7.501053038214786e-001 1.976961510513879e-001 1.055813879325139e+000 1.507933470095789e+000 -3.976096755539782e-002 3.204770901554206e+000 -2.672702898376329e-001 1.189828663475839e-001 3.251787198158517e-002 0.000000000000000e+000
5.080855855855865e+000 -7.575706032449452e-001 1.975008315463128e-001 1.055779336040106e+000 1.506205306498495e+000 -3.934157049427700e-002 3.202241848946005e+000 -2.686771711172846e-001 1.212491110072279e-001 3.360888423496036e-002 0.000000000000000e+000
5.088918918918928e+000 -7.650219205180536e-001 1.972661331581625e-001 1.055640340939925e+000 1.504116340933514e+000 -3.878798422566532e-002 3.199780493591842e+000 -2.701110380647067e-001 1.239658798755008e-001 3.464985748371376e-002 0.000000000000000e+000
5.096981981981991e+000 -7.724688627076228e-001 1.969741007890555e-001 1.055405854711312e+000 1.501729475233436e+000 -3.813270935957558e-002 3.197248650324435e+000 -2.715865190137887e-001 1.270658802082409e-001 3.580460555172015e-002 0.000000000000000e+000
5.105045045045054e+000 -7.799221341376366e-001 1.966073641477140e-001 1.055085556108908e+000 1.499129549591350e+000 -3.739761457423318e-002 3.194501108874162e+000 -2.730977389192999e-001 1.304513397041429e-001 3.721396946465348e-002 0.000000000000000e+000
5.113108108108118e+000 -7.873942548053718e-001 1.961546886371462e-001 1.054688472990823e+000 1.496379566496152e+000 -3.657866144300126e-002 3.191418532174347e+000 -2.746002304756488e-001 1.340429801883182e-001 3.894681470619858e-002 0.000000000000000e+000
5.121171171171181e+000 -7.948998643286417e-001 1.956136306406990e-001 1.054221345563542e+000 1.493498467872015e+000 -3.565503130373804e-002 3.187935256569224e+000 -2.760244419240191e-001 1.378078849141124e-001 4.097749484054609e-002 0.000000000000000e+000
5.129234234234244e+000 -8.024528095414597e-001 1.949898237419398e-001 1.053686655447450e+000 1.490462359348350e+000 -3.461570164951922e-002 3.184040454425462e+000 -2.773140847169681e-001 1.417566737950060e-001 4.321934654463243e-002 0.000000000000000e+000
5.137297297297307e+000 -8.100624790926760e-001 1.942945835014746e-001 1.053082188508398e+000 1.487215326106608e+000 -3.347680671314945e-002 3.179760139329412e+000 -2.784530289089461e-001 1.459270736731110e-001 4.558610125085297e-002 0.000000000000000e+000
5.145360360360370e+000 -8.177334551709765e-001 1.935424148491902e-001 1.052402855698521e+000 1.483682363463402e+000 -3.227752199562861e-002 3.175145441100407e+000 -2.794624199549458e-001 1.503703323982421e-001 4.802810289290447e-002 0.000000000000000e+000
5.153423423423433e+000 -8.254680919077250e-001 1.927485292820882e-001 1.051642909565582e+000 1.479779315420284e+000 -3.106700440852861e-002 3.170269246148293e+000 -2.803834894846968e-001 1.551475492719350e-001 5.053324928497976e-002 0.000000000000000e+000
5.161486486486496e+000 -8.332691045906877e-001 1.919265297576374e-001 1.050797278646232e+000 1.475422798791079e+000 -2.989249895441870e-002 3.165220379269040e+000 -2.812581285168338e-001 1.603256459072250e-001 5.310397397209204e-002 0.000000000000000e+000
5.169549549549560e+000 -8.411406318504275e-001 1.910868007410654e-001 1.049862349048953e+000 1.470551006709028e+000 -2.878836243321081e-002 3.160095952436237e+000 -2.821091410954247e-001 1.659562567952516e-001 5.571763642034651e-002 0.000000000000000e+000
5.177612612612623e+000 -8.490878257612989e-001 1.902355925453620e-001 1.048836257585950e+000 1.465147753855632e+000 -2.777095565008203e-002 3.154992867705326e+000 -2.829321652155920e-001 1.720482680654388e-001 5.830264905770715e-002 0.000000000000000e+000
5.185675675675686e+000 -8.571153395556337e-001 1.893752113843443e-001 1.047719051283761e+000 1.459252957050527e+000 -2.684303252410936e-002 3.149998368793609e+000 -2.837060425161644e-001 1.785546612218085e-001 6.075765319892446e-002 0.000000000000000e+000
5.193738738738749e+000 -8.652249756281707e-001 1.885058357283464e-001 1.046513981252624e+000 1.452970445422191e+000 -2.599733828787398e-002 3.145190611122232e+000 -2.844058766831486e-001 1.853603779233669e-001 6.298294028733818e-002 0.000000000000000e+000
5.201801801801812e+000 -8.734132681139500e-001 1.876277434531719e-001 1.045230015270819e+000 1.446488778107378e+000 -2.521031470154367e-002 3.140654132733651e+000 -2.850036088390034e-001 1.922543388777221e-001 6.488456686369463e-002 0.000000000000000e+000
5.209864864864875e+000 -8.816701645561544e-001 1.867422935196817e-001 1.043883968523032e+000 1.440096288005801e+000 -2.443440921900986e-002 3.136494306473006e+000 -2.854633751188535e-001 1.989092891916883e-001 6.636185087815275e-002 0.000000000000000e+000
5.217927927927939e+000 -8.899796607998333e-001 1.858513895523234e-001 1.042500691729165e+000 1.434163700471490e+000 -2.360473573470312e-002 3.132834387835302e+000 -2.857483886070749e-001 2.049013209748423e-001 6.730675980447512e-002 0.000000000000000e+000
5.225990990991002e+000 -8.983231802282302e-001 1.849556639166544e-001 1.041110382132947e+000 1.429089589938462e+000 -2.266563141656786e-002 3.129788909091424e+000 -2.858437294952813e-001 2.097738283386350e-001 6.762686132111725e-002 0.000000000000000e+000
5.234054054054065e+000 -9.066863410115293e-001 1.840519586977800e-001 1.039742782480610e+000 1.425214030055958e+000 -2.160972883128931e-002 3.127414974508318e+000 -2.857826338209343e-001 2.131373879942034e-001 6.729040256197977e-002 0.000000000000000e+000
5.242117117117128e+000 -9.150676468795481e-001 1.831320664733304e-001 1.038419828062929e+000 1.422716943363297e+000 -2.051260428087764e-002 3.125663710101927e+000 -2.856577013129902e-001 2.147886772375387e-001 6.637760354266389e-002 0.000000000000000e+000
5.250180180180191e+000 -9.234841682570535e-001 1.821841395110421e-001 1.037150779349245e+000 1.421545408627164e+000 -1.953930386321345e-002 3.124363611470538e+000 -2.856057726261947e-001 2.148006839147862e-001 6.511019896951972e-002 0.000000000000000e+000
5.258243243243254e+000 -9.319696134668324e-001 1.811944419107565e-001 1.035933578363825e+000 1.421424408970567e+000 -1.890566605221156e-002 3.123245601965855e+000 -2.857661418779633e-001 2.135173842957031e-001 6.383235156174462e-002 0.000000000000000e+000
5.266306306306317e+000 -9.405661705697198e-001 1.801467677069417e-001 1.034761373466863e+000 1.421961555637248e+000 -1.880787526138983e-002 3.121999141320151e+000 -2.862247648186903e-001 2.114360565573856e-001 6.293722644257511e-002 0.000000000000000e+000
5.274369369369381e+000 -9.493155929068616e-001 1.790215549843546e-001 1.033629556660183e+000 1.422788470928789e+000 -1.935557398781929e-002 3.120340519404251e+000 -2.869636397049565e-001 2.090421085015981e-001 6.276755207228012e-002 0.000000000000000e+000
5.282432432432444e+000 -9.582522908980156e-001 1.777977993408864e-001 1.032540561834503e+000 1.423660867454486e+000 -2.052679199992880e-002 3.118065914009844e+000 -2.878239879547872e-001 2.066837758170181e-001 6.353276371192472e-002 0.000000000000000e+000
5.290495495495507e+000 -9.673978517759245e-001 1.764577095538727e-001 1.031506009403732e+000 1.424476202590703e+000 -2.215051929661049e-002 3.115072455061516e+000 -2.884967578401285e-001 2.045328085541052e-001 6.526572510156603e-002 -8.326672684688674e-017
5.298558558558570e+000 -9.767571136954681e-001 1.749927577451110e-001 1.030545444662873e+000 1.425223632133595e+000 -2.393175127577440e-002 3.111357134947067e+000 -2.885675306748931e-001 2.026181225414208e-001 6.781695005718032e-002 2.775557561562891e-017
5.306621621621633e+000 -9.863167668278525e-001 1.734092779006714e-001 1.029682393832482e+000 1.425925217077029e+000 -2.551992722916330e-002 3.107006291325809e+000 -2.876161128804123e-001 2.008707027030128e-001 7.088157955885562e-002 0.000000000000000e+000
5.314684684684696e+000 -9.960464532881075e-001 1.717312905470183e-001 1.028941101423236e+000 1.426622448746915e+000 -2.659309947900668e-002 3.102178996904019e+000 -2.853321207169179e-001 1.991246418594175e-001 7.405095120437297e-002 0.000000000000000e+000
5.322747747747759e+000 -1.005902035292227e+000 1.699996135525456e-001 1.028345567076623e+000 1.427404576142077e+000 -2.692497042478936e-002 3.097085370800103e+000 -2.816010164007509e-001 1.970869148255823e-001 7.687224682710130e-002 0.000000000000000e+000
5.330810810810823e+000 -1.015830478294606e+000 1.682671523215593e-001 1.027919450669823e+000 1.428436023001138e+000 -2.641214278095205e-002 3.091955886024807e+000 -2.765253912541063e-001 1.943303986414147e-001 7.891175100204373e-002 0.000000000000000e+000
5.338873873873886e+000 -1.025775111952711e+000 1.665897449604762e-001 1.027686120564503e+000 1.429963679706058e+000 -2.505591947208163e-002 3.087003943850322e+000 -2.703735307777047e-001 1.903307297180819e-001 7.982193724941411e-002 0.000000000000000e+000
5.346936936936949e+000 -1.035680681431625e+000 1.650141520309580e-001 1.027668643515544e+000 1.432308292568171e+000 -2.292492612821984e-002 3.082398677966989e+000 -2.634979910845295e-001 1.845311395625606e-001 7.939402995291532e-002 0.000000000000000e+000
5.355000000000012e+000 -1.045498383723481e+000 1.635688747878323e-001 1.027887227151028e+000 1.435820110772774e+000 -2.014763763270144e-002 3.078261950415833e+000 -2.562954292236745e-001 1.764391616644326e-001 7.757532671446003e-002 0.000000000000000e+000
