---- AnyBody Output File ---------------------------------
Study: Main.Studies.MotionOptimization
Operation: Main.Studies.MotionOptimization.Kinematics
----------------------------------------------------------
Constants (Name = Value): 
Main.Studies.KinematicStudyForParameterIdentification.JointAngleOutputs.OutputFile2c.FileName = "..\Input\Subjects\PS\Overground Gait Trials\PS_ngait_og_ss9\PS_ngait_og_ss9-output-euler-leftleganklepostd.txt"
Main.Studies.KinematicStudyForParameterIdentification.JointAngleOutputs.OutputFile2c.NumberFormat.Digits = 15
Main.Studies.KinematicStudyForParameterIdentification.JointAngleOutputs.OutputFile2c.NumberFormat.Width = 22
Main.Studies.KinematicStudyForParameterIdentification.JointAngleOutputs.OutputFile2c.NumberFormat.Style = ScientificNumber
Main.Studies.KinematicStudyForParameterIdentification.JointAngleOutputs.OutputFile2c.NumberFormat.FormatStr = "%22.15e"
Main.Studies.KinematicStudyForParameterIdentification.JointAngleOutputs.OutputFile2c.Search = 
Main.Studies.KinematicStudyForParameterIdentification.JointAngleOutputs.OutputFile2c.Format = 0
Main.Studies.KinematicStudyForParameterIdentification.JointAngleOutputs.OutputFile2c.SepSign = " "
Main.Studies.KinematicStudyForParameterIdentification.JointAngleOutputs.OutputFile2c.LineSepSign = ""
Main.Studies.KinematicStudyForParameterIdentification.JointAngleOutputs.OutputFile2c.Header.TitleSectionOnOff = On
Main.Studies.KinematicStudyForParameterIdentification.JointAngleOutputs.OutputFile2c.Header.ConstSectionOnOff = On
Main.Studies.KinematicStudyForParameterIdentification.JointAngleOutputs.OutputFile2c.Header.ConstSectionSaveOptionsOnOff = On
Main.Studies.KinematicStudyForParameterIdentification.JointAngleOutputs.OutputFile2c.Header.VarSectionOnOff = On
Main.Studies.KinematicStudyForParameterIdentification.JointAngleOutputs.OutputFile2c.Header.ColumnNamesOnOff = On
Main.Studies.KinematicStudyForParameterIdentification.JointAngleOutputs.OutputFile2c.Header.LinePrefix = ""
Main.Studies.KinematicStudyForParameterIdentification.JointAngleOutputs.OutputFile2c.ConstSectionSaveOptionsOnOff = On
----------------------------------------------------------
Variables (Column# Name): 
col0  Main.Studies.MotionOptimization.t
col1  Main.Studies.KinematicStudyForParameterIdentification.JointAngleOutputs.OutputFile2c.LeftAnklePosX
col2  Main.Studies.KinematicStudyForParameterIdentification.JointAngleOutputs.OutputFile2c.LeftAnklePosY
col3  Main.Studies.KinematicStudyForParameterIdentification.JointAngleOutputs.OutputFile2c.LeftAnklePosZ
----------------------------------------------------------
Main.Studies.MotionOptimization.t Main.Studies.KinematicStudyForParameterIdentification.JointAngleOutputs.OutputFile2c.LeftAnklePosX Main.Studies.KinematicStudyForParameterIdentification.JointAngleOutputs.OutputFile2c.LeftAnklePosY Main.Studies.KinematicStudyForParameterIdentification.JointAngleOutputs.OutputFile2c.LeftAnklePosZ
4.161666666666666e+000 -2.035504604174392e-001 8.413959484799924e-002 1.256277871375263e-001
4.169729729729729e+000 -2.096792074729481e-001 8.715946953118263e-002 1.235623405016718e-001
4.177792792792793e+000 -2.143578746054305e-001 9.025073977075464e-002 1.209574755456685e-001
4.185855855855856e+000 -2.179669261225857e-001 9.328530300672897e-002 1.179526676470728e-001
4.193918918918919e+000 -2.209260390190501e-001 9.613424648093343e-002 1.146855923665500e-001
4.201981981981982e+000 -2.236415324587715e-001 9.868729819235934e-002 1.112860822082344e-001
4.210045045045045e+000 -2.264373902686803e-001 1.008598342438962e-001 1.078721967679449e-001
4.218108108108108e+000 -2.294914237836004e-001 1.025909291884348e-001 1.045487087811960e-001
4.226171171171171e+000 -2.328085224896573e-001 1.038455953803762e-001 1.014059007660708e-001
4.234234234234235e+000 -2.362438631197601e-001 1.046239548666112e-001 9.851874061079312e-002
4.242297297297298e+000 -2.395668027055452e-001 1.049655001382441e-001 9.594974590028577e-002
4.250360360360361e+000 -2.425416711962370e-001 1.049429997111770e-001 9.375501769282137e-002
4.258423423423424e+000 -2.449963715112167e-001 1.046509531782806e-001 9.198547022453880e-002
4.266486486486487e+000 -2.468586117946598e-001 1.041903862361502e-001 9.067619881192676e-002
4.274549549549550e+000 -2.481567975919326e-001 1.036508030805854e-001 8.982755011372523e-002
4.282612612612613e+000 -2.489940476407788e-001 1.030986676986907e-001 8.939018015282942e-002
4.290675675675677e+000 -2.495079337601748e-001 1.025810136912844e-001 8.926423232162552e-002
4.298738738738740e+000 -2.498302801983142e-001 1.021373711554665e-001 8.931500437011429e-002
4.306801801801803e+000 -2.500589515446706e-001 1.018045612644067e-001 8.940190637222230e-002
4.314864864864866e+000 -2.502477987187821e-001 1.016083927422875e-001 8.941178767162664e-002
4.322927927927929e+000 -2.504141576369124e-001 1.015510998194689e-001 8.928308982150145e-002
4.330990990990992e+000 -2.505555605951437e-001 1.016072103084796e-001 8.901136914746745e-002
4.339054054054055e+000 -2.506649351861559e-001 1.017315386639681e-001 8.863637970922136e-002
4.347117117117119e+000 -2.507394999966027e-001 1.018743057349088e-001 8.821882743445408e-002
4.355180180180182e+000 -2.507840476227353e-001 1.019957806372898e-001 8.781872095549598e-002
4.363243243243245e+000 -2.508098539488408e-001 1.020738483170451e-001 8.748295492455142e-002
4.371306306306308e+000 -2.508304036855606e-001 1.021033261882023e-001 8.724053928152956e-002
4.379369369369371e+000 -2.508562301826038e-001 1.020898977367032e-001 8.710106093047695e-002
4.387432432432434e+000 -2.508916848665873e-001 1.020425732030674e-001 8.705579141532745e-002
4.395495495495498e+000 -2.509348973341085e-001 1.019698030191234e-001 8.708263558538444e-002
4.403558558558561e+000 -2.509793278298037e-001 1.018804203672780e-001 8.715381073835161e-002
4.411621621621624e+000 -2.510153650802875e-001 1.017850230419913e-001 8.724318667123983e-002
4.419684684684687e+000 -2.510330672417618e-001 1.016952575956778e-001 8.733087208196294e-002
4.427747747747750e+000 -2.510263620375599e-001 1.016224693159503e-001 8.740440992400099e-002
4.435810810810813e+000 -2.509961211828815e-001 1.015765038677910e-001 8.745771377348213e-002
4.443873873873876e+000 -2.509499934554126e-001 1.015628415565490e-001 8.748977387916405e-002
4.451936936936940e+000 -2.508991533141974e-001 1.015783175537311e-001 8.750394202438432e-002
4.460000000000003e+000 -2.508540399126436e-001 1.016113811319014e-001 8.750681144241862e-002
4.468063063063066e+000 -2.508221706563455e-001 1.016498500968373e-001 8.750586781607343e-002
4.476126126126129e+000 -2.508086236231910e-001 1.016890200554495e-001 8.750655354412072e-002
4.484189189189192e+000 -2.508162318508440e-001 1.017328066890823e-001 8.750995005202317e-002
4.492252252252255e+000 -2.508439526298878e-001 1.017889988444671e-001 8.751198219088371e-002
4.500315315315318e+000 -2.508862687792152e-001 1.018622687214456e-001 8.750545884554152e-002
4.508378378378382e+000 -2.509356055323151e-001 1.019480980890506e-001 8.748546857932447e-002
4.516441441441445e+000 -2.509857378848870e-001 1.020337454348980e-001 8.745477520702955e-002
4.524504504504508e+000 -2.510345958634160e-001 1.021085431694850e-001 8.742359562284630e-002
4.532567567567571e+000 -2.510856172888576e-001 1.021738879496337e-001 8.740255822492557e-002
4.540630630630634e+000 -2.511461878238607e-001 1.022413110843890e-001 8.739502645390902e-002
4.548693693693697e+000 -2.512241748161302e-001 1.023210133971298e-001 8.739650849595823e-002
4.556756756756760e+000 -2.513256749274029e-001 1.024191591860052e-001 8.739861604956589e-002
4.564819819819824e+000 -2.514521101938262e-001 1.025352216587563e-001 8.739732403241637e-002
4.572882882882887e+000 -2.516003970073449e-001 1.026688585247986e-001 8.739163722139985e-002
4.580945945945950e+000 -2.517645528747637e-001 1.028218115089449e-001 8.738220427881130e-002
4.589009009009013e+000 -2.519383451625822e-001 1.029997299004550e-001 8.737127670348936e-002
4.597072072072076e+000 -2.521170965441776e-001 1.032104104147333e-001 8.736401462816293e-002
4.605135135135139e+000 -2.522988489690164e-001 1.034582946712998e-001 8.736778781519951e-002
4.613198198198202e+000 -2.524849699995731e-001 1.037396375188044e-001 8.738926625573393e-002
4.621261261261266e+000 -2.526795444422309e-001 1.040417924016617e-001 8.743205107376460e-002
4.629324324324329e+000 -2.528876720001001e-001 1.043458166298421e-001 8.749635528488123e-002
4.637387387387392e+000 -2.531139726763737e-001 1.046314356201460e-001 8.758052890179748e-002
4.645450450450455e+000 -2.533624140572882e-001 1.048844434480170e-001 8.768315079665981e-002
4.653513513513518e+000 -2.536367289222793e-001 1.051025567661865e-001 8.780341840554320e-002
4.661576576576581e+000 -2.539397368299971e-001 1.052947849308813e-001 8.793955207987993e-002
4.669639639639645e+000 -2.542716927136172e-001 1.054761911132262e-001 8.808779641757709e-002
4.677702702702708e+000 -2.546296241727194e-001 1.056620209340909e-001 8.824319766196401e-002
4.685765765765771e+000 -2.550086504711464e-001 1.058615460855013e-001 8.840105065785435e-002
4.693828828828834e+000 -2.554040154633360e-001 1.060753714534647e-001 8.855787984381575e-002
4.701891891891897e+000 -2.558153210590929e-001 1.063006846418476e-001 8.871826144388792e-002
4.709954954954960e+000 -2.562460646383692e-001 1.065421553656683e-001 8.889229735468472e-002
4.718018018018023e+000 -2.567050301705950e-001 1.068116120749080e-001 8.910374570272754e-002
4.726081081081087e+000 -2.572053139110611e-001 1.071208804633926e-001 8.939237215105665e-002
4.734144144144150e+000 -2.577661175286628e-001 1.074767569452996e-001 8.981310498635603e-002
4.742207207207213e+000 -2.584154755153489e-001 1.078825134710958e-001 9.043023418299316e-002
4.750270270270276e+000 -2.591883440569719e-001 1.083411432720269e-001 9.131099942684408e-002
4.758333333333339e+000 -2.601194769023116e-001 1.088550341682396e-001 9.252158028107275e-002
4.766396396396402e+000 -2.612374108007158e-001 1.094230914502427e-001 9.412546763957978e-002
4.774459459459465e+000 -2.625639238844181e-001 1.100382106227051e-001 9.618497345220030e-002
4.782522522522529e+000 -2.641205449613741e-001 1.106852966319544e-001 9.876552621454560e-002
4.790585585585592e+000 -2.659439877872697e-001 1.113397292778672e-001 1.019393353392063e-001
4.798648648648655e+000 -2.681059322865022e-001 1.119656507299806e-001 1.057857852504481e-001
4.806711711711718e+000 -2.707259878258060e-001 1.125153013835002e-001 1.103862312455858e-001
4.814774774774781e+000 -2.739703602758736e-001 1.129342642423056e-001 1.158101811638895e-001
4.822837837837844e+000 -2.780366440393433e-001 1.131735784245638e-001 1.220934512359230e-001
4.830900900900907e+000 -2.831293806120899e-001 1.132032969671242e-001 1.292140220916477e-001
4.838963963963971e+000 -2.894313860355011e-001 1.130210601050651e-001 1.370755330072506e-001
4.847027027027034e+000 -2.970768357800497e-001 1.126508329480766e-001 1.455080975892563e-001
4.855090090090097e+000 -3.061318195540024e-001 1.121337910981663e-001 1.542866691266102e-001
4.863153153153160e+000 -3.165831902987458e-001 1.115213967172277e-001 1.631589122124473e-001
4.871216216216223e+000 -3.283342226151136e-001 1.108756377901470e-001 1.718775834000432e-001
4.879279279279286e+000 -3.412091918770378e-001 1.102701346586154e-001 1.802360351918704e-001
4.887342342342349e+000 -3.549718067158584e-001 1.097850215809454e-001 1.881008663895100e-001
4.895405405405413e+000 -3.693624063097780e-001 1.094940933088617e-001 1.954271548741419e-001
4.903468468468476e+000 -3.841540657273103e-001 1.094466530377185e-001 2.022364488021896e-001
4.911531531531539e+000 -3.992118271843616e-001 1.096512373578734e-001 2.085523082767656e-001
4.919594594594602e+000 -4.145227644542417e-001 1.100706600459767e-001 2.143280632782043e-001
4.927657657657665e+000 -4.301726368239711e-001 1.106323349047825e-001 2.194253006619967e-001
4.935720720720728e+000 -4.462802298564663e-001 1.112496975707426e-001 2.236640360278709e-001
4.943783783783792e+000 -4.629325337813378e-001 1.118456788225407e-001 2.268989709004139e-001
4.951846846846855e+000 -4.801597245341160e-001 1.123689448175580e-001 2.290610153591199e-001
4.959909909909918e+000 -4.979520756229176e-001 1.127971379451407e-001 2.301498196997970e-001
4.967972972972981e+000 -5.162909390700461e-001 1.131280324459884e-001 2.302047266721286e-001
4.976036036036044e+000 -5.351681311435774e-001 1.133670306988399e-001 2.292818013696893e-001
4.984099099099107e+000 -5.545882317393355e-001 1.135183307479892e-001 2.274454493088209e-001
4.992162162162170e+000 -5.745624689086059e-001 1.135784578237873e-001 2.247684861761414e-001
5.000225225225234e+000 -5.951030119661793e-001 1.135312323704601e-001 2.213318045369223e-001
5.008288288288297e+000 -6.162191677817237e-001 1.133493134722219e-001 2.172217989911235e-001
5.016351351351360e+000 -6.379134166927519e-001 1.130025055734974e-001 2.125282818263734e-001
5.024414414414423e+000 -6.601782898968688e-001 1.124652356729819e-001 2.073428094672405e-001
5.032477477477486e+000 -6.829968952346281e-001 1.117193646432528e-001 2.017553432361374e-001
5.040540540540549e+000 -7.063467610318538e-001 1.107546681397909e-001 1.958492271805477e-001
5.048603603603612e+000 -7.302038869184629e-001 1.095675183673790e-001 1.896973638774192e-001
5.056666666666676e+000 -7.545445010783912e-001 1.081583981787969e-001 1.833635635446374e-001
5.064729729729739e+000 -7.793447696014574e-001 1.065321269076224e-001 1.769088605945037e-001
5.072792792792802e+000 -8.045803453790567e-001 1.046998695058228e-001 1.703970469083950e-001
5.080855855855865e+000 -8.302260094168737e-001 1.026778367523248e-001 1.638954757882289e-001
5.088918918918928e+000 -8.562551234446426e-001 1.004838666185765e-001 1.574731368530051e-001
5.096981981981991e+000 -8.826389912699754e-001 9.813690222762489e-002 1.511997986918024e-001
5.105045045045054e+000 -9.093447086760480e-001 9.565818437587449e-002 1.451469681916061e-001
5.113108108108118e+000 -9.363318835258945e-001 9.306975970512740e-002 1.393883036171915e-001
5.121171171171181e+000 -9.635515546472117e-001 9.039153673039398e-002 1.339985994400397e-001
5.129234234234244e+000 -9.909473167315539e-001 8.764095138768613e-002 1.290539571948848e-001
5.137297297297307e+000 -1.018454694875886e+000 8.483470524227037e-002 1.246345383399564e-001
5.145360360360370e+000 -1.045997393835047e+000 8.199027950316641e-002 1.208262452806367e-001
5.153423423423433e+000 -1.073482698502096e+000 7.912924912458474e-002 1.177163812794431e-001
5.161486486486496e+000 -1.100797222205087e+000 7.628458797570829e-002 1.153834811062260e-001
5.169549549549560e+000 -1.127801706979013e+000 7.350879898264620e-002 1.138853895105964e-001
5.177612612612623e+000 -1.154323462869512e+000 7.087786903281612e-002 1.132463751655675e-001
5.185675675675686e+000 -1.180147513284729e+000 6.848719912417522e-002 1.134414689797194e-001
5.193738738738749e+000 -1.205011458470347e+000 6.643799230919353e-002 1.143804659971842e-001
5.201801801801812e+000 -1.228610261392790e+000 6.482018327354980e-002 1.158975182191079e-001
5.209864864864875e+000 -1.250613645179967e+000 6.370236179514874e-002 1.177520095317198e-001
5.217927927927939e+000 -1.270695477901305e+000 6.313171435861852e-002 1.196474471238460e-001
5.225990990991002e+000 -1.288573505370089e+000 6.313849171694295e-002 1.212729520509018e-001
5.234054054054065e+000 -1.304054532909837e+000 6.373864702135916e-002 1.223601979994885e-001
5.242117117117128e+000 -1.317073358123265e+000 6.493184656756168e-002 1.227350037500340e-001
5.250180180180191e+000 -1.327708112434751e+000 6.669767747970103e-002 1.223406248010462e-001
5.258243243243254e+000 -1.336159547408471e+000 6.899549668832705e-002 1.212228907423616e-001
5.266306306306317e+000 -1.342706442846383e+000 7.176387141415994e-002 1.194888677051029e-001
5.274369369369381e+000 -1.347669905599212e+000 7.490825012113421e-002 1.172642747290447e-001
5.282432432432444e+000 -1.351402192219665e+000 7.828129537652510e-002 1.146674056342188e-001
5.290495495495507e+000 -1.354284292308235e+000 8.167804603038900e-002 1.118003376032436e-001
5.298558558558570e+000 -1.356707935962689e+000 8.485875355033043e-002 1.087497328109109e-001
5.306621621621633e+000 -1.359030696090065e+000 8.759108768781891e-002 1.055919889163710e-001
5.314684684684696e+000 -1.361514893098725e+000 8.969730173568198e-002 1.024023689466781e-001
5.322747747747759e+000 -1.364275941187598e+000 9.109310535374858e-002 9.926544911115309e-002
5.330810810810823e+000 -1.367263535221402e+000 9.180258967479588e-002 9.627937626267810e-002
5.338873873873886e+000 -1.370288354512991e+000 9.194069200764415e-002 9.355087444789434e-002
5.346936936936949e+000 -1.373092602845716e+000 9.167266567975749e-002 9.118640424024586e-002
5.355000000000012e+000 -1.375443590487717e+000 9.117023640963227e-002 8.928309529117860e-002
