---- AnyBody Output File ---------------------------------
Study: Main.Studies.MotionOptimization
Operation: Main.Studies.MotionOptimization.Kinematics
----------------------------------------------------------
Constants (Name = Value): 
Main.Studies.KinematicStudyForParameterIdentification.JointAngleOutputs.OutputFile7.FileName = "..\Input\Subjects\PS\Overground Gait Trials\PS_ngait_og_ss9\PS_ngait_og_ss9-output-euler-rightarm.txt"
Main.Studies.KinematicStudyForParameterIdentification.JointAngleOutputs.OutputFile7.NumberFormat.Digits = 15
Main.Studies.KinematicStudyForParameterIdentification.JointAngleOutputs.OutputFile7.NumberFormat.Width = 22
Main.Studies.KinematicStudyForParameterIdentification.JointAngleOutputs.OutputFile7.NumberFormat.Style = ScientificNumber
Main.Studies.KinematicStudyForParameterIdentification.JointAngleOutputs.OutputFile7.NumberFormat.FormatStr = "%22.15e"
Main.Studies.KinematicStudyForParameterIdentification.JointAngleOutputs.OutputFile7.Search = 
Main.Studies.KinematicStudyForParameterIdentification.JointAngleOutputs.OutputFile7.Format = 0
Main.Studies.KinematicStudyForParameterIdentification.JointAngleOutputs.OutputFile7.SepSign = " "
Main.Studies.KinematicStudyForParameterIdentification.JointAngleOutputs.OutputFile7.LineSepSign = ""
Main.Studies.KinematicStudyForParameterIdentification.JointAngleOutputs.OutputFile7.Header.TitleSectionOnOff = On
Main.Studies.KinematicStudyForParameterIdentification.JointAngleOutputs.OutputFile7.Header.ConstSectionOnOff = On
Main.Studies.KinematicStudyForParameterIdentification.JointAngleOutputs.OutputFile7.Header.ConstSectionSaveOptionsOnOff = On
Main.Studies.KinematicStudyForParameterIdentification.JointAngleOutputs.OutputFile7.Header.VarSectionOnOff = On
Main.Studies.KinematicStudyForParameterIdentification.JointAngleOutputs.OutputFile7.Header.ColumnNamesOnOff = On
Main.Studies.KinematicStudyForParameterIdentification.JointAngleOutputs.OutputFile7.Header.LinePrefix = ""
Main.Studies.KinematicStudyForParameterIdentification.JointAngleOutputs.OutputFile7.ConstSectionSaveOptionsOnOff = On
----------------------------------------------------------
Variables (Column# Name): 
col0  Main.Studies.MotionOptimization.t
col1  Main.Studies.KinematicStudyForParameterIdentification.JointAngleOutputs.OutputFile7.SternoClavicularProtraction
col2  Main.Studies.KinematicStudyForParameterIdentification.JointAngleOutputs.OutputFile7.SternoClavicularElevation
col3  Main.Studies.KinematicStudyForParameterIdentification.JointAngleOutputs.OutputFile7.SternoClavicularAxialRotation
col4  Main.Studies.KinematicStudyForParameterIdentification.JointAngleOutputs.OutputFile7.GlenohumeralFlexion
col5  Main.Studies.KinematicStudyForParameterIdentification.JointAngleOutputs.OutputFile7.GlenohumeralExternalRotation
col6  Main.Studies.KinematicStudyForParameterIdentification.JointAngleOutputs.OutputFile7.GlenohumeralAbduction
col7  Main.Studies.KinematicStudyForParameterIdentification.JointAngleOutputs.OutputFile7.ElbowFlexion
col8  Main.Studies.KinematicStudyForParameterIdentification.JointAngleOutputs.OutputFile7.ElbowPronation
col9  Main.Studies.KinematicStudyForParameterIdentification.JointAngleOutputs.OutputFile7.WristFlexion
col10  Main.Studies.KinematicStudyForParameterIdentification.JointAngleOutputs.OutputFile7.WristAbduction
----------------------------------------------------------
Main.Studies.MotionOptimization.t Main.Studies.KinematicStudyForParameterIdentification.JointAngleOutputs.OutputFile7.SternoClavicularProtraction Main.Studies.KinematicStudyForParameterIdentification.JointAngleOutputs.OutputFile7.SternoClavicularElevation Main.Studies.KinematicStudyForParameterIdentification.JointAngleOutputs.OutputFile7.SternoClavicularAxialRotation Main.Studies.KinematicStudyForParameterIdentification.JointAngleOutputs.OutputFile7.GlenohumeralFlexion Main.Studies.KinematicStudyForParameterIdentification.JointAngleOutputs.OutputFile7.GlenohumeralExternalRotation Main.Studies.KinematicStudyForParameterIdentification.JointAngleOutputs.OutputFile7.GlenohumeralAbduction Main.Studies.KinematicStudyForParameterIdentification.JointAngleOutputs.OutputFile7.ElbowFlexion Main.Studies.KinematicStudyForParameterIdentification.JointAngleOutputs.OutputFile7.ElbowPronation Main.Studies.KinematicStudyForParameterIdentification.JointAngleOutputs.OutputFile7.WristFlexion Main.Studies.KinematicStudyForParameterIdentification.JointAngleOutputs.OutputFile7.WristAbduction
4.161666666666666e+000 -5.542391937934212e-001 3.024516833412427e-001 -3.490658504406519e-001 3.597223520160404e-001 1.206574328689639e-001 2.447022697664459e-001 7.726656961988880e-001 3.332000937312528e-008 -2.220446049250313e-016 0.000000000000000e+000
4.169729729729729e+000 -5.518465124236457e-001 3.025952903198355e-001 -3.490667881361231e-001 3.590388290783677e-001 1.159677982339735e-001 2.434751057860737e-001 7.776369124741509e-001 -2.580956827951785e-008 2.220446049250313e-016 0.000000000000000e+000
4.177792792792793e+000 -5.496363819307508e-001 3.024852327850613e-001 -3.490667559767277e-001 3.574410903830623e-001 1.115482785977776e-001 2.423386621038455e-001 7.818670433629938e-001 0.000000000000000e+000 0.000000000000000e+000 0.000000000000000e+000
4.185855855855856e+000 -5.475463735818128e-001 3.023523235442234e-001 -3.490667132090106e-001 3.548588766516110e-001 1.072871918960352e-001 2.413568111905872e-001 7.852250289490151e-001 0.000000000000000e+000 0.000000000000000e+000 0.000000000000000e+000
4.193918918918919e+000 -5.458958314982452e-001 3.021942503220416e-001 -3.490666529505109e-001 3.514829386509635e-001 1.030466772483397e-001 2.406730783330121e-001 7.873104339429168e-001 0.000000000000000e+000 2.220446049250313e-016 0.000000000000000e+000
4.201981981981982e+000 -5.449172504911632e-001 3.019377533785925e-001 -3.490665855841917e-001 3.475049672620567e-001 9.863740083006452e-002 2.403530329973147e-001 7.877840129648535e-001 0.000000000000000e+000 0.000000000000000e+000 0.000000000000000e+000
4.210045045045045e+000 -5.446835252590375e-001 3.014485927735968e-001 -3.490665206508850e-001 3.430794726249555e-001 9.385490496798657e-002 2.403553057213209e-001 7.864548785100509e-001 -2.107342425544702e-008 -2.220446049250313e-016 0.000000000000000e+000
4.218108108108108e+000 -5.450822888830671e-001 3.005634590956998e-001 -3.490664651474070e-001 3.383076295422385e-001 8.854255171024036e-002 2.405223253860738e-001 7.833107491127546e-001 0.000000000000000e+000 0.000000000000000e+000 0.000000000000000e+000
4.226171171171171e+000 -5.458583651331109e-001 2.991209757780979e-001 -3.490664227825031e-001 3.332363071119735e-001 8.266819978394596e-002 2.406004090449149e-001 7.785008565045636e-001 -1.490116119384766e-008 0.000000000000000e+000 0.000000000000000e+000
4.234234234234235e+000 -5.466977413549833e-001 2.969707057885240e-001 -3.490663943759008e-001 3.278593954404983e-001 7.636767052221669e-002 2.402850325437183e-001 7.723019382098861e-001 0.000000000000000e+000 -2.220446049250313e-016 0.000000000000000e+000
4.242297297297298e+000 -5.473047021688537e-001 2.939754052369681e-001 -3.490663788659464e-001 3.221314866812401e-001 6.993303285042253e-002 2.392702923875354e-001 7.650610023345844e-001 0.000000000000000e+000 0.000000000000000e+000 0.000000000000000e+000
4.250360360360361e+000 -5.474465602953668e-001 2.900376857196600e-001 -3.490663741790159e-001 3.159926505727535e-001 6.375083089740366e-002 2.372968019230983e-001 7.571234311643293e-001 0.000000000000000e+000 0.000000000000000e+000 0.000000000000000e+000
4.258423423423424e+000 -5.469697629910496e-001 2.851511389008028e-001 -3.490663774875490e-001 3.093830307526768e-001 5.821194343444364e-002 2.342004541934746e-001 7.487897755564681e-001 0.000000000000000e+000 0.000000000000000e+000 0.000000000000000e+000
4.266486486486487e+000 -5.458077467273955e-001 2.794424711833408e-001 -3.490663848091078e-001 3.022504672086068e-001 5.364503995578688e-002 2.299413954474887e-001 7.403003139830193e-001 0.000000000000000e+000 -4.440892098500626e-016 0.000000000000000e+000
4.274549549549550e+000 -5.439997070581326e-001 2.731817650715394e-001 -3.490663906597923e-001 2.945735980186914e-001 5.030213740064319e-002 2.245990698674905e-001 7.318026407562495e-001 0.000000000000000e+000 0.000000000000000e+000 0.000000000000000e+000
4.282612612612613e+000 -5.417123806241886e-001 2.667651585040165e-001 -3.490663888937444e-001 2.863961727430824e-001 4.836309033164023e-002 2.183563720615131e-001 7.232979652248058e-001 -1.490116119384766e-008 4.440892098500626e-016 0.000000000000000e+000
4.290675675675677e+000 -5.392342471001457e-001 2.606664478361662e-001 -3.490663747564464e-001 2.778423233898570e-001 4.792265843980437e-002 2.114886537366645e-001 7.146169476855447e-001 0.000000000000000e+000 0.000000000000000e+000 0.000000000000000e+000
4.298738738738740e+000 -5.369253884166645e-001 2.553432412344794e-001 -3.490663468548910e-001 2.690953903398576e-001 4.896314491001211e-002 2.043354439813293e-001 7.054611801973215e-001 -2.980232238769531e-008 -2.220446049250313e-016 0.000000000000000e+000
4.306801801801803e+000 -5.351382350078113e-001 2.511193954961755e-001 -3.490663078704417e-001 2.603496220886328e-001 5.133491991617614e-002 1.972420060981820e-001 6.954923730267564e-001 -2.980232238769531e-008 0.000000000000000e+000 0.000000000000000e+000
4.314864864864866e+000 -5.341426803286914e-001 2.481035975914072e-001 -3.490662635317767e-001 2.517559783626044e-001 5.476897532901923e-002 1.904970438678590e-001 6.844308958052010e-001 0.000000000000000e+000 2.220446049250313e-016 0.000000000000000e+000
4.322927927927929e+000 -5.340779539341569e-001 2.461855681276473e-001 -3.490662202871337e-001 2.433865536467068e-001 5.893357373924153e-002 1.842931617156767e-001 6.721275297414564e-001 0.000000000000000e+000 4.440892098500626e-016 0.000000000000000e+000
4.330990990990992e+000 -5.349267171581230e-001 2.450968695695948e-001 -3.490661831066647e-001 2.352345059502383e-001 6.352399902248154e-002 1.787079511409127e-001 6.585828141028316e-001 -2.107342425544702e-008 -2.220446049250313e-016 0.000000000000000e+000
4.339054054054055e+000 -5.365050640158188e-001 2.444931631960274e-001 -3.490661544686679e-001 2.272444486274035e-001 6.835638787362411e-002 1.737014390838911e-001 6.439160793866026e-001 -3.332000937312528e-008 4.440892098500626e-016 0.000000000000000e+000
4.347117117117119e+000 -5.384860388891711e-001 2.440266431868947e-001 -3.490661344447639e-001 2.193514924934299e-001 7.341783285076294e-002 1.691432149706979e-001 6.283109664174790e-001 0.000000000000000e+000 0.000000000000000e+000 0.000000000000000e+000
4.355180180180182e+000 -5.404742642672979e-001 2.433966566993731e-001 -3.490661213460272e-001 2.115056332474108e-001 7.883446507010526e-002 1.648706522780616e-001 6.119780469231054e-001 -1.490116119384766e-008 0.000000000000000e+000 0.000000000000000e+000
4.363243243243245e+000 -5.421151446593763e-001 2.423802460709414e-001 -3.490661127489951e-001 2.036766990531445e-001 8.478360460448564e-002 1.607491157296970e-001 5.951491216377313e-001 -2.107342425544702e-008 -2.220446049250313e-016 0.000000000000000e+000
4.371306306306308e+000 -5.431937262664497e-001 2.408547350532917e-001 -3.490661068218450e-001 1.958582586686088e-001 9.141279395771011e-002 1.567082746087305e-001 5.780628581068188e-001 1.490116119384766e-008 2.220446049250313e-016 0.000000000000000e+000
4.379369369369371e+000 -5.436783761158687e-001 2.388158666064402e-001 -3.490661030588707e-001 1.880801506025884e-001 9.879819709138235e-002 1.527526356854280e-001 5.609139753774353e-001 0.000000000000000e+000 4.440892098500626e-016 0.000000000000000e+000
4.387432432432434e+000 -5.436946180273309e-001 2.363784480155502e-001 -3.490661015732821e-001 1.804125026455283e-001 1.069496358805870e-001 1.489495350213345e-001 5.438050815189344e-001 1.490116119384766e-008 -2.220446049250313e-016 0.000000000000000e+000
4.395495495495498e+000 -5.434555073620557e-001 2.337488888114701e-001 -3.490661017567180e-001 1.729453107233030e-001 1.158512407512229e-001 1.453977340805350e-001 5.267498168137166e-001 -2.980232238769531e-008 -2.220446049250313e-016 0.000000000000000e+000
4.403558558558561e+000 -5.431861560928409e-001 2.311748748688280e-001 -3.490661019625375e-001 1.657516833848705e-001 1.255047108439599e-001 1.421864753625296e-001 5.097248956196582e-001 0.000000000000000e+000 0.000000000000000e+000 0.000000000000000e+000
4.411621621621624e+000 -5.430621964235588e-001 2.288905601598765e-001 -3.490661004778302e-001 1.588543550229209e-001 1.359560277653121e-001 1.393599128311148e-001 4.927337200028182e-001 0.000000000000000e+000 -2.220446049250313e-016 0.000000000000000e+000
4.419684684684687e+000 -5.431746765220076e-001 2.270767082036604e-001 -3.490660965174228e-001 1.522112850887538e-001 1.473034882584997e-001 1.369037517695423e-001 4.758472481837302e-001 1.490116119384766e-008 2.220446049250313e-016 0.000000000000000e+000
4.427747747747750e+000 -5.435345924206223e-001 2.258392963734017e-001 -3.490660903580260e-001 1.457261642869110e-001 1.596748982769897e-001 1.347604386131590e-001 4.592085620538138e-001 0.000000000000000e+000 0.000000000000000e+000 0.000000000000000e+000
4.435810810810813e+000 -5.441093130669781e-001 2.251947991220322e-001 -3.490660828793598e-001 1.392722759709097e-001 1.731683230024423e-001 1.328581491419825e-001 4.430108226913097e-001 0.000000000000000e+000 2.220446049250313e-016 0.000000000000000e+000
4.443873873873876e+000 -5.448581004150265e-001 2.250549887509858e-001 -3.490660749908761e-001 1.327129587647384e-001 1.877815051648757e-001 1.311286493493683e-001 4.274720855674601e-001 0.000000000000000e+000 0.000000000000000e+000 0.000000000000000e+000
4.451936936936940e+000 -5.457433556867427e-001 2.252238889714380e-001 -3.490660671214349e-001 1.259200305995085e-001 2.033809325350455e-001 1.295024403169258e-001 4.128207796318711e-001 0.000000000000000e+000 -2.220446049250313e-016 0.000000000000000e+000
4.460000000000003e+000 -5.467250187868877e-001 2.254359778646797e-001 -3.490660590658933e-001 1.187968023026280e-001 2.197403866597828e-001 1.279017596294042e-001 3.992848854088696e-001 -1.490116119384766e-008 0.000000000000000e+000 0.000000000000000e+000
4.468063063063066e+000 -5.477542572361032e-001 2.254436700762919e-001 -3.490660504396906e-001 1.112938300675648e-001 2.366053344575971e-001 1.262600936994991e-001 3.870710428323863e-001 0.000000000000000e+000 0.000000000000000e+000 0.000000000000000e+000
4.476126126126129e+000 -5.487682581889758e-001 2.251040634376593e-001 -3.490660413061602e-001 1.034003706522586e-001 2.537068880105841e-001 1.245549780510851e-001 3.763361848392617e-001 0.000000000000000e+000 0.000000000000000e+000 0.000000000000000e+000
4.484189189189192e+000 -5.496873697551494e-001 2.244000518262392e-001 -3.490660323468881e-001 9.511518481964676e-002 2.707172730352488e-001 1.228158089802107e-001 3.671720901036177e-001 0.000000000000000e+000 6.661338147750939e-016 0.000000000000000e+000
4.492252252252255e+000 -5.504283780189163e-001 2.233932910872456e-001 -3.490660245384408e-001 8.642599469639301e-002 2.872266196730814e-001 1.210989739210987e-001 3.596039113425922e-001 1.490116119384766e-008 6.661338147750939e-016 0.000000000000000e+000
4.500315315315318e+000 -5.509348122108448e-001 2.221641161635708e-001 -3.490660186722991e-001 7.732278802479287e-002 3.028007415233989e-001 1.194530329252258e-001 3.535805466022403e-001 0.000000000000000e+000 -4.440892098500626e-016 0.000000000000000e+000
4.508378378378382e+000 -5.512058493956423e-001 2.207812855962654e-001 -3.490660149570752e-001 6.782871615681474e-002 3.170740220384761e-001 1.178971270375901e-001 3.489653814445898e-001 0.000000000000000e+000 -2.220446049250313e-016 0.000000000000000e+000
4.516441441441445e+000 -5.513116215681135e-001 2.193005722036345e-001 -3.490660128630913e-001 5.801077488270101e-002 3.298037789793653e-001 1.164207352907085e-001 3.455595002915738e-001 -3.332000937312528e-008 2.220446049250313e-016 0.000000000000000e+000
4.524504504504508e+000 -5.513808738735785e-001 2.177773344572049e-001 -3.490660114089474e-001 4.796135483180342e-002 3.408795934964309e-001 1.149974780415620e-001 3.431515756577759e-001 2.980232238769531e-008 -4.440892098500626e-016 0.000000000000000e+000
4.532567567567571e+000 -5.515532276951162e-001 2.162835648856576e-001 -3.490660097301808e-001 3.777348422230009e-002 3.503151604560905e-001 1.136005178507965e-001 3.415637051271759e-001 2.580956827951785e-008 -2.220446049250313e-016 0.000000000000000e+000
4.540630630630634e+000 -5.519333841276513e-001 2.149131377671629e-001 -3.490660073829638e-001 2.752947954909857e-002 3.582104248944383e-001 1.122117007128988e-001 3.406773132774117e-001 0.000000000000000e+000 0.000000000000000e+000 0.000000000000000e+000
4.548693693693697e+000 -5.527170535304129e-001 2.137538992907644e-001 -3.490658513859089e-001 1.741144578439835e-002 3.646265711112598e-001 1.108476791327584e-001 3.403127588492718e-001 -3.332000937312528e-008 0.000000000000000e+000 0.000000000000000e+000
4.556756756756760e+000 -5.536719424338709e-001 2.128830966172939e-001 -3.490658513159702e-001 7.250151176733111e-003 3.696433459493425e-001 1.094604139173572e-001 3.406960492434343e-001 0.000000000000000e+000 0.000000000000000e+000 0.000000000000000e+000
4.564819819819824e+000 -5.549434628388910e-001 2.123107956388950e-001 -3.490658511798065e-001 -2.809570123426974e-003 3.732031755740156e-001 1.080692811018546e-001 3.417149214726870e-001 -2.580956827951785e-008 2.220446049250313e-016 0.000000000000000e+000
4.572882882882887e+000 -5.564934977072200e-001 2.120209362242607e-001 -3.490658510431643e-001 -1.276276514766628e-002 3.753279405879016e-001 1.066576435818018e-001 3.434074636072570e-001 0.000000000000000e+000 -2.220446049250313e-016 0.000000000000000e+000
4.580945945945950e+000 -5.582346381041559e-001 2.119779784554623e-001 -3.490658509003441e-001 -2.262300804107120e-002 3.760927318274677e-001 1.052047598098741e-001 3.458278258293742e-001 -1.490116119384766e-008 -6.661338147750939e-016 0.000000000000000e+000
4.589009009009013e+000 -5.600555681269416e-001 2.121354791560215e-001 -3.490658507474621e-001 -3.240415578891676e-002 3.755824493960674e-001 1.036985149415347e-001 3.490142393259848e-001 0.000000000000000e+000 -4.440892098500626e-016 0.000000000000000e+000
4.597072072072076e+000 -5.618558521008353e-001 2.124391318733088e-001 -3.490658505845445e-001 -4.210886004710068e-002 3.738905134298143e-001 1.021389673232135e-001 3.529573909400983e-001 -2.107342425544702e-008 -6.661338147750939e-016 0.000000000000000e+000
4.605135135135139e+000 -5.635601690509732e-001 2.128273627721735e-001 -3.490658504138435e-001 -5.172823525281545e-002 3.711537260176820e-001 1.005328969573587e-001 3.575907427661155e-001 2.580956827951785e-008 2.220446049250313e-016 0.000000000000000e+000
4.613198198198202e+000 -5.651118503347528e-001 2.132376793660129e-001 -3.490658502375881e-001 -6.124007723194858e-002 3.675677033171999e-001 9.889111119132603e-002 3.627938305993743e-001 1.490116119384766e-008 -6.661338147750939e-016 0.000000000000000e+000
4.621261261261266e+000 -5.664653998773808e-001 2.136241953837079e-001 -3.490658500577270e-001 -7.059682759555175e-002 3.633859710412021e-001 9.723558458950478e-002 3.683895973586401e-001 0.000000000000000e+000 0.000000000000000e+000 0.000000000000000e+000
4.629324324324329e+000 -5.675866454235239e-001 2.139774875461422e-001 -3.490658498765824e-001 -7.971219263182316e-002 3.589192073233913e-001 9.560887090422071e-002 3.741418957446571e-001 2.580956827951785e-008 -4.440892098500626e-016 0.000000000000000e+000
4.637387387387392e+000 -5.684616088335096e-001 2.143279958667361e-001 -3.490658496970173e-001 -8.846028639459380e-002 3.545045229220710e-001 9.407506099464995e-002 3.797663099003129e-001 2.580956827951785e-008 -2.220446049250313e-016 0.000000000000000e+000
4.645450450450455e+000 -5.691127613866007e-001 2.147277643891723e-001 -3.490658495227599e-001 -9.668922014209036e-002 3.504386643376636e-001 9.271301435410287e-002 3.849547135675664e-001 0.000000000000000e+000 -2.220446049250313e-016 0.000000000000000e+000
4.653513513513518e+000 -5.696077124645598e-001 2.152260614844441e-001 -3.490658493597154e-001 -1.042387476546058e-001 3.469291630056675e-001 9.160764425352781e-002 3.894080496948884e-001 -1.490116119384766e-008 -4.440892098500626e-016 0.000000000000000e+000
4.661576576576581e+000 -5.700438023157007e-001 2.158525167732130e-001 -3.490658492175318e-001 -1.109528634562107e-001 3.440950048729159e-001 9.084051206298179e-002 3.928695417937001e-001 0.000000000000000e+000 4.440892098500626e-016 0.000000000000000e+000
4.669639639639645e+000 -5.705111455787876e-001 2.166089378636571e-001 -3.490658491094206e-001 -1.166921279221971e-001 3.419886208973213e-001 9.048109951404822e-002 3.951556873475878e-001 0.000000000000000e+000 0.000000000000000e+000 0.000000000000000e+000
4.677702702702708e+000 -5.710529389915365e-001 2.174697391634493e-001 -3.490658490481636e-001 -1.213530926399467e-001 3.406096121142569e-001 9.058286893048062e-002 3.961851750800330e-001 1.490116119384766e-008 -2.220446049250313e-016 0.000000000000000e+000
4.685765765765771e+000 -5.716506566611487e-001 2.183901280468092e-001 -3.490658490388571e-001 -1.248844560641085e-001 3.399183044243426e-001 9.118391774978564e-002 3.959949958020895e-001 -2.580956827951785e-008 -6.661338147750939e-016 0.000000000000000e+000
4.693828828828834e+000 -5.722495780182327e-001 2.192940502314975e-001 -3.490659175201155e-001 -1.273841524200465e-001 3.399372834386149e-001 9.228886080557144e-002 3.948222399410448e-001 0.000000000000000e+000 4.440892098500626e-016 0.000000000000000e+000
4.701891891891897e+000 -5.728128433817684e-001 2.201554697087456e-001 -3.490659220325665e-001 -1.287000742960809e-001 3.405097132183637e-001 9.393230372811406e-002 3.927146506956557e-001 -1.490116119384766e-008 -2.220446049250313e-016 0.000000000000000e+000
4.709954954954960e+000 -5.733036538469626e-001 2.208745116239113e-001 -3.490659288439750e-001 -1.289960421614016e-001 3.417525715580259e-001 9.606907799814396e-002 3.899991052059730e-001 0.000000000000000e+000 -4.440892098500626e-016 0.000000000000000e+000
4.718018018018023e+000 -5.737014945964818e-001 2.213526415016565e-001 -3.490659351675110e-001 -1.283719968414785e-001 3.437501896584672e-001 9.862906508164517e-002 3.868734178132504e-001 -1.490116119384766e-008 0.000000000000000e+000 0.000000000000000e+000
4.726081081081087e+000 -5.739745055511734e-001 2.214726720647224e-001 -3.490659406120928e-001 -1.269577975566927e-001 3.465515792295448e-001 1.014983983116892e-001 3.834807156586450e-001 0.000000000000000e+000 2.220446049250313e-016 0.000000000000000e+000
4.734144144144150e+000 -5.740908124294780e-001 2.211118877372371e-001 -3.490659452898580e-001 -1.248966727377674e-001 3.501335893347091e-001 1.045364793259477e-001 3.799249464376971e-001 2.107342425544702e-008 0.000000000000000e+000 0.000000000000000e+000
4.742207207207213e+000 -5.740331141392031e-001 2.201719060323095e-001 -3.490659494901847e-001 -1.223261246046561e-001 3.544487454490097e-001 1.076028121033297e-001 3.762790868879218e-001 0.000000000000000e+000 -8.881784197001252e-016 0.000000000000000e+000
4.750270270270276e+000 -5.737968042994353e-001 2.186061124818788e-001 -3.490659531582101e-001 -1.193712219582328e-001 3.594797126796836e-001 1.105742966806970e-001 3.725783467504353e-001 0.000000000000000e+000 4.440892098500626e-016 0.000000000000000e+000
4.758333333333339e+000 -5.733894834329676e-001 2.164348811134285e-001 -3.490659557879881e-001 -1.161405865293883e-001 3.652390609077275e-001 1.133487985748592e-001 3.688124749746544e-001 1.490116119384766e-008 -4.440892098500626e-016 0.000000000000000e+000
4.766396396396402e+000 -5.728453884929087e-001 2.137569341810048e-001 -3.490659568273122e-001 -1.127122626222701e-001 3.717606145079934e-001 1.158424921864001e-001 3.649273039877988e-001 0.000000000000000e+000 4.440892098500626e-016 0.000000000000000e+000
4.774459459459465e+000 -5.722314663758493e-001 2.107547706873845e-001 -3.490659562097326e-001 -1.091149765598192e-001 3.791217125494448e-001 1.179907370873302e-001 3.608361139966654e-001 0.000000000000000e+000 -6.661338147750939e-016 0.000000000000000e+000
4.782522522522529e+000 -5.716287656015868e-001 2.076842796128409e-001 -3.490659546629553e-001 -1.053100970598984e-001 3.874511408801701e-001 1.197649104056146e-001 3.564341192901167e-001 0.000000000000000e+000 0.000000000000000e+000 0.000000000000000e+000
4.790585585585592e+000 -5.711056682199752e-001 2.048503274928324e-001 -3.490659537050782e-001 -1.011797960896108e-001 3.968772252889576e-001 1.212057652542553e-001 3.516207852243866e-001 0.000000000000000e+000 0.000000000000000e+000 0.000000000000000e+000
4.798648648648655e+000 -5.707041832360731e-001 2.025734604531810e-001 -3.490659554281108e-001 -9.653527770385773e-002 4.074522670884990e-001 1.224484499653151e-001 3.463393768364153e-001 -1.490116119384766e-008 -4.440892098500626e-016 0.000000000000000e+000
4.806711711711718e+000 -5.704458022374959e-001 2.011493459434748e-001 -3.490659621566203e-001 -9.115218392369084e-002 4.191077008448820e-001 1.237078776984997e-001 3.406188825419439e-001 2.580956827951785e-008 -2.220446049250313e-016 0.000000000000000e+000
4.814774774774781e+000 -5.703522755215582e-001 2.008073530088201e-001 -3.490659756190477e-001 -8.482297490355717e-002 4.316321998109328e-001 1.252166535824191e-001 3.345994670937278e-001 0.000000000000000e+000 0.000000000000000e+000 0.000000000000000e+000
4.822837837837844e+000 -5.704663285157970e-001 2.016809831781248e-001 -3.490659953776127e-001 -7.740728000586650e-002 4.446487215168941e-001 1.271427495392356e-001 3.285371092530666e-001 0.000000000000000e+000 -2.220446049250313e-016 0.000000000000000e+000
4.830900900900907e+000 -5.708533492258041e-001 2.037932819678829e-001 -3.490660176215065e-001 -6.886894500415486e-002 4.575954780838422e-001 1.295325278022703e-001 3.227885364433292e-001 -1.490116119384766e-008 -6.661338147750939e-016 0.000000000000000e+000
4.838963963963971e+000 -5.715787792621336e-001 2.070475326344838e-001 -3.490660359578191e-001 -5.929610259883167e-002 4.697435122322139e-001 1.323045430462739e-001 3.177837431633475e-001 1.490116119384766e-008 -1.110223024625157e-015 0.000000000000000e+000
4.847027027027034e+000 -5.726717898713264e-001 2.112290642580497e-001 -3.490660443615594e-001 -4.889958618307655e-002 4.802815594229247e-001 1.352873939754562e-001 3.139928827807631e-001 0.000000000000000e+000 2.220446049250313e-016 0.000000000000000e+000
4.855090090090097e+000 -5.740852833608530e-001 2.160395682749843e-001 -3.490660402940141e-001 -3.798888340130135e-002 4.884279973758822e-001 1.382843371440935e-001 3.118817828915365e-001 0.000000000000000e+000 6.661338147750939e-016 0.000000000000000e+000
4.863153153153160e+000 -5.756656523589048e-001 2.211612924096749e-001 -3.490660256351185e-001 -2.692791378933612e-002 4.935137035625863e-001 1.411409708539771e-001 3.118451343747467e-001 1.490116119384766e-008 -8.881784197001252e-016 0.000000000000000e+000
4.871216216216223e+000 -5.771619871778919e-001 2.263178780167947e-001 -3.490660051236969e-001 -1.607336428030903e-002 4.950518079447761e-001 1.437874016782294e-001 3.141265444814170e-001 -2.580956827951785e-008 -6.661338147750939e-016 0.000000000000000e+000
4.879279279279286e+000 -5.782835590084503e-001 2.313004291492686e-001 -3.490659838894787e-001 -5.713721482949463e-003 4.927967612778305e-001 1.462414400456885e-001 3.187695894267001e-001 -2.980232238769531e-008 -4.440892098500626e-016 0.000000000000000e+000
4.887342342342349e+000 -5.787658042732315e-001 2.359571196668515e-001 -3.490659656796922e-001 3.964025937421178e-003 4.867527459378794e-001 1.485815710947816e-001 3.256351561376183e-001 0.000000000000000e+000 -2.220446049250313e-016 0.000000000000000e+000
4.895405405405413e+000 -5.784165749425106e-001 2.401699782762821e-001 -3.490659523031806e-001 1.288071157530690e-002 4.771389627431479e-001 1.509117302075366e-001 3.344596666710870e-001 1.490116119384766e-008 2.220446049250313e-016 0.000000000000000e+000
4.903468468468476e+000 -5.771595331499521e-001 2.438363777069459e-001 -3.490659438885537e-001 2.107063204533599e-002 4.643489084786654e-001 1.533378449387537e-001 3.449020432742522e-001 -2.580956827951785e-008 -4.440892098500626e-016 0.000000000000000e+000
4.911531531531539e+000 -5.750756045906934e-001 2.468584132541041e-001 -3.490659394120838e-001 2.869272093241237e-002 4.489144769137399e-001 1.559564458003923e-001 3.565685912250450e-001 -2.980232238769531e-008 -2.220446049250313e-016 0.000000000000000e+000
4.919594594594602e+000 -5.724097795153231e-001 2.491452125804690e-001 -3.490659372904597e-001 3.602224012305633e-002 4.314686732091194e-001 1.588410100298083e-001 3.690397332413736e-001 0.000000000000000e+000 2.220446049250313e-016 0.000000000000000e+000
4.927657657657665e+000 -5.695281514513164e-001 2.506337310149580e-001 -3.490659359810716e-001 4.340566241870802e-002 4.126960619398967e-001 1.620235810466411e-001 3.819066897069822e-001 -2.107342425544702e-008 2.220446049250313e-016 0.000000000000000e+000
4.935720720720728e+000 -5.668346836152169e-001 2.513300389791915e-001 -3.490659344960829e-001 5.119351500475600e-002 3.932738942905890e-001 1.654898387471720e-001 3.948048923071397e-001 0.000000000000000e+000 -2.220446049250313e-016 0.000000000000000e+000
4.943783783783792e+000 -5.646660560001154e-001 2.513609476999892e-001 -3.490659326924290e-001 5.967883115773254e-002 3.738252980782690e-001 1.691983145849657e-001 4.074370259305754e-001 0.000000000000000e+000 0.000000000000000e+000 0.000000000000000e+000
4.951846846846855e+000 -5.632043415315045e-001 2.509916380920141e-001 -3.490659311307044e-001 6.905511111497842e-002 3.548920582180685e-001 1.731015815941311e-001 4.195894612287259e-001 0.000000000000000e+000 0.000000000000000e+000 0.000000000000000e+000
4.959909909909918e+000 -5.624524394573830e-001 2.505670688347408e-001 -3.490659305477335e-001 7.939305450027590e-002 3.369109449605877e-001 1.771444988475692e-001 4.311482980044967e-001 -3.332000937312528e-008 -2.220446049250313e-016 0.000000000000000e+000
4.967972972972981e+000 -5.622760334316213e-001 2.504046189255755e-001 -3.490659314294315e-001 9.063615041184403e-002 3.201814138105738e-001 1.812524123247053e-001 4.421164922131957e-001 -1.490116119384766e-008 2.220446049250313e-016 0.000000000000000e+000
4.976036036036044e+000 -5.624721881457231e-001 2.507064069451372e-001 -3.490659340035678e-001 1.026171659578812e-001 3.048345620464010e-001 1.853350997312500e-001 4.526241695562822e-001 -2.580956827951785e-008 -4.440892098500626e-016 0.000000000000000e+000
4.984099099099107e+000 -5.628245287914452e-001 2.515240160365930e-001 -3.490659384214813e-001 1.150884075222491e-001 2.908220697327091e-001 1.893060651904177e-001 4.629255818735988e-001 2.107342425544702e-008 -2.220446049250313e-016 0.000000000000000e+000
4.992162162162170e+000 -5.631353337386538e-001 2.527684821360356e-001 -3.490659448207114e-001 1.277612790233391e-001 2.779465790231228e-001 1.931005215997189e-001 4.733764701804915e-001 -1.490116119384766e-008 2.220446049250313e-016 0.000000000000000e+000
5.000225225225234e+000 -5.632488109585586e-001 2.542557869421882e-001 -3.490659532642041e-001 1.403652851765123e-001 2.659570236031765e-001 1.966825196050895e-001 4.843652677050784e-001 -2.980232238769531e-008 -4.440892098500626e-016 0.000000000000000e+000
5.008288288288297e+000 -5.630762257239652e-001 2.557771989288487e-001 -3.490659636877464e-001 1.527151994553386e-001 2.546671820077637e-001 2.000456968524188e-001 4.961995415689695e-001 -2.580956827951785e-008 -6.661338147750939e-016 0.000000000000000e+000
5.016351351351360e+000 -5.626141605677627e-001 2.571645360552617e-001 -3.490659758735896e-001 1.647426766904470e-001 2.440038984858728e-001 2.032145821474354e-001 5.090226361410282e-001 0.000000000000000e+000 0.000000000000000e+000 0.000000000000000e+000
5.024414414414423e+000 -5.619397672255296e-001 2.583214433695931e-001 -3.490659894364153e-001 1.764742876845005e-001 2.339807297087272e-001 2.062398949602503e-001 5.228187344551764e-001 0.000000000000000e+000 0.000000000000000e+000 0.000000000000000e+000
5.032477477477486e+000 -5.611765658227169e-001 2.592261690588544e-001 -3.490660039178488e-001 1.879845143424619e-001 2.246566665987348e-001 2.091829261580536e-001 5.374716044190840e-001 -1.490116119384766e-008 4.440892098500626e-016 0.000000000000000e+000
5.040540540540549e+000 -5.604415648338480e-001 2.599223485906208e-001 -3.490660189945862e-001 1.993557265943378e-001 2.160872200979633e-001 2.121008285745762e-001 5.528132947942218e-001 0.000000000000000e+000 0.000000000000000e+000 0.000000000000000e+000
5.048603603603612e+000 -5.597964830915828e-001 2.604934524967228e-001 -3.490660346185217e-001 2.106516177497841e-001 2.082681535763788e-001 2.150379780600048e-001 5.686493560671478e-001 -2.107342425544702e-008 -2.220446049250313e-016 0.000000000000000e+000
5.056666666666676e+000 -5.592276455659566e-001 2.610272058291545e-001 -3.490660509697672e-001 2.218996084665594e-001 2.011098960958812e-001 2.180197306931492e-001 5.847828924606466e-001 -1.490116119384766e-008 -2.220446049250313e-016 0.000000000000000e+000
5.064729729729739e+000 -5.586698119102845e-001 2.615965369619626e-001 -3.490660682674146e-001 2.330877981612711e-001 1.944667318449998e-001 2.210565877318040e-001 6.010412560421738e-001 3.650024149988857e-008 -2.220446049250313e-016 0.000000000000000e+000
5.072792792792802e+000 -5.580585824623636e-001 2.622573542982549e-001 -3.490660865369243e-001 2.441796697074166e-001 1.882024562607995e-001 2.241592883728938e-001 6.172915521757398e-001 2.107342425544702e-008 2.220446049250313e-016 0.000000000000000e+000
5.080855855855865e+000 -5.573711451572569e-001 2.630444397828287e-001 -3.490661054260737e-001 2.551327391119254e-001 1.822443760957023e-001 2.273467904494749e-001 6.334403876618460e-001 0.000000000000000e+000 2.220446049250313e-016 0.000000000000000e+000
5.088918918918928e+000 -5.566323101105170e-001 2.639682208359102e-001 -3.490661241580456e-001 2.659091951560095e-001 1.765857181746725e-001 2.306407335418565e-001 6.494200364503030e-001 -2.980232238769531e-008 -2.220446049250313e-016 0.000000000000000e+000
5.096981981981991e+000 -5.558933066010293e-001 2.650221501728083e-001 -3.490661417154639e-001 2.764822070780375e-001 1.712380687657141e-001 2.340584396796174e-001 6.651646543992650e-001 0.000000000000000e+000 4.440892098500626e-016 0.000000000000000e+000
5.105045045045054e+000 -5.551993810180151e-001 2.661957993322526e-001 -3.490661572828015e-001 2.868390025111025e-001 1.661688450485702e-001 2.376087968311922e-001 6.805914497632605e-001 0.000000000000000e+000 -2.220446049250313e-016 0.000000000000000e+000
5.113108108108118e+000 -5.545607165907002e-001 2.674874425517047e-001 -3.490661707927075e-001 2.969731366329123e-001 1.612712448712675e-001 2.412814084887512e-001 6.956054857691376e-001 0.000000000000000e+000 2.220446049250313e-016 0.000000000000000e+000
5.121171171171181e+000 -5.539425390787022e-001 2.689139838976025e-001 -3.490661831837660e-001 3.068706085344073e-001 1.563910881239973e-001 2.450320090200107e-001 7.101240899065293e-001 -2.107342425544702e-008 2.220446049250313e-016 0.000000000000000e+000
5.129234234234244e+000 -5.532815150576768e-001 2.705120032389752e-001 -3.490661960554410e-001 3.165044688827736e-001 1.513863985627771e-001 2.487847759058917e-001 7.240966035292428e-001 2.580956827951785e-008 2.220446049250313e-016 0.000000000000000e+000
5.137297297297307e+000 -5.525151568749679e-001 2.723255075690578e-001 -3.490662109728111e-001 3.258393444662064e-001 1.461834216920183e-001 2.524543731384064e-001 7.375067878128871e-001 -2.980232238769531e-008 4.440892098500626e-016 0.000000000000000e+000
5.145360360360370e+000 -5.516082991595003e-001 2.743881491476061e-001 -3.490662288421166e-001 3.348358302636159e-001 1.408099985345291e-001 2.559680893827572e-001 7.503639882437657e-001 0.000000000000000e+000 0.000000000000000e+000 0.000000000000000e+000
5.153423423423433e+000 -5.505708918630938e-001 2.767124160739187e-001 -3.490662494208919e-001 3.434490972072735e-001 1.353846330676717e-001 2.592786038314268e-001 7.626921393155818e-001 0.000000000000000e+000 0.000000000000000e+000 0.000000000000000e+000
5.161486486486496e+000 -5.494508821616961e-001 2.792894903456422e-001 -3.490662712132118e-001 3.516257398823444e-001 1.300520409131165e-001 2.623663139650443e-001 7.745210253701638e-001 0.000000000000000e+000 2.220446049250313e-016 0.000000000000000e+000
5.169549549549560e+000 -5.482928316412773e-001 2.820972179610712e-001 -3.490662920690558e-001 3.593066306537334e-001 1.249053779968995e-001 2.652264759805096e-001 7.858803207585553e-001 0.000000000000000e+000 2.220446049250313e-016 0.000000000000000e+000
5.177612612612623e+000 -5.471029117367889e-001 2.851120881233802e-001 -3.490663098831205e-001 3.664357776815512e-001 1.199513002398633e-001 2.678529932958613e-001 7.967934223420926e-001 0.000000000000000e+000 0.000000000000000e+000 0.000000000000000e+000
5.185675675675686e+000 -5.458636212322515e-001 2.883134637990068e-001 -3.490663228090647e-001 3.729693924330744e-001 1.151309502267441e-001 2.702374184151259e-001 8.072668539407123e-001 -2.580956827951785e-008 -2.220446049250313e-016 0.000000000000000e+000
5.193738738738749e+000 -5.445744286318289e-001 2.916680716405948e-001 -3.490663298843768e-001 3.788834401995493e-001 1.103749908496823e-001 2.723713100217800e-001 8.172770374786663e-001 2.107342425544702e-008 0.000000000000000e+000 0.000000000000000e+000
5.201801801801812e+000 -5.432695782971068e-001 2.951005817463615e-001 -3.490663327885660e-001 3.841771020183704e-001 1.056616443152214e-001 2.742335052182172e-001 8.267694860837737e-001 0.000000000000000e+000 -2.220446049250313e-016 0.000000000000000e+000
5.209864864864875e+000 -5.420026021805593e-001 2.984701883868766e-001 -3.490663372568141e-001 3.888678939647887e-001 1.010390183742983e-001 2.757772586909291e-001 8.356775306825351e-001 -3.650024149988857e-008 -4.440892098500626e-016 0.000000000000000e+000
5.217927927927939e+000 -5.408135451813582e-001 3.015710039098665e-001 -3.490663518286546e-001 3.929796000818437e-001 9.659935632774210e-002 2.769362385463856e-001 8.439472595180931e-001 0.000000000000000e+000 0.000000000000000e+000 0.000000000000000e+000
5.225990990991002e+000 -5.396955563575571e-001 3.041644867279039e-001 -3.490663834878755e-001 3.965238046568747e-001 9.244061138573166e-002 2.776412981184248e-001 8.515606400737255e-001 2.107342425544702e-008 0.000000000000000e+000 0.000000000000000e+000
5.234054054054065e+000 -5.385725814061360e-001 3.060403391844158e-001 -3.490664326097581e-001 3.994729512468609e-001 8.864259207937433e-002 2.778362773904268e-001 8.585552040638974e-001 0.000000000000000e+000 2.220446049250313e-016 0.000000000000000e+000
5.242117117117128e+000 -5.373050058995934e-001 3.070880622578582e-001 -3.490664910237430e-001 4.017340488704790e-001 8.525705993625543e-002 2.774951975098539e-001 8.650253583481719e-001 0.000000000000000e+000 0.000000000000000e+000 0.000000000000000e+000
5.250180180180191e+000 -5.357429576673769e-001 3.073436824438831e-001 -3.490665452084435e-001 4.031483871660695e-001 8.230966378662626e-002 2.766448541057421e-001 8.710903839126839e-001 0.000000000000000e+000 4.440892098500626e-016 0.000000000000000e+000
5.258243243243254e+000 -5.338092274286911e-001 3.069782852096814e-001 -3.490665828046408e-001 4.035321375771190e-001 7.980109735655476e-002 2.753850672559799e-001 8.768334723052038e-001 -2.107342425544702e-008 2.220446049250313e-016 0.000000000000000e+000
5.266306306306317e+000 -5.315615273895002e-001 3.062351455418226e-001 -3.490665979153462e-001 4.027408390929979e-001 7.769688775303152e-002 2.738908225995969e-001 8.822293138730505e-001 0.000000000000000e+000 -2.220446049250313e-016 0.000000000000000e+000
5.274369369369381e+000 -5.292069720232075e-001 3.053555140957012e-001 -3.490665915712322e-001 4.007273416683050e-001 7.591645053824296e-002 2.723869912927165e-001 8.870828648397320e-001 0.000000000000000e+000 -2.220446049250313e-016 0.000000000000000e+000
5.282432432432444e+000 -5.270661529835886e-001 3.045256276143027e-001 -3.490665684184775e-001 3.975706901491467e-001 7.432989006978581e-002 2.710987562111333e-001 8.910071683977786e-001 0.000000000000000e+000 2.220446049250313e-016 0.000000000000000e+000
5.290495495495507e+000 -5.254939300824355e-001 3.038550433359555e-001 -3.490665335741063e-001 3.934709712451843e-001 7.275219327797752e-002 2.701985726414284e-001 8.934559832186840e-001 0.000000000000000e+000 -2.220446049250313e-016 0.000000000000000e+000
5.298558558558570e+000 -5.247827185037445e-001 3.033759544666164e-001 -3.490664916259752e-001 3.887211671395490e-001 7.093869665181465e-002 2.697707876755324e-001 8.938030719575509e-001 0.000000000000000e+000 4.440892098500626e-016 0.000000000000000e+000
5.306621621621633e+000 -5.250768688613827e-001 3.030396831479307e-001 -3.490664471490117e-001 3.836604575378388e-001 6.862404605591081e-002 2.697821471943643e-001 8.914600567587038e-001 0.000000000000000e+000 0.000000000000000e+000 0.000000000000000e+000
5.314684684684696e+000 -5.263165822609423e-001 3.026978095801436e-001 -3.490664051387710e-001 3.786035949157136e-001 6.562224645209962e-002 2.700423879588553e-001 8.860286163448032e-001 1.490116119384766e-008 -2.220446049250313e-016 0.000000000000000e+000
5.322747747747759e+000 -5.282291915834620e-001 3.020886005598038e-001 -3.490663703657510e-001 3.737573882945535e-001 6.193655856335478e-002 2.701776984521742e-001 8.774516082087817e-001 1.490116119384766e-008 2.220446049250313e-016 0.000000000000000e+000
5.330810810810823e+000 -5.303763916188580e-001 3.008631702284177e-001 -3.490663463279691e-001 3.691580717069543e-001 5.781511496898368e-002 2.696557665257942e-001 8.660881724128817e-001 2.580956827951785e-008 0.000000000000000e+000 0.000000000000000e+000
5.338873873873886e+000 -5.322462838710858e-001 2.986589526442502e-001 -3.490663348994955e-001 3.646670394315108e-001 5.370528608920774e-002 2.678891654556124e-001 8.526426830246671e-001 0.000000000000000e+000 2.220446049250313e-016 0.000000000000000e+000
5.346936936936949e+000 -5.333633480619910e-001 2.951993507242485e-001 -3.490663364645028e-001 3.600446552485663e-001 5.006756903886123e-002 2.644174394498463e-001 8.379377531277169e-001 0.000000000000000e+000 0.000000000000000e+000 0.000000000000000e+000
5.355000000000012e+000 -5.333810830769624e-001 2.903887994383199e-001 -3.490663495686823e-001 3.550717071862832e-001 4.711933226098158e-002 2.590918510082619e-001 8.226336286607178e-001 0.000000000000000e+000 2.220446049250313e-016 0.000000000000000e+000
