---- AnyBody Output File ---------------------------------
Study: Main.Studies.MotionOptimization
Operation: Main.Studies.MotionOptimization.Kinematics
----------------------------------------------------------
Constants (Name = Value): 
Main.Studies.KinematicStudyForParameterIdentification.JointAngleOutputs.OutputFile6.FileName = "..\Input\Subjects\PS\Overground Gait Trials\PS_ngait_og_ss11\PS_ngait_og_ss11-output-euler-leftarm.txt"
Main.Studies.KinematicStudyForParameterIdentification.JointAngleOutputs.OutputFile6.NumberFormat.Digits = 15
Main.Studies.KinematicStudyForParameterIdentification.JointAngleOutputs.OutputFile6.NumberFormat.Width = 22
Main.Studies.KinematicStudyForParameterIdentification.JointAngleOutputs.OutputFile6.NumberFormat.Style = ScientificNumber
Main.Studies.KinematicStudyForParameterIdentification.JointAngleOutputs.OutputFile6.NumberFormat.FormatStr = "%22.15e"
Main.Studies.KinematicStudyForParameterIdentification.JointAngleOutputs.OutputFile6.Search = 
Main.Studies.KinematicStudyForParameterIdentification.JointAngleOutputs.OutputFile6.Format = 0
Main.Studies.KinematicStudyForParameterIdentification.JointAngleOutputs.OutputFile6.SepSign = " "
Main.Studies.KinematicStudyForParameterIdentification.JointAngleOutputs.OutputFile6.LineSepSign = ""
Main.Studies.KinematicStudyForParameterIdentification.JointAngleOutputs.OutputFile6.Header.TitleSectionOnOff = On
Main.Studies.KinematicStudyForParameterIdentification.JointAngleOutputs.OutputFile6.Header.ConstSectionOnOff = On
Main.Studies.KinematicStudyForParameterIdentification.JointAngleOutputs.OutputFile6.Header.ConstSectionSaveOptionsOnOff = On
Main.Studies.KinematicStudyForParameterIdentification.JointAngleOutputs.OutputFile6.Header.VarSectionOnOff = On
Main.Studies.KinematicStudyForParameterIdentification.JointAngleOutputs.OutputFile6.Header.ColumnNamesOnOff = On
Main.Studies.KinematicStudyForParameterIdentification.JointAngleOutputs.OutputFile6.Header.LinePrefix = ""
Main.Studies.KinematicStudyForParameterIdentification.JointAngleOutputs.OutputFile6.ConstSectionSaveOptionsOnOff = On
----------------------------------------------------------
Variables (Column# Name): 
col0  Main.Studies.MotionOptimization.t
col1  Main.Studies.KinematicStudyForParameterIdentification.JointAngleOutputs.OutputFile6.SternoClavicularProtraction
col2  Main.Studies.KinematicStudyForParameterIdentification.JointAngleOutputs.OutputFile6.SternoClavicularElevation
col3  Main.Studies.KinematicStudyForParameterIdentification.JointAngleOutputs.OutputFile6.SternoClavicularAxialRotation
col4  Main.Studies.KinematicStudyForParameterIdentification.JointAngleOutputs.OutputFile6.GlenohumeralFlexion
col5  Main.Studies.KinematicStudyForParameterIdentification.JointAngleOutputs.OutputFile6.GlenohumeralExternalRotation
col6  Main.Studies.KinematicStudyForParameterIdentification.JointAngleOutputs.OutputFile6.GlenohumeralAbduction
col7  Main.Studies.KinematicStudyForParameterIdentification.JointAngleOutputs.OutputFile6.ElbowFlexion
col8  Main.Studies.KinematicStudyForParameterIdentification.JointAngleOutputs.OutputFile6.ElbowPronation
col9  Main.Studies.KinematicStudyForParameterIdentification.JointAngleOutputs.OutputFile6.WristFlexion
col10  Main.Studies.KinematicStudyForParameterIdentification.JointAngleOutputs.OutputFile6.WristAbduction
----------------------------------------------------------
Main.Studies.MotionOptimization.t Main.Studies.KinematicStudyForParameterIdentification.JointAngleOutputs.OutputFile6.SternoClavicularProtraction Main.Studies.KinematicStudyForParameterIdentification.JointAngleOutputs.OutputFile6.SternoClavicularElevation Main.Studies.KinematicStudyForParameterIdentification.JointAngleOutputs.OutputFile6.SternoClavicularAxialRotation Main.Studies.KinematicStudyForParameterIdentification.JointAngleOutputs.OutputFile6.GlenohumeralFlexion Main.Studies.KinematicStudyForParameterIdentification.JointAngleOutputs.OutputFile6.GlenohumeralExternalRotation Main.Studies.KinematicStudyForParameterIdentification.JointAngleOutputs.OutputFile6.GlenohumeralAbduction Main.Studies.KinematicStudyForParameterIdentification.JointAngleOutputs.OutputFile6.ElbowFlexion Main.Studies.KinematicStudyForParameterIdentification.JointAngleOutputs.OutputFile6.ElbowPronation Main.Studies.KinematicStudyForParameterIdentification.JointAngleOutputs.OutputFile6.WristFlexion Main.Studies.KinematicStudyForParameterIdentification.JointAngleOutputs.OutputFile6.WristAbduction
6.061666666666667e+000 -7.332887836648192e-001 2.139762391326032e-001 -3.490658388733655e-001 -5.107434217876006e-002 9.622673158278932e-001 9.480138520630618e-003 2.676310716878591e-001 0.000000000000000e+000 8.881784197001252e-016 0.000000000000000e+000
6.069738562091503e+000 -7.333007470651792e-001 2.149427879852504e-001 -3.490657596271853e-001 -5.423093391958611e-002 9.601846148681419e-001 1.058489902863187e-002 2.680459667020308e-001 0.000000000000000e+000 -2.220446049250313e-016 0.000000000000000e+000
6.077810457516340e+000 -7.339004018721244e-001 2.154600876432193e-001 -3.490657686297163e-001 -5.647474513017370e-002 9.588923486662007e-001 1.241542406465488e-002 2.679844370080970e-001 1.490116119384766e-008 -2.220446049250313e-016 0.000000000000000e+000
6.085882352941177e+000 -7.345724230047724e-001 2.155022701234508e-001 -3.490657680685260e-001 -5.817314667935292e-002 9.580319552109518e-001 1.466145257197894e-002 2.678451963639817e-001 0.000000000000000e+000 4.440892098500626e-016 0.000000000000000e+000
6.093954248366013e+000 -7.352782957226087e-001 2.150870147241992e-001 -3.490657648646954e-001 -5.940621334979301e-002 9.574864318971502e-001 1.721110215548580e-002 2.676690275890307e-001 0.000000000000000e+000 -2.220446049250313e-016 0.000000000000000e+000
6.102026143790850e+000 -7.359868526670674e-001 2.142513787943798e-001 -3.490657611500830e-001 -6.028390606873635e-002 9.571263274675762e-001 1.994813531851776e-002 2.675351855894041e-001 0.000000000000000e+000 4.440892098500626e-016 0.000000000000000e+000
6.110098039215687e+000 -7.366816250440128e-001 2.130551211473177e-001 -3.490657577976145e-001 -6.094400424097657e-002 9.568644664396084e-001 2.277212014128598e-002 2.675526635797718e-001 -1.490116119384766e-008 0.000000000000000e+000 0.000000000000000e+000
6.118169934640523e+000 -7.373482806303680e-001 2.115889173232437e-001 -3.490657542843393e-001 -6.154636251908485e-002 9.566189677533505e-001 2.561697493788066e-002 2.678409740299248e-001 0.000000000000000e+000 8.881784197001252e-016 0.000000000000000e+000
6.126241830065360e+000 -7.379707378087453e-001 2.099780216695593e-001 -3.490657493524207e-001 -6.223569591023836e-002 9.562630384287663e-001 2.846573481880479e-002 2.684830596187995e-001 0.000000000000000e+000 0.000000000000000e+000 0.000000000000000e+000
6.134313725490197e+000 -7.385515133594384e-001 2.083767015742184e-001 -3.490657422054695e-001 -6.308106936522151e-002 9.556382125696875e-001 3.135861315881477e-002 2.694761935326355e-001 0.000000000000000e+000 -4.440892098500626e-016 0.000000000000000e+000
6.142385620915033e+000 -7.391236766069383e-001 2.069619719971207e-001 -3.490657337111081e-001 -6.403396037187181e-002 9.546371136590410e-001 3.439356364046089e-002 2.707212932614688e-001 0.000000000000000e+000 0.000000000000000e+000 0.000000000000000e+000
6.150457516339870e+000 -7.397290669977704e-001 2.059333797556904e-001 -3.490657265627205e-001 -6.492549053916363e-002 9.533303932851934e-001 3.772171636617884e-002 2.720452186297280e-001 2.107342425544702e-008 -2.220446049250313e-016 0.000000000000000e+000
6.158529411764707e+000 -7.403923565264845e-001 2.054998048788554e-001 -3.490657241575970e-001 -6.548700590859280e-002 9.520249844604224e-001 4.153286423645470e-002 2.732246730730276e-001 2.107342425544702e-008 2.220446049250313e-016 0.000000000000000e+000
6.166601307189543e+000 -7.411291125301882e-001 2.058407432322733e-001 -3.490657294765808e-001 -6.537999783376813e-002 9.511603734740650e-001 4.602627905453142e-002 2.740036090326752e-001 0.000000000000000e+000 6.661338147750939e-016 0.000000000000000e+000
6.174673202614380e+000 -7.419822707610302e-001 2.070714409515915e-001 -3.490657449830244e-001 -6.423606879193811e-002 9.511577168746227e-001 5.137480882918450e-002 2.741147643238679e-001 0.000000000000000e+000 2.220446049250313e-016 0.000000000000000e+000
6.182745098039217e+000 -7.430382608659033e-001 2.092351362615557e-001 -3.490657726911650e-001 -6.171009742563416e-002 9.523242538068139e-001 5.768586938162800e-002 2.733170685482090e-001 2.107342425544702e-008 2.220446049250313e-016 0.000000000000000e+000
6.190816993464053e+000 -7.443885401040999e-001 2.123071384779920e-001 -3.490658132276622e-001 -5.754616035950844e-002 9.547561866069572e-001 6.496128308106472e-002 2.714523150150254e-001 0.000000000000000e+000 -4.440892098500626e-016 0.000000000000000e+000
6.198888888888890e+000 -7.460587094969435e-001 2.161971873788873e-001 -3.490658644586007e-001 -5.164919542141289e-002 9.582389537357751e-001 7.307428778197131e-002 2.685115367475620e-001 0.000000000000000e+000 0.000000000000000e+000 0.000000000000000e+000
6.206960784313726e+000 -7.479495616997041e-001 2.207592099221043e-001 -3.490659212133187e-001 -4.414227087869271e-002 9.622070190992225e-001 8.178108588607684e-002 2.646911526335705e-001 0.000000000000000e+000 2.220446049250313e-016 0.000000000000000e+000
6.215032679738563e+000 -7.498233895635768e-001 2.258165036151789e-001 -3.490659765670503e-001 -3.537486544824775e-002 9.657768992180770e-001 9.076537009063786e-002 2.604048425330840e-001 0.000000000000000e+000 -4.440892098500626e-016 0.000000000000000e+000
6.223104575163400e+000 -7.513506841534692e-001 2.311919104939233e-001 -3.490660238170188e-001 -2.585804724435170e-002 9.678708984916528e-001 9.970146124635929e-002 2.562202522024830e-001 0.000000000000000e+000 4.440892098500626e-016 0.000000000000000e+000
6.231176470588236e+000 -7.521997440360566e-001 2.367245519697512e-001 -3.490660584180008e-001 -1.614629452694594e-002 9.674262055166554e-001 1.083137664108651e-001 2.527354529626418e-001 0.000000000000000e+000 4.440892098500626e-016 0.000000000000000e+000
6.239248366013073e+000 -7.521297939962112e-001 2.422707359389789e-001 -3.490660796196923e-001 -6.718454052819123e-003 9.636113338755952e-001 1.164134395465863e-001 2.504567800766516e-001 0.000000000000000e+000 4.440892098500626e-016 0.000000000000000e+000
6.247320261437910e+000 -7.510602247922985e-001 2.477021610258443e-001 -3.490660911941868e-001 2.103691517581829e-003 9.559930429990393e-001 1.239109900147748e-001 2.497263946249409e-001 1.490116119384766e-008 0.000000000000000e+000 0.000000000000000e+000
6.255392156862746e+000 -7.491053460402261e-001 2.529038175832947e-001 -3.490661004236851e-001 1.018985809952810e-002 9.446126615843237e-001 1.308117533843628e-001 2.506974609292840e-001 0.000000000000000e+000 2.220446049250313e-016 0.000000000000000e+000
6.263464052287583e+000 -7.465619284251400e-001 2.577626883489232e-001 -3.490661150797220e-001 1.758866281514782e-002 9.298769591681171e-001 1.371943101958119e-001 2.533413982514914e-001 0.000000000000000e+000 2.220446049250313e-016 0.000000000000000e+000
6.271535947712420e+000 -7.438418051892995e-001 2.621507640209011e-001 -3.490661394145573e-001 2.447249774673788e-002 9.122893065641755e-001 1.431740687157038e-001 2.574909638339737e-001 0.000000000000000e+000 8.881784197001252e-016 0.000000000000000e+000
6.279607843137256e+000 -7.413686858803137e-001 2.659187984073617e-001 -3.490661717606109e-001 3.106304307746632e-002 8.922791840172845e-001 1.488656197641146e-001 2.629078187140903e-001 0.000000000000000e+000 -1.110223024625157e-015 0.000000000000000e+000
6.287679738562093e+000 -7.394773113147868e-001 2.689169298218022e-001 -3.490662062608426e-001 3.756961286053007e-002 8.702596049375738e-001 1.543584911708184e-001 2.693400839688763e-001 0.000000000000000e+000 8.881784197001252e-016 0.000000000000000e+000
6.295751633986930e+000 -7.383481671143771e-001 2.710482349786278e-001 -3.490662376897429e-001 4.415151659881822e-002 8.467099602204773e-001 1.597117438379678e-001 2.765600848756806e-001 0.000000000000000e+000 6.661338147750939e-016 0.000000000000000e+000
6.303823529411766e+000 -7.379903353349274e-001 2.723291083548947e-001 -3.490662648866141e-001 5.089648159158866e-002 8.221251509475521e-001 1.649593652577136e-001 2.843943362818796e-001 0.000000000000000e+000 -2.220446049250313e-016 0.000000000000000e+000
6.311895424836603e+000 -7.382609571994538e-001 2.729066856946558e-001 -3.490662904235124e-001 5.780965459281240e-002 7.968970695043898e-001 1.701116528358001e-001 2.927440654810558e-001 -1.490116119384766e-008 -4.440892098500626e-016 0.000000000000000e+000
6.319967320261440e+000 -7.389064469757830e-001 2.730198279690548e-001 -3.490663184342686e-001 6.481891010832164e-002 7.712396000118486e-001 1.751527889952801e-001 3.015847426174102e-001 0.000000000000000e+000 -4.440892098500626e-016 0.000000000000000e+000
6.328039215686276e+000 -7.396249275953906e-001 2.729399958256997e-001 -3.490663527781277e-001 7.181014738379488e-002 7.452500374095967e-001 1.800484833272232e-001 3.109377443390901e-001 0.000000000000000e+000 -2.220446049250313e-016 0.000000000000000e+000
6.336111111111113e+000 -7.401441016824515e-001 2.729206328871030e-001 -3.490663959330757e-001 7.868801487706034e-002 7.190914741882895e-001 1.847653285153494e-001 3.208208519493922e-001 -2.980232238769531e-008 0.000000000000000e+000 0.000000000000000e+000
6.344183006535950e+000 -7.402876164048056e-001 2.731539152296252e-001 -3.490664487674618e-001 8.542336275515061e-002 6.931081909942682e-001 1.892884019974593e-001 3.312048526451543e-001 0.000000000000000e+000 8.881784197001252e-016 0.000000000000000e+000
6.352254901960786e+000 -7.400033555783042e-001 2.737384400571146e-001 -3.490665110653155e-001 9.205429139362109e-002 6.677488719300132e-001 1.936271591621118e-001 3.420048831671711e-001 0.000000000000000e+000 0.000000000000000e+000 0.000000000000000e+000
6.360326797385623e+000 -7.393502253204717e-001 2.746759776650540e-001 -3.490665817655165e-001 9.865395720077985e-002 6.433984440959394e-001 1.978128041011015e-001 3.531014136509018e-001 0.000000000000000e+000 -6.661338147750939e-016 0.000000000000000e+000
6.368398692810460e+000 -7.384588293457657e-001 2.759006559635036e-001 -3.490666586816757e-001 1.053027085636804e-001 6.202841985207176e-001 2.018943719077066e-001 3.643560279953098e-001 0.000000000000000e+000 2.220446049250313e-016 0.000000000000000e+000
6.376470588235296e+000 -7.374836169423782e-001 2.773209019149552e-001 -3.490667391138993e-001 1.120746026090580e-001 5.984836117445005e-001 2.059334399248277e-001 3.756154982032968e-001 0.000000000000000e+000 2.220446049250313e-016 0.000000000000000e+000
6.384542483660133e+000 -7.365624805123734e-001 2.788538025351028e-001 -3.490668215509585e-001 1.190217486859839e-001 5.779509351592611e-001 2.099966982597314e-001 3.867356308307500e-001 2.580956827951785e-008 0.000000000000000e+000 0.000000000000000e+000
6.392614379084970e+000 -7.357967090090790e-001 2.804421669125219e-001 -3.490669065872461e-001 1.261597839728028e-001 5.585534876085991e-001 2.141476203782869e-001 3.976212443583272e-001 0.000000000000000e+000 6.661338147750939e-016 0.000000000000000e+000
6.400686274509806e+000 -7.352443920598902e-001 2.820563581692701e-001 -3.490669964071930e-001 1.334704932071900e-001 5.401553181562491e-001 2.184347690263461e-001 4.082429394371593e-001 2.580956827951785e-008 6.661338147750939e-016 0.000000000000000e+000
6.408758169934643e+000 -7.349110015971059e-001 2.836905708898396e-001 -3.490670936825475e-001 1.409176261123983e-001 5.226919086065386e-001 2.228816326214868e-001 4.186235508771803e-001 0.000000000000000e+000 0.000000000000000e+000 0.000000000000000e+000
6.416830065359480e+000 -7.347448394703677e-001 2.853564830102429e-001 -3.490672006758205e-001 1.484621222552707e-001 5.061757633255789e-001 2.274890472741177e-001 4.288148339634285e-001 -2.980232238769531e-008 -6.661338147750939e-016 0.000000000000000e+000
6.424901960784316e+000 -7.346573093273819e-001 2.870681839252425e-001 -3.490673195445349e-001 1.560660354918007e-001 4.906620903791156e-001 2.322414878937878e-001 4.388767224599268e-001 3.332000937312528e-008 -2.220446049250313e-016 0.000000000000000e+000
6.432973856209153e+000 -7.345653629007012e-001 2.888176804447828e-001 -3.490674531349531e-001 1.636863468130803e-001 4.762132596382553e-001 2.371018151033326e-001 4.488589618162220e-001 -2.580956827951785e-008 2.220446049250313e-016 0.000000000000000e+000
6.441045751633990e+000 -7.344258058061617e-001 2.905593083143567e-001 -3.490676043697102e-001 1.712692900009514e-001 4.628548930319421e-001 2.420106015253385e-001 4.587899549495977e-001 1.490116119384766e-008 -4.440892098500626e-016 0.000000000000000e+000
6.449117647058826e+000 -7.342330321611906e-001 2.922230062462901e-001 -3.490677746563768e-001 1.787500654020828e-001 4.505280435597742e-001 2.469088061491699e-001 4.686815572700708e-001 0.000000000000000e+000 2.220446049250313e-016 0.000000000000000e+000
6.457189542483663e+000 -7.339913377809616e-001 2.937478542846588e-001 -3.490679627861952e-001 1.860669340182926e-001 4.390986221390423e-001 2.517636066822739e-001 4.785335783981685e-001 0.000000000000000e+000 0.000000000000000e+000 0.000000000000000e+000
6.465261437908500e+000 -7.336960574491857e-001 2.951107748189414e-001 -3.490681655111731e-001 1.931906322087342e-001 4.284356169317171e-001 2.565745709092615e-001 4.883191419094694e-001 -4.214684851089404e-008 2.220446049250313e-016 0.000000000000000e+000
6.473333333333336e+000 -7.333333822740983e-001 2.963344707146258e-001 -3.490683799161382e-001 2.001384695516397e-001 4.184635550196625e-001 2.613668363979346e-001 4.979706589738002e-001 1.490116119384766e-008 -6.661338147750939e-016 0.000000000000000e+000
6.481405228758173e+000 -7.328879314364789e-001 2.974716748883532e-001 -3.490686047969137e-001 2.069552872337439e-001 4.091445764875977e-001 2.661804783626879e-001 5.073898107424988e-001 0.000000000000000e+000 -2.220446049250313e-016 0.000000000000000e+000
6.489477124183010e+000 -7.323497189071098e-001 2.985781238524932e-001 -3.490688396910524e-001 2.136853595957184e-001 4.004512684060654e-001 2.710540439834856e-001 5.164692601476546e-001 0.000000000000000e+000 -2.220446049250313e-016 0.000000000000000e+000
6.497549019607846e+000 -7.331690876183432e-001 2.991994201113930e-001 -3.490661947092453e-001 2.210882834885406e-001 3.922786705691831e-001 2.765691412720255e-001 5.242223643849626e-001 -2.580956827951785e-008 -4.440892098500626e-016 0.000000000000000e+000
6.505620915032683e+000 -7.324844339405561e-001 3.003132441574965e-001 -3.490662468794040e-001 2.277468518677972e-001 3.848099573114794e-001 2.816098978286100e-001 5.322574897782026e-001 0.000000000000000e+000 0.000000000000000e+000 0.000000000000000e+000
6.513692810457520e+000 -7.316854297179243e-001 3.014534597841470e-001 -3.490662767875792e-001 2.343729053982859e-001 3.779849613217546e-001 2.866751610835305e-001 5.395910864613943e-001 0.000000000000000e+000 -2.220446049250313e-016 0.000000000000000e+000
6.521764705882356e+000 -7.307644429156948e-001 3.025881495347984e-001 -3.490663059615364e-001 2.409982740997338e-001 3.718227601122625e-001 2.917066805845500e-001 5.460598647613195e-001 0.000000000000000e+000 6.661338147750939e-016 0.000000000000000e+000
6.529836601307193e+000 -7.297009471617906e-001 3.036651805470121e-001 -3.490663332817335e-001 2.476635141905679e-001 3.663112517114253e-001 2.966298196740240e-001 5.515098313125478e-001 0.000000000000000e+000 2.220446049250313e-016 0.000000000000000e+000
6.537908496732030e+000 -7.284853397932722e-001 3.046197309099550e-001 -3.490663572725388e-001 2.544112732098391e-001 3.614069958461610e-001 3.013683579834467e-001 5.558089819625153e-001 0.000000000000000e+000 0.000000000000000e+000 0.000000000000000e+000
6.545980392156866e+000 -7.271319914372165e-001 3.053976668739500e-001 -3.490663767214116e-001 2.612662561338699e-001 3.570642918526485e-001 3.058561582246459e-001 5.588642404978285e-001 -2.107342425544702e-008 0.000000000000000e+000 0.000000000000000e+000
6.554052287581703e+000 -7.256815023170135e-001 3.059809547362125e-001 -3.490663913138812e-001 2.682230287590413e-001 3.532754322526092e-001 3.100414364880924e-001 5.606316582066724e-001 0.000000000000000e+000 -2.220446049250313e-016 0.000000000000000e+000
6.562124183006540e+000 -7.241916187441999e-001 3.063990508480512e-001 -3.490664021587291e-001 2.752461459411313e-001 3.501032268982724e-001 3.138801874462354e-001 5.611167681171737e-001 -1.490116119384766e-008 2.220446049250313e-016 0.000000000000000e+000
6.570196078431376e+000 -7.227268253681527e-001 3.067161081510952e-001 -3.490664118435545e-001 2.822699218969564e-001 3.476706952207558e-001 3.173298016209881e-001 5.603779987965254e-001 -1.490116119384766e-008 -4.440892098500626e-016 0.000000000000000e+000
6.578267973856213e+000 -7.213535572556034e-001 3.069961512191319e-001 -3.490664238044386e-001 2.891929316406083e-001 3.460920515002627e-001 3.203518059754217e-001 5.585418244498762e-001 0.000000000000000e+000 2.220446049250313e-016 0.000000000000000e+000
6.586339869281050e+000 -7.201371021517932e-001 3.072641066284847e-001 -3.490664412767772e-001 2.958778515903175e-001 3.454013874730390e-001 3.229151264497125e-001 5.558135183126722e-001 3.332000937312528e-008 -4.440892098500626e-016 0.000000000000000e+000
6.594411764705886e+000 -7.191352633396131e-001 3.074861520121082e-001 -3.490664663525768e-001 3.021632716955192e-001 3.455516473934370e-001 3.249892460937261e-001 5.524608841286390e-001 0.000000000000000e+000 -2.220446049250313e-016 0.000000000000000e+000
6.602483660130723e+000 -7.183885575907614e-001 3.075801752276801e-001 -3.490664993907539e-001 3.078807476421155e-001 3.464687081540449e-001 3.265337311336271e-001 5.487731152578557e-001 2.107342425544702e-008 0.000000000000000e+000 0.000000000000000e+000
6.610555555555560e+000 -7.179062552896016e-001 3.074516136608065e-001 -3.490665387077386e-001 3.128689252687973e-001 3.480782792539428e-001 3.275008971099581e-001 5.450195307561444e-001 1.490116119384766e-008 2.220446049250313e-016 0.000000000000000e+000
6.618627450980396e+000 -7.176516796166925e-001 3.070378362254131e-001 -3.490665807164953e-001 3.169852957911539e-001 3.502798934027612e-001 3.278555487375554e-001 5.414215250673673e-001 0.000000000000000e+000 2.220446049250313e-016 0.000000000000000e+000
6.626699346405233e+000 -7.175439120330299e-001 3.063366180820417e-001 -3.490666210135799e-001 3.201150904737709e-001 3.529261153344196e-001 3.275957447997413e-001 5.381328149110045e-001 -3.650024149988857e-008 0.000000000000000e+000 0.000000000000000e+000
6.634771241830070e+000 -7.174885543118048e-001 3.054039863800586e-001 -3.490666560082097e-001 3.221761049196064e-001 3.558471471230074e-001 3.267580583150068e-001 5.352255714963241e-001 -2.580956827951785e-008 -2.220446049250313e-016 0.000000000000000e+000
6.642843137254906e+000 -7.174180141059211e-001 3.043255422236362e-001 -3.490666835066503e-001 3.231315770860659e-001 3.588873636838561e-001 3.254056422460417e-001 5.326823851774705e-001 2.980232238769531e-008 0.000000000000000e+000 0.000000000000000e+000
6.650915032679743e+000 -7.173069999380106e-001 3.031763589052257e-001 -3.490667019588850e-001 3.230145667282236e-001 3.619051783680008e-001 3.236074197978339e-001 5.303941019799775e-001 0.000000000000000e+000 4.440892098500626e-016 0.000000000000000e+000
6.658986928104580e+000 -7.171581868429879e-001 3.019887023041310e-001 -3.490667100560805e-001 3.219416802181070e-001 3.647519379611985e-001 3.214203373991654e-001 5.281690706907798e-001 0.000000000000000e+000 0.000000000000000e+000 0.000000000000000e+000
6.667058823529416e+000 -7.169839422416279e-001 3.007403571318674e-001 -3.490667073304223e-001 3.201018759527781e-001 3.672891395077793e-001 3.188822634146668e-001 5.257596241782565e-001 0.000000000000000e+000 2.220446049250313e-016 0.000000000000000e+000
6.675130718954253e+000 -7.167991079788950e-001 2.993647501499517e-001 -3.490666947956491e-001 3.177244663648251e-001 3.694397669558806e-001 3.160095700002331e-001 5.229139776363824e-001 0.000000000000000e+000 2.220446049250313e-016 0.000000000000000e+000
6.683202614379090e+000 -7.166181767704953e-001 2.977806019285874e-001 -3.490666750188331e-001 3.150325007063726e-001 3.712160420081473e-001 3.127950311392733e-001 5.194497861700653e-001 1.490116119384766e-008 0.000000000000000e+000 0.000000000000000e+000
6.691274509803926e+000 -7.164552324631953e-001 2.959275009327174e-001 -3.490666514510896e-001 3.121993915285430e-001 3.727094863208913e-001 3.092134704751473e-001 5.153110544773162e-001 -2.980232238769531e-008 2.220446049250313e-016 0.000000000000000e+000
6.699346405228763e+000 -7.163283893261422e-001 2.937783334784387e-001 -3.490666272555017e-001 3.093299139455601e-001 3.740595806674273e-001 3.052317219624726e-001 5.105715059008158e-001 -1.490116119384766e-008 -6.661338147750939e-016 0.000000000000000e+000
6.707418300653600e+000 -7.162602206647404e-001 2.913119916730189e-001 -3.490666045147967e-001 3.064643374165319e-001 3.754231350949231e-001 3.008081855006486e-001 5.053936308409561e-001 0.000000000000000e+000 2.220446049250313e-016 0.000000000000000e+000
6.715490196078436e+000 -7.162667891484271e-001 2.884642562370061e-001 -3.490665842798108e-001 3.035924616862937e-001 3.769772198124590e-001 2.958773415250749e-001 4.999792282830680e-001 0.000000000000000e+000 0.000000000000000e+000 0.000000000000000e+000
6.723562091503273e+000 -7.163352263579546e-001 2.851024325385221e-001 -3.490665671732756e-001 3.006673511453590e-001 3.789507641620877e-001 2.903271370216317e-001 4.945367878637133e-001 -1.490116119384766e-008 0.000000000000000e+000 0.000000000000000e+000
6.731633986928109e+000 -7.164056343789952e-001 2.810629738524193e-001 -3.490665536189803e-001 2.976132595814933e-001 3.816279491964174e-001 2.839969476720713e-001 4.892695254845899e-001 3.332000937312528e-008 -2.220446049250313e-016 0.000000000000000e+000
6.739705882352946e+000 -7.163895208320165e-001 2.762470307655494e-001 -3.490665426179109e-001 2.943355560008381e-001 3.852787559175411e-001 2.767283875806227e-001 4.843638178182923e-001 0.000000000000000e+000 -2.220446049250313e-016 0.000000000000000e+000
6.747777777777783e+000 -7.162213122439164e-001 2.707218773807261e-001 -3.490665303098140e-001 2.907432922516000e-001 3.900532141312714e-001 2.684502283932607e-001 4.799593716373732e-001 0.000000000000000e+000 -4.440892098500626e-016 0.000000000000000e+000
6.755849673202619e+000 -7.158914491353561e-001 2.647610126990392e-001 -3.490665108942220e-001 2.867759460524662e-001 3.959264758848757e-001 2.592350379626022e-001 4.761165133109299e-001 0.000000000000000e+000 4.440892098500626e-016 0.000000000000000e+000
6.763921568627456e+000 -7.154316493395744e-001 2.587900954176923e-001 -3.490664796010027e-001 2.824150137195001e-001 4.027210855029637e-001 2.492948334420956e-001 4.728087266378257e-001 2.107342425544702e-008 -2.220446049250313e-016 0.000000000000000e+000
6.771993464052293e+000 -7.148769726998846e-001 2.532687437563066e-001 -3.490664351604638e-001 2.776724115562756e-001 4.101670659280570e-001 2.389342884558956e-001 4.699442868448748e-001 1.490116119384766e-008 -2.220446049250313e-016 0.000000000000000e+000
6.780065359477129e+000 -7.142455781912901e-001 2.485710405558215e-001 -3.490663802575273e-001 2.725687521449349e-001 4.179792325517053e-001 2.284913673893218e-001 4.673932307608239e-001 4.470348358154298e-008 2.220446049250313e-016 0.000000000000000e+000
6.788137254901966e+000 -7.135497808731359e-001 2.449111835455506e-001 -3.490663201249852e-001 2.671257413199890e-001 4.259437071046472e-001 2.182809028985133e-001 4.649915388652580e-001 0.000000000000000e+000 0.000000000000000e+000 0.000000000000000e+000
6.796209150326803e+000 -7.128188887718963e-001 2.423264059948145e-001 -3.490662604257799e-001 2.613791570453712e-001 4.339765837139948e-001 2.085547606941132e-001 4.625245381099014e-001 2.580956827951785e-008 0.000000000000000e+000 0.000000000000000e+000
6.804281045751639e+000 -7.121107478741737e-001 2.407034652519189e-001 -3.490662056910664e-001 2.553928829530223e-001 4.421271572127021e-001 1.994936367303600e-001 4.597260185795112e-001 1.490116119384766e-008 2.220446049250313e-016 0.000000000000000e+000
6.812352941176476e+000 -7.101494748756009e-001 2.402675912403844e-001 -3.490690628696900e-001 2.484829135329121e-001 4.505785771192100e-001 1.907107455219908e-001 4.572140712861516e-001 0.000000000000000e+000 -2.220446049250313e-016 0.000000000000000e+000
6.820424836601313e+000 -7.098501279935022e-001 2.398185057988189e-001 -3.490684999179420e-001 2.423766905842668e-001 4.594577878687802e-001 1.833615367741286e-001 4.528518361097647e-001 0.000000000000000e+000 -2.220446049250313e-016 0.000000000000000e+000
6.828496732026149e+000 -7.097839214973648e-001 2.395808176686782e-001 -3.490682586950916e-001 2.363289066537289e-001 4.690248388092064e-001 1.769155050574853e-001 4.474435834144916e-001 0.000000000000000e+000 2.220446049250313e-016 0.000000000000000e+000
6.836568627450986e+000 -7.100821452276018e-001 2.392741260269025e-001 -3.490680645538436e-001 2.304790797210139e-001 4.794398709080390e-001 1.713956977826823e-001 4.408360506774991e-001 0.000000000000000e+000 2.220446049250313e-016 0.000000000000000e+000
6.844640522875823e+000 -7.108225347957207e-001 2.386940107602371e-001 -3.490679201038189e-001 2.249145759328406e-001 4.907736744512274e-001 1.667635686659787e-001 4.330088720535686e-001 0.000000000000000e+000 -4.440892098500626e-016 0.000000000000000e+000
6.852712418300659e+000 -7.120532206147889e-001 2.377390932724635e-001 -3.490678161406394e-001 2.196871687788919e-001 5.030089402200906e-001 1.629331465516573e-001 4.240405936838154e-001 0.000000000000000e+000 2.220446049250313e-016 0.000000000000000e+000
6.860784313725496e+000 -7.137551123500761e-001 2.364209135094355e-001 -3.490677419194838e-001 2.148063288688049e-001 5.160838947666218e-001 1.597744177214517e-001 4.140904330817469e-001 0.000000000000000e+000 0.000000000000000e+000 0.000000000000000e+000
6.868856209150333e+000 -7.158223612451988e-001 2.348290582574499e-001 -3.490676869386111e-001 2.102310806742911e-001 5.299361860017428e-001 1.571342759006329e-001 4.033855573579293e-001 0.000000000000000e+000 4.440892098500626e-016 0.000000000000000e+000
6.876928104575169e+000 -7.180742250394920e-001 2.330764918773332e-001 -3.490676427295770e-001 2.058583999076005e-001 5.444867688299804e-001 1.548629552785617e-001 3.922175636622191e-001 -1.490116119384766e-008 -6.661338147750939e-016 0.000000000000000e+000
6.885000000000006e+000 -7.202950783100978e-001 2.312552344658836e-001 -3.490676031881417e-001 2.015227966364643e-001 5.595620875208457e-001 1.528323763277142e-001 3.809244575551340e-001 0.000000000000000e+000 -6.661338147750939e-016 0.000000000000000e+000
6.893071895424843e+000 -7.222917452914703e-001 2.294195135003181e-001 -3.490675634623334e-001 1.970233007906939e-001 5.748535926996032e-001 1.509478821844327e-001 3.698512249772393e-001 -2.580956827951785e-008 -2.220446049250313e-016 0.000000000000000e+000
6.901143790849679e+000 -7.239453867422930e-001 2.275933480605730e-001 -3.490675196754127e-001 1.921712150699759e-001 5.899924878875702e-001 1.491526879802052e-001 3.593096654206595e-001 1.490116119384766e-008 0.000000000000000e+000 0.000000000000000e+000
6.909215686274516e+000 -7.252339292895615e-001 2.257860858545520e-001 -3.490674700145546e-001 1.868315845900892e-001 6.046846888601479e-001 1.474159027320427e-001 3.495566721415122e-001 -1.490116119384766e-008 -2.220446049250313e-016 0.000000000000000e+000
6.917287581699353e+000 -7.262207389956283e-001 2.240032248539556e-001 -3.490674150516230e-001 1.809393276475984e-001 6.188008128695152e-001 1.457068202650713e-001 3.407901516426183e-001 0.000000000000000e+000 0.000000000000000e+000 0.000000000000000e+000
6.925359477124189e+000 -7.270250625799104e-001 2.222470070740539e-001 -3.490673559079104e-001 1.744953691728883e-001 6.323673255355780e-001 1.439788177283246e-001 3.331484517561988e-001 0.000000000000000e+000 4.440892098500626e-016 0.000000000000000e+000
6.933431372549026e+000 -7.277887398861647e-001 2.205098285464360e-001 -3.490672927340761e-001 1.675538453749634e-001 6.454768450154130e-001 1.421766354259670e-001 3.267044758538922e-001 2.107342425544702e-008 0.000000000000000e+000 0.000000000000000e+000
6.941503267973863e+000 -7.286377363824702e-001 2.187719858367343e-001 -3.490672262771122e-001 1.602011456907091e-001 6.582127982684735e-001 1.402491704325152e-001 3.214574904527344e-001 2.107342425544702e-008 -4.440892098500626e-016 0.000000000000000e+000
6.949575163398699e+000 -7.296398427485310e-001 2.170107646750792e-001 -3.490671598604402e-001 1.525294496484881e-001 6.706502691982845e-001 1.381495939438190e-001 3.173353159996177e-001 0.000000000000000e+000 8.881784197001252e-016 0.000000000000000e+000
6.957647058823536e+000 -7.307887050323307e-001 2.152121966897698e-001 -3.490670977184284e-001 1.446184315186996e-001 6.828672078148355e-001 1.358298516211260e-001 3.142131311164549e-001 -1.490116119384766e-008 0.000000000000000e+000 0.000000000000000e+000
6.965718954248373e+000 -7.320355976949534e-001 2.133732198229972e-001 -3.490670417524181e-001 1.365354431180399e-001 6.949128616885233e-001 1.332428329535208e-001 3.119337584851687e-001 2.580956827951785e-008 -4.440892098500626e-016 0.000000000000000e+000
6.973790849673209e+000 -7.333371999025271e-001 2.114989248053796e-001 -3.490669911437879e-001 1.283482891139864e-001 7.067969617864838e-001 1.303522473086533e-001 3.103121860473083e-001 0.000000000000000e+000 -2.220446049250313e-016 0.000000000000000e+000
6.981862745098046e+000 -7.346787992044135e-001 2.096028518153026e-001 -3.490669441651768e-001 1.201381889765585e-001 7.185430001283223e-001 1.271398957946965e-001 3.091293116631893e-001 0.000000000000000e+000 6.661338147750939e-016 0.000000000000000e+000
6.989934640522883e+000 -7.360657471108666e-001 2.077018009513252e-001 -3.490668994011080e-001 1.120011293603771e-001 7.302350776588106e-001 1.236011833054186e-001 3.081428082436768e-001 0.000000000000000e+000 2.220446049250313e-016 0.000000000000000e+000
6.998006535947719e+000 -7.375007824254981e-001 2.058022333699023e-001 -3.490668558807773e-001 1.040340237200612e-001 7.419935016011814e-001 1.197341515886702e-001 3.071238371333392e-001 0.000000000000000e+000 -6.661338147750939e-016 0.000000000000000e+000
7.006078431372556e+000 -7.389753992557299e-001 2.038962620347689e-001 -3.490668126199153e-001 9.631730700510599e-002 7.538975006775152e-001 1.155369324097824e-001 3.058921759197561e-001 1.490116119384766e-008 0.000000000000000e+000 0.000000000000000e+000
7.014150326797393e+000 -7.404796027510532e-001 2.019770237116598e-001 -3.490667683706630e-001 8.890481840967235e-002 7.659088122786877e-001 1.110169304473126e-001 3.043317553576614e-001 0.000000000000000e+000 2.220446049250313e-016 0.000000000000000e+000
7.022222222222229e+000 -7.420063319680130e-001 2.000592301054318e-001 -3.490667221318863e-001 8.182497783382581e-002 7.778561765369871e-001 1.062029083362713e-001 3.023878141142317e-001 -2.107342425544702e-008 0.000000000000000e+000 0.000000000000000e+000
7.030294117647066e+000 -7.435438385918113e-001 1.981911333871060e-001 -3.490666737025130e-001 7.509456541228743e-002 7.895139169738489e-001 1.011517578055570e-001 3.000509404427109e-001 0.000000000000000e+000 -4.440892098500626e-016 0.000000000000000e+000
7.038366013071903e+000 -7.450733558352221e-001 1.964577072506244e-001 -3.490666235107989e-001 6.873427514388086e-002 8.007402111459577e-001 9.594702375994846e-002 2.973428583036038e-001 0.000000000000000e+000 2.220446049250313e-016 0.000000000000000e+000
7.046437908496739e+000 -7.465771516821385e-001 1.949703937710976e-001 -3.490665720873231e-001 6.277146793143951e-002 8.115837581015009e-001 9.068506168033472e-002 2.943094266309219e-001 0.000000000000000e+000 0.000000000000000e+000 0.000000000000000e+000
7.054509803921576e+000 -7.480390743346511e-001 1.938357283392800e-001 -3.490665197687173e-001 5.723043073701506e-002 8.222597415184914e-001 8.544377388011362e-002 2.910111996983149e-001 0.000000000000000e+000 4.440892098500626e-016 0.000000000000000e+000
7.062581699346413e+000 -7.494278142640645e-001 1.931191201790958e-001 -3.490664666119040e-001 5.211822016816714e-002 8.329915324564671e-001 8.025079230472480e-002 2.875182883644613e-001 0.000000000000000e+000 -2.220446049250313e-016 0.000000000000000e+000
7.070653594771249e+000 -7.506829100344202e-001 1.928322828551106e-001 -3.490664124810700e-001 4.741302606147624e-002 8.438642074310075e-001 7.508208192719834e-002 2.839218869792241e-001 -1.490116119384766e-008 2.220446049250313e-016 0.000000000000000e+000
7.078725490196086e+000 -7.517291034669085e-001 1.929487240462204e-001 -3.490663572620602e-001 4.306208038201964e-002 8.548194441746665e-001 6.989326413777595e-002 2.803476403002234e-001 0.000000000000000e+000 -6.661338147750939e-016 0.000000000000000e+000
7.086797385620923e+000 -7.525131880382378e-001 1.934308844251855e-001 -3.490663009692501e-001 3.898796404235028e-002 8.657237476216756e-001 6.465717150871048e-002 2.769516007024407e-001 0.000000000000000e+000 0.000000000000000e+000 0.000000000000000e+000
7.094869281045759e+000 -7.530309228481121e-001 1.942526342954012e-001 -3.490662438163217e-001 3.509556244550205e-002 8.763703243487276e-001 5.938555631208525e-002 2.739019107394730e-001 0.000000000000000e+000 -2.220446049250313e-016 0.000000000000000e+000
7.102941176470596e+000 -7.533261360759106e-001 1.954069848276405e-001 -3.490661863915843e-001 3.128092681766237e-002 8.864364481978949e-001 5.413117632790480e-002 2.713529348739632e-001 1.490116119384766e-008 -6.661338147750939e-016 0.000000000000000e+000
7.111013071895433e+000 -7.534723779756459e-001 1.968987221118463e-001 -3.490661299354418e-001 2.744766625712836e-002 8.955181165884708e-001 4.898145870092078e-002 2.694124195740421e-001 0.000000000000000e+000 -2.220446049250313e-016 0.000000000000000e+000
7.119084967320269e+000 -7.535498835955697e-001 1.987258766790234e-001 -3.490660765193314e-001 2.352837980113831e-002 9.032599866021146e-001 4.405176454853411e-002 2.681105283149730e-001 0.000000000000000e+000 -2.220446049250313e-016 0.000000000000000e+000
7.127156862745106e+000 -7.536242418131344e-001 2.008543366794160e-001 -3.490660288854677e-001 1.950366295312467e-002 9.094935681479576e-001 3.947304479652778e-002 2.673912886218826e-001 0.000000000000000e+000 2.220446049250313e-016 0.000000000000000e+000
7.135228758169943e+000 -7.537377214774265e-001 2.031992523347006e-001 -3.490659901870097e-001 1.540888989459188e-002 9.142755454057391e-001 3.537253886713981e-002 2.671446630490450e-001 1.490116119384766e-008 -4.440892098500626e-016 0.000000000000000e+000
7.143300653594779e+000 -7.539184044093382e-001 2.056256856904244e-001 -3.490659637145096e-001 1.132574034046763e-002 9.177854787628825e-001 3.185743994739015e-002 2.672603615447127e-001 0.000000000000000e+000 2.220446049250313e-016 0.000000000000000e+000
7.151372549019616e+000 -7.541927817808345e-001 2.079662387148091e-001 -3.490659519682724e-001 7.373501533995297e-003 9.202220615741922e-001 2.901211598463098e-002 2.676454744982309e-001 0.000000000000000e+000 4.440892098500626e-016 0.000000000000000e+000
7.159444444444453e+000 -7.545839808580236e-001 2.100491406883467e-001 -3.490659550536836e-001 3.708809473302210e-003 9.218289169322027e-001 2.690772337803183e-002 2.681893046980389e-001 0.000000000000000e+000 2.220446049250313e-016 0.000000000000000e+000
7.167516339869289e+000 -7.550977401739222e-001 2.117285719221380e-001 -3.490659696667757e-001 5.136363319637738e-004 9.229097080001925e-001 2.560423960848285e-002 2.687387842254608e-001 0.000000000000000e+000 2.220446049250313e-016 0.000000000000000e+000
7.175588235294126e+000 -7.557128416856764e-001 2.129027507581680e-001 -3.490659899160123e-001 -2.044255214005197e-003 9.236834895160223e-001 2.512767576461593e-002 2.691365921985050e-001 0.000000000000000e+000 -4.440892098500626e-016 0.000000000000000e+000
7.183660130718963e+000 -7.563845642690606e-001 2.135144981184942e-001 -3.490660099444232e-001 -3.857446621814864e-003 9.241345431778152e-001 2.544029480206513e-002 2.692840174375031e-001 0.000000000000000e+000 0.000000000000000e+000 0.000000000000000e+000
7.191732026143799e+000 -7.570529599775842e-001 2.135445911561096e-001 -3.490660266190998e-001 -4.901210152343127e-003 9.240697580898551e-001 2.643863470512667e-002 2.691613059145059e-001 0.000000000000000e+000 2.220446049250313e-016 0.000000000000000e+000
7.199803921568636e+000 -7.576458632269135e-001 2.130067530588742e-001 -3.490660401996614e-001 -5.230022939946899e-003 9.233199278739356e-001 2.798108856689733e-002 2.688034274230705e-001 0.000000000000000e+000 -4.440892098500626e-016 0.000000000000000e+000
7.207875816993473e+000 -7.580858634937879e-001 2.119441491109284e-001 -3.490660527718572e-001 -4.963438203697157e-003 9.218525423792264e-001 2.991930648645919e-002 2.682727032085844e-001 3.332000937312528e-008 2.220446049250313e-016 0.000000000000000e+000
7.215947712418309e+000 -7.583118045684204e-001 2.104243334539513e-001 -3.490660660745387e-001 -4.265733266154870e-003 9.197494921495372e-001 3.212061270330742e-002 2.676458515300688e-001 0.000000000000000e+000 -4.440892098500626e-016 0.000000000000000e+000
7.224019607843146e+000 -7.582973620937868e-001 2.085350701254116e-001 -3.490660803388575e-001 -3.317870675743073e-003 9.171880737372872e-001 3.447995898669179e-002 2.670084053517149e-001 -2.107342425544702e-008 0.000000000000000e+000 0.000000000000000e+000
7.232091503267982e+000 -7.580515387323633e-001 2.063890046058523e-001 -3.490660944556550e-001 -2.288475226941200e-003 9.144488930390855e-001 3.692221753763745e-002 2.664457199443509e-001 -2.580956827951785e-008 4.440892098500626e-016 0.000000000000000e+000
7.240163398692819e+000 -7.576194845199356e-001 2.041320699108600e-001 -3.490661067246144e-001 -1.315402328301518e-003 9.118710425292665e-001 3.940266226864429e-002 2.660288496251602e-001 0.000000000000000e+000 0.000000000000000e+000 0.000000000000000e+000
7.248235294117656e+000 -7.570965747895853e-001 2.019375559692300e-001 -3.490661157025827e-001 -5.038378546140532e-004 9.097459450573261e-001 4.190897711262683e-002 2.658059188459940e-001 0.000000000000000e+000 2.220446049250313e-016 0.000000000000000e+000
7.256307189542492e+000 -7.566243955802781e-001 1.999869953249243e-001 -3.490661211755743e-001 7.258166307710923e-005 9.082147379690451e-001 4.446047486192241e-002 2.657974841741571e-001 0.000000000000000e+000 2.220446049250313e-016 0.000000000000000e+000
7.264379084967329e+000 -7.563389981915443e-001 1.984548372236550e-001 -3.490661246071949e-001 3.873336800441773e-004 9.072442764599870e-001 4.710470092182904e-002 2.659836201492868e-001 -2.580956827951785e-008 -4.440892098500626e-016 0.000000000000000e+000
7.272450980392166e+000 -7.563040405375509e-001 1.974978416216042e-001 -3.490661283329756e-001 4.834800964090835e-004 9.067085074657661e-001 4.991796260410867e-002 2.662958535145369e-001 -2.107342425544702e-008 -2.220446049250313e-016 0.000000000000000e+000
7.280522875817002e+000 -7.564936111092385e-001 1.972427782112902e-001 -3.490661343462878e-001 4.782122956674684e-004 9.065485697693877e-001 5.301127568977412e-002 2.666388501240936e-001 0.000000000000000e+000 -2.220446049250313e-016 0.000000000000000e+000
7.288594771241839e+000 -7.568469026274913e-001 1.977734493462309e-001 -3.490661440720820e-001 5.479327738810991e-004 9.068958200647940e-001 5.652805918603047e-002 2.669286772501894e-001 0.000000000000000e+000 0.000000000000000e+000 0.000000000000000e+000
7.296666666666676e+000 -7.573481328941651e-001 1.991204130047064e-001 -3.490661589762706e-001 9.071285115211936e-004 9.079886557233846e-001 6.061898881583778e-002 2.671081383879418e-001 2.980232238769531e-008 -2.220446049250313e-016 0.000000000000000e+000
