---- AnyBody Output File ---------------------------------
Study: Main.Studies.MotionOptimization
Operation: Main.Studies.MotionOptimization.Kinematics
----------------------------------------------------------
Constants (Name = Value): 
Main.Studies.KinematicStudyForParameterIdentification.JointAngleOutputs.OutputFile2c.FileName = "..\Input\Subjects\PS\Overground Gait Trials\PS_ngait_og_ss11\PS_ngait_og_ss11-output-euler-leftleganklepostd.txt"
Main.Studies.KinematicStudyForParameterIdentification.JointAngleOutputs.OutputFile2c.NumberFormat.Digits = 15
Main.Studies.KinematicStudyForParameterIdentification.JointAngleOutputs.OutputFile2c.NumberFormat.Width = 22
Main.Studies.KinematicStudyForParameterIdentification.JointAngleOutputs.OutputFile2c.NumberFormat.Style = ScientificNumber
Main.Studies.KinematicStudyForParameterIdentification.JointAngleOutputs.OutputFile2c.NumberFormat.FormatStr = "%22.15e"
Main.Studies.KinematicStudyForParameterIdentification.JointAngleOutputs.OutputFile2c.Search = 
Main.Studies.KinematicStudyForParameterIdentification.JointAngleOutputs.OutputFile2c.Format = 0
Main.Studies.KinematicStudyForParameterIdentification.JointAngleOutputs.OutputFile2c.SepSign = " "
Main.Studies.KinematicStudyForParameterIdentification.JointAngleOutputs.OutputFile2c.LineSepSign = ""
Main.Studies.KinematicStudyForParameterIdentification.JointAngleOutputs.OutputFile2c.Header.TitleSectionOnOff = On
Main.Studies.KinematicStudyForParameterIdentification.JointAngleOutputs.OutputFile2c.Header.ConstSectionOnOff = On
Main.Studies.KinematicStudyForParameterIdentification.JointAngleOutputs.OutputFile2c.Header.ConstSectionSaveOptionsOnOff = On
Main.Studies.KinematicStudyForParameterIdentification.JointAngleOutputs.OutputFile2c.Header.VarSectionOnOff = On
Main.Studies.KinematicStudyForParameterIdentification.JointAngleOutputs.OutputFile2c.Header.ColumnNamesOnOff = On
Main.Studies.KinematicStudyForParameterIdentification.JointAngleOutputs.OutputFile2c.Header.LinePrefix = ""
Main.Studies.KinematicStudyForParameterIdentification.JointAngleOutputs.OutputFile2c.ConstSectionSaveOptionsOnOff = On
----------------------------------------------------------
Variables (Column# Name): 
col0  Main.Studies.MotionOptimization.t
col1  Main.Studies.KinematicStudyForParameterIdentification.JointAngleOutputs.OutputFile2c.LeftAnklePosX
col2  Main.Studies.KinematicStudyForParameterIdentification.JointAngleOutputs.OutputFile2c.LeftAnklePosY
col3  Main.Studies.KinematicStudyForParameterIdentification.JointAngleOutputs.OutputFile2c.LeftAnklePosZ
----------------------------------------------------------
Main.Studies.MotionOptimization.t Main.Studies.KinematicStudyForParameterIdentification.JointAngleOutputs.OutputFile2c.LeftAnklePosX Main.Studies.KinematicStudyForParameterIdentification.JointAngleOutputs.OutputFile2c.LeftAnklePosY Main.Studies.KinematicStudyForParameterIdentification.JointAngleOutputs.OutputFile2c.LeftAnklePosZ
6.061666666666667e+000 -2.658965918215588e-001 9.355154824547092e-002 1.228151289162015e-001
6.069738562091503e+000 -2.759639062888145e-001 9.672630677784733e-002 1.219474894025764e-001
6.077810457516340e+000 -2.841436974265863e-001 1.002101465564992e-001 1.204329844535262e-001
6.085882352941177e+000 -2.906408625072370e-001 1.039107915993679e-001 1.183593582921260e-001
6.093954248366013e+000 -2.957365660843706e-001 1.076929736311447e-001 1.158449144129270e-001
6.102026143790850e+000 -2.997763582906634e-001 1.113910985458579e-001 1.130191300382857e-001
6.110098039215687e+000 -3.031433467319066e-001 1.148289209326732e-001 1.100088859045313e-001
6.118169934640523e+000 -3.062030830947830e-001 1.178436248876854e-001 1.069294015131748e-001
6.126241830065360e+000 -3.092340567700822e-001 1.203099246157850e-001 1.038792435482076e-001
6.134313725490197e+000 -3.123734442915765e-001 1.221605794568329e-001 1.009397115987653e-001
6.142385620915033e+000 -3.155994510413671e-001 1.233987719605766e-001 9.817795226313344e-002
6.150457516339870e+000 -3.187582185883326e-001 1.240952976584024e-001 9.565348062237358e-002
6.158529411764707e+000 -3.216310076432269e-001 1.243689862904371e-001 9.342698085333011e-002
6.166601307189543e+000 -3.240194834172580e-001 1.243589125761332e-001 9.156534856905244e-002
6.174673202614380e+000 -3.258150610165398e-001 1.241972748373170e-001 9.013295086407255e-002
6.182745098039217e+000 -3.270268815903403e-001 1.239868088531603e-001 8.916561913667241e-002
6.190816993464053e+000 -3.277625762993456e-001 1.237900407845684e-001 8.863954598943118e-002
6.198888888888890e+000 -3.281766676223175e-001 1.236379098121574e-001 8.845797636511937e-002
6.206960784313726e+000 -3.284159033177483e-001 1.235495799025789e-001 8.847107618702342e-002
6.215032679738563e+000 -3.285848616628520e-001 1.235436098705804e-001 8.852095123622214e-002
6.223104575163400e+000 -3.287370511863326e-001 1.236324813815900e-001 8.848715024394993e-002
6.231176470588236e+000 -3.288857025234446e-001 1.238121255984079e-001 8.831228438916026e-002
6.239248366013073e+000 -3.290243348289150e-001 1.240595662047073e-001 8.800171053629122e-002
6.247320261437910e+000 -3.291452852437251e-001 1.243389897111189e-001 8.760385332050380e-002
6.255392156862746e+000 -3.292484661341639e-001 1.246111567843436e-001 8.718439189022369e-002
6.263464052287583e+000 -3.293412643994608e-001 1.248434110088234e-001 8.680517773899873e-002
6.271535947712420e+000 -3.294345251655135e-001 1.250166169979521e-001 8.651112574668245e-002
6.279607843137256e+000 -3.295380484734760e-001 1.251256152139220e-001 8.632359327753979e-002
6.287679738562093e+000 -3.296580166269656e-001 1.251754138622851e-001 8.623953920591088e-002
6.295751633986930e+000 -3.297972256402154e-001 1.251779128059938e-001 8.623708918643729e-002
6.303823529411766e+000 -3.299555372381674e-001 1.251494893912494e-001 8.628601880079061e-002
6.311895424836603e+000 -3.301284894122271e-001 1.251065596876401e-001 8.635884565175554e-002
6.319967320261440e+000 -3.303067078148728e-001 1.250604532466215e-001 8.643793953629952e-002
6.328039215686276e+000 -3.304788130340162e-001 1.250165016901690e-001 8.651646295468755e-002
6.336111111111113e+000 -3.306350846398328e-001 1.249772071313407e-001 8.659517624786403e-002
6.344183006535950e+000 -3.307685069556249e-001 1.249446631898244e-001 8.667877778855845e-002
6.352254901960786e+000 -3.308755587843176e-001 1.249215779073088e-001 8.677177303102554e-002
6.360326797385623e+000 -3.309592090734214e-001 1.249133175070003e-001 8.687269258628545e-002
6.368398692810460e+000 -3.310297315393764e-001 1.249283135127080e-001 8.697111129748973e-002
6.376470588235296e+000 -3.310997013142248e-001 1.249738262155419e-001 8.705331279427900e-002
6.384542483660133e+000 -3.311779523219638e-001 1.250517231604435e-001 8.711342304482705e-002
6.392614379084970e+000 -3.312681154643338e-001 1.251581417294749e-001 8.715870169794257e-002
6.400686274509806e+000 -3.313713307863870e-001 1.252831564731639e-001 8.720281778430367e-002
6.408758169934643e+000 -3.314899138651997e-001 1.254075485853615e-001 8.725486722778070e-002
6.416830065359480e+000 -3.316289330371727e-001 1.255015593322281e-001 8.731524287093226e-002
6.424901960784316e+000 -3.317938965446414e-001 1.255331963955580e-001 8.737842393463910e-002
6.432973856209153e+000 -3.319858529448841e-001 1.254856221463132e-001 8.743643452284104e-002
6.441045751633990e+000 -3.321978058620721e-001 1.253728238982100e-001 8.748142466262215e-002
6.449117647058826e+000 -3.324151132091515e-001 1.252425866780744e-001 8.750887214267999e-002
6.457189542483663e+000 -3.326194190546215e-001 1.251614209158354e-001 8.752008624081860e-002
6.465261437908500e+000 -3.327951526153152e-001 1.251835298278952e-001 8.752213398060639e-002
6.473333333333336e+000 -3.329372979207951e-001 1.253206130210826e-001 8.752548843773461e-002
6.481405228758173e+000 -3.330550153865071e-001 1.255366668741955e-001 8.754010087579560e-002
6.489477124183010e+000 -3.331663049391305e-001 1.257734494678507e-001 8.757223346287670e-002
6.497549019607846e+000 -3.332880845964258e-001 1.259843391071641e-001 8.762526949499933e-002
6.505620915032683e+000 -3.334296120429565e-001 1.261535347839226e-001 8.770074981068839e-002
6.513692810457520e+000 -3.335927852961322e-001 1.262866418597412e-001 8.780304186947427e-002
6.521764705882356e+000 -3.337744764692348e-001 1.263979917125229e-001 8.793864387797787e-002
6.529836601307193e+000 -3.339688255980593e-001 1.265008801598178e-001 8.811585791776293e-002
6.537908496732030e+000 -3.341710120165893e-001 1.266061725385406e-001 8.834172400523253e-002
6.545980392156866e+000 -3.343821990146125e-001 1.267224720971266e-001 8.861848137044460e-002
6.554052287581703e+000 -3.346099924637515e-001 1.268544036384183e-001 8.894346950235138e-002
6.562124183006540e+000 -3.348640955925868e-001 1.270006867599774e-001 8.931267790088172e-002
6.570196078431376e+000 -3.351536255192220e-001 1.271530250757676e-001 8.972422091980174e-002
6.578267973856213e+000 -3.354869855501274e-001 1.272957347192647e-001 9.017993198913994e-002
6.586339869281050e+000 -3.358698397612818e-001 1.274087866594815e-001 9.068547083782903e-002
6.594411764705886e+000 -3.363017054922905e-001 1.274756598126633e-001 9.124880666862736e-002
6.602483660130723e+000 -3.367751262855538e-001 1.274899492797522e-001 9.187792221066324e-002
6.610555555555560e+000 -3.372792049340160e-001 1.274543727332770e-001 9.257966301401215e-002
6.618627450980396e+000 -3.378075023628329e-001 1.273760411395598e-001 9.336036026751676e-002
6.626699346405233e+000 -3.383659384184032e-001 1.272655981411175e-001 9.422790058214266e-002
6.634771241830070e+000 -3.389734809477271e-001 1.271394888919450e-001 9.519446742339795e-002
6.642843137254906e+000 -3.396560638410408e-001 1.270186763381905e-001 9.627874672860773e-002
6.650915032679743e+000 -3.404400766247238e-001 1.269202397292112e-001 9.750766315605353e-002
6.658986928104580e+000 -3.413482326585237e-001 1.268469604827814e-001 9.891839127662551e-002
6.667058823529416e+000 -3.423984335794114e-001 1.267850958737443e-001 1.005590186717217e-001
6.675130718954253e+000 -3.436056792650549e-001 1.267121699641435e-001 1.024851076378255e-001
6.683202614379090e+000 -3.449865747754033e-001 1.266081807950250e-001 1.047533837128994e-001
6.691274509803926e+000 -3.465663882406894e-001 1.264660045751829e-001 1.074167145115406e-001
6.699346405228763e+000 -3.483859801807924e-001 1.262950633621011e-001 1.105220482189425e-001
6.707418300653600e+000 -3.505061145276981e-001 1.261111372998731e-001 1.141116684432144e-001
6.715490196078436e+000 -3.530104655899370e-001 1.259197354246857e-001 1.182268333357722e-001
6.723562091503273e+000 -3.560073211196244e-001 1.257090083458736e-001 1.229078037637014e-001
6.731633986928109e+000 -3.596272188213945e-001 1.254552320657996e-001 1.281850529335444e-001
6.739705882352946e+000 -3.640155324062200e-001 1.251320889178298e-001 1.340638979392612e-001
6.747777777777783e+000 -3.693209726568113e-001 1.247160807646690e-001 1.405099998748583e-001
6.755849673202619e+000 -3.756804141862318e-001 1.241863618195783e-001 1.474435373347546e-001
6.763921568627456e+000 -3.832006273969906e-001 1.235246551424510e-001 1.547431980052984e-001
6.771993464052293e+000 -3.919382365019941e-001 1.227229197509439e-001 1.622559659324421e-001
6.780065359477129e+000 -4.018804795114813e-001 1.217964522834033e-001 1.698130719138903e-001
6.788137254901966e+000 -4.129337153933640e-001 1.207916423551641e-001 1.772535664660003e-001
6.796209150326803e+000 -4.249309907363635e-001 1.197845923770266e-001 1.844511701790129e-001
6.804281045751639e+000 -4.376663968395326e-001 1.188740199204169e-001 1.913366358554707e-001
6.812352941176476e+000 -4.509492085237876e-001 1.181663638321393e-001 1.979033725276358e-001
6.820424836601313e+000 -4.646584666365205e-001 1.177476537696297e-001 2.041811293044497e-001
6.828496732026149e+000 -4.787694546574562e-001 1.176566049609349e-001 2.101705025691623e-001
6.836568627450986e+000 -4.933424729267620e-001 1.178664254683784e-001 2.157820502017437e-001
6.844640522875823e+000 -5.084720090310435e-001 1.182905300159662e-001 2.208340003107076e-001
6.852712418300659e+000 -5.242293362393031e-001 1.188130682260510e-001 2.251199992819726e-001
6.860784313725496e+000 -5.406344041082336e-001 1.193328916013445e-001 2.284874104823256e-001
6.868856209150333e+000 -5.576668663675244e-001 1.197945189425624e-001 2.308677287904285e-001
6.876928104575169e+000 -5.752964068045061e-001 1.201893537785797e-001 2.322574448415889e-001
6.885000000000006e+000 -5.935045724458591e-001 1.205362087050205e-001 2.326857660579577e-001
6.893071895424843e+000 -6.122850832105736e-001 1.208595767383802e-001 2.321972909991633e-001
6.901143790849679e+000 -6.316311878909157e-001 1.211745824251811e-001 2.308491450527254e-001
6.909215686274516e+000 -6.515255337061993e-001 1.214794760265219e-001 2.287080497987829e-001
6.917287581699353e+000 -6.719402868000856e-001 1.217548003431621e-001 2.258407599479984e-001
6.925359477124189e+000 -6.928457781822783e-001 1.219682995521880e-001 2.223044229315935e-001
6.933431372549026e+000 -7.142193837993152e-001 1.220850054133761e-001 2.181467919561153e-001
6.941503267973863e+000 -7.360472119256415e-001 1.220781776661432e-001 2.134174089177253e-001
6.949575163398699e+000 -7.583185644962122e-001 1.219323415168638e-001 2.081803636046511e-001
6.957647058823536e+000 -7.810190459866856e-001 1.216376216296219e-001 2.025183533733126e-001
6.965718954248373e+000 -8.041303373482820e-001 1.211876460421852e-001 1.965240074631250e-001
6.973790849673209e+000 -8.276392650114239e-001 1.205891561858679e-001 1.902832691821756e-001
6.981862745098046e+000 -8.515445644603412e-001 1.198715312821059e-001 1.838655870629988e-001
6.989934640522883e+000 -8.758489709412740e-001 1.190803565919734e-001 1.773303624160643e-001
6.998006535947719e+000 -9.005444294413671e-001 1.182608776292990e-001 1.707387153233371e-001
7.006078431372556e+000 -9.256061852254163e-001 1.174473320976211e-001 1.641566105791183e-001
7.014150326797393e+000 -9.509968189051987e-001 1.166600327978632e-001 1.576513371747939e-001
7.022222222222229e+000 -9.766721919328362e-001 1.159055447062829e-001 1.512884869625313e-001
7.030294117647066e+000 -1.002586716834054e+000 1.151805640230886e-001 1.451301849750528e-001
7.038366013071903e+000 -1.028698234759182e+000 1.144782133954309e-001 1.392345913227584e-001
7.046437908496739e+000 -1.054970028453439e+000 1.137923470656327e-001 1.336590451487897e-001
7.054509803921576e+000 -1.081367909683027e+000 1.131199752353449e-001 1.284662299600221e-001
7.062581699346413e+000 -1.107853107227995e+000 1.124645293436965e-001 1.237279139371869e-001
7.070653594771249e+000 -1.134373032171589e+000 1.118387475215312e-001 1.195219387552313e-001
7.078725490196086e+000 -1.160852296356586e+000 1.112640988117738e-001 1.159247260749591e-001
7.086797385620923e+000 -1.187186613210303e+000 1.107681495134417e-001 1.130038171607805e-001
7.094869281045759e+000 -1.213241532781695e+000 1.103841146071851e-001 1.108108551940873e-001
7.102941176470596e+000 -1.238854825341224e+000 1.101524162128133e-001 1.093737166651079e-001
7.111013071895433e+000 -1.263838599056738e+000 1.101200629019708e-001 1.086881332584017e-001
7.119084967320269e+000 -1.287979785526201e+000 1.103368187208978e-001 1.087091611474567e-001
7.127156862745106e+000 -1.311042107098568e+000 1.108513116060855e-001 1.093429337348125e-001
7.135228758169943e+000 -1.332771840820015e+000 1.117090938876266e-001 1.104412000582195e-001
7.143300653594779e+000 -1.352907427238918e+000 1.129517900569014e-001 1.118032644327464e-001
7.151372549019616e+000 -1.371195736339475e+000 1.146161543585492e-001 1.131912681473278e-001
7.159444444444453e+000 -1.387418264560298e+000 1.167320510569488e-001 1.143620966868040e-001
7.167516339869289e+000 -1.401423489214045e+000 1.193167580811414e-001 1.151095107507364e-001
7.175588235294126e+000 -1.413156073699589e+000 1.223628318107111e-001 1.153007862473073e-001
7.183660130718963e+000 -1.422674780156729e+000 1.258228752979901e-001 1.148928193036760e-001
7.191732026143799e+000 -1.430153338263437e+000 1.296021092399897e-001 1.139229543097859e-001
7.199803921568636e+000 -1.435862444103108e+000 1.335660466961191e-001 1.124820805017070e-001
7.207875816993473e+000 -1.440141803171791e+000 1.375570733697381e-001 1.106843287715310e-001
7.215947712418309e+000 -1.443374129341813e+000 1.414080567066984e-001 1.086442531024907e-001
7.224019607843146e+000 -1.445958250095665e+000 1.449498838603368e-001 1.064620057194306e-001
7.232091503267982e+000 -1.448269045893569e+000 1.480215642834871e-001 1.042135125792364e-001
7.240163398692819e+000 -1.450601493290795e+000 1.504933489070431e-001 1.019479087079019e-001
7.248235294117656e+000 -1.453116167252144e+000 1.522981021694189e-001 9.969441852638644e-002
7.256307189542492e+000 -1.455817597115148e+000 1.534492289128680e-001 9.747454468833974e-002
7.264379084967329e+000 -1.458582375113117e+000 1.540315953640057e-001 9.531438096638437e-002
7.272450980392166e+000 -1.461220879741493e+000 1.541748383606464e-001 9.325562772497380e-002
7.280522875817002e+000 -1.463541962203288e+000 1.540254498190099e-001 9.136293498890183e-002
7.288594771241839e+000 -1.465402962636542e+000 1.537237389055265e-001 8.972044000546184e-002
7.296666666666676e+000 -1.466743223070870e+000 1.533838394985481e-001 8.841227083266309e-002
