---- AnyBody Output File ---------------------------------
Study: Main.Studies.MotionOptimization
Operation: Main.Studies.MotionOptimization.Kinematics
----------------------------------------------------------
Constants (Name = Value): 
Main.Studies.KinematicStudyForParameterIdentification.JointAngleOutputs.OutputFile2d.FileName = "..\Input\Subjects\PS\Overground Gait Trials\PS_ngait_og_ss11\PS_ngait_og_ss11-output-euler-leftlateralepicondylepostd.txt"
Main.Studies.KinematicStudyForParameterIdentification.JointAngleOutputs.OutputFile2d.NumberFormat.Digits = 15
Main.Studies.KinematicStudyForParameterIdentification.JointAngleOutputs.OutputFile2d.NumberFormat.Width = 22
Main.Studies.KinematicStudyForParameterIdentification.JointAngleOutputs.OutputFile2d.NumberFormat.Style = ScientificNumber
Main.Studies.KinematicStudyForParameterIdentification.JointAngleOutputs.OutputFile2d.NumberFormat.FormatStr = "%22.15e"
Main.Studies.KinematicStudyForParameterIdentification.JointAngleOutputs.OutputFile2d.Search = 
Main.Studies.KinematicStudyForParameterIdentification.JointAngleOutputs.OutputFile2d.Format = 0
Main.Studies.KinematicStudyForParameterIdentification.JointAngleOutputs.OutputFile2d.SepSign = " "
Main.Studies.KinematicStudyForParameterIdentification.JointAngleOutputs.OutputFile2d.LineSepSign = ""
Main.Studies.KinematicStudyForParameterIdentification.JointAngleOutputs.OutputFile2d.Header.TitleSectionOnOff = On
Main.Studies.KinematicStudyForParameterIdentification.JointAngleOutputs.OutputFile2d.Header.ConstSectionOnOff = On
Main.Studies.KinematicStudyForParameterIdentification.JointAngleOutputs.OutputFile2d.Header.ConstSectionSaveOptionsOnOff = On
Main.Studies.KinematicStudyForParameterIdentification.JointAngleOutputs.OutputFile2d.Header.VarSectionOnOff = On
Main.Studies.KinematicStudyForParameterIdentification.JointAngleOutputs.OutputFile2d.Header.ColumnNamesOnOff = On
Main.Studies.KinematicStudyForParameterIdentification.JointAngleOutputs.OutputFile2d.Header.LinePrefix = ""
Main.Studies.KinematicStudyForParameterIdentification.JointAngleOutputs.OutputFile2d.ConstSectionSaveOptionsOnOff = On
----------------------------------------------------------
Variables (Column# Name): 
col0  Main.Studies.MotionOptimization.t
col1  Main.Studies.KinematicStudyForParameterIdentification.JointAngleOutputs.OutputFile2d.LeftEpicondylusPosX
col2  Main.Studies.KinematicStudyForParameterIdentification.JointAngleOutputs.OutputFile2d.LeftEpicondylusPosY
col3  Main.Studies.KinematicStudyForParameterIdentification.JointAngleOutputs.OutputFile2d.LeftEpicondylusPosZ
----------------------------------------------------------
Main.Studies.MotionOptimization.t Main.Studies.KinematicStudyForParameterIdentification.JointAngleOutputs.OutputFile2d.LeftEpicondylusPosX Main.Studies.KinematicStudyForParameterIdentification.JointAngleOutputs.OutputFile2d.LeftEpicondylusPosY Main.Studies.KinematicStudyForParameterIdentification.JointAngleOutputs.OutputFile2d.LeftEpicondylusPosZ
6.061666666666667e+000 -2.249333683603837e-001 4.772222266686479e-001 2.086804951802391e-001
6.069738562091503e+000 -2.268401446175306e-001 4.765025388634194e-001 2.079642498989578e-001
6.077810457516340e+000 -2.290208932379938e-001 4.757252012123838e-001 2.069639263396267e-001
6.085882352941177e+000 -2.312529114798872e-001 4.749799210265472e-001 2.057367961319439e-001
6.093954248366013e+000 -2.332738827239786e-001 4.743856736112576e-001 2.043338555606708e-001
6.102026143790850e+000 -2.348583524723627e-001 4.740501138575198e-001 2.028010010055164e-001
6.110098039215687e+000 -2.358586519540772e-001 4.740416658776784e-001 2.011865567532082e-001
6.118169934640523e+000 -2.362374017291865e-001 4.743676005061274e-001 1.995423761483935e-001
6.126241830065360e+000 -2.360781051982743e-001 4.749710584646598e-001 1.979089534157081e-001
6.134313725490197e+000 -2.355630660083257e-001 4.757493052489754e-001 1.962978593276809e-001
6.142385620915033e+000 -2.349280145933559e-001 4.765826386625773e-001 1.946840762059956e-001
6.150457516339870e+000 -2.344116482931976e-001 4.773638689458862e-001 1.930013903559311e-001
6.158529411764707e+000 -2.342079118957560e-001 4.780238977545468e-001 1.911371276546552e-001
6.166601307189543e+000 -2.344217235722827e-001 4.785482294312323e-001 1.889440939226998e-001
6.174673202614380e+000 -2.350309758194770e-001 4.789807427867755e-001 1.862857568439288e-001
6.182745098039217e+000 -2.358625471400108e-001 4.794189340114189e-001 1.830974980317850e-001
6.190816993464053e+000 -2.366015105889789e-001 4.800037148844488e-001 1.794217782667445e-001
6.198888888888890e+000 -2.368571952174416e-001 4.808940810569455e-001 1.753935607062063e-001
6.206960784313726e+000 -2.362784195798504e-001 4.822199234347303e-001 1.711924753405323e-001
6.215032679738563e+000 -2.346636608795339e-001 4.840321302059513e-001 1.669948512938100e-001
6.223104575163400e+000 -2.320104567834437e-001 4.862820023736485e-001 1.629408375201256e-001
6.231176470588236e+000 -2.284918238409851e-001 4.888429356135570e-001 1.591090427500098e-001
6.239248366013073e+000 -2.243826448146741e-001 4.915587038444700e-001 1.555010739242003e-001
6.247320261437910e+000 -2.199696319843350e-001 4.942907072225615e-001 1.520547409173546e-001
6.255392156862746e+000 -2.154778888159565e-001 4.969451995034732e-001 1.486848373147473e-001
6.263464052287583e+000 -2.110347051090676e-001 4.994775931785417e-001 1.453268245270608e-001
6.271535947712420e+000 -2.066677824662075e-001 5.018828158895929e-001 1.419649857754191e-001
6.279607843137256e+000 -2.023194440333542e-001 5.041837829666535e-001 1.386386666054278e-001
6.287679738562093e+000 -1.978672958454260e-001 5.064224232314383e-001 1.354239249032511e-001
6.295751633986930e+000 -1.931593266683902e-001 5.086478182879528e-001 1.323974995160931e-001
6.303823529411766e+000 -1.880677499436641e-001 5.108974332583880e-001 1.296035481916700e-001
6.311895424836603e+000 -1.825452118476543e-001 5.131776105201311e-001 1.270445579688047e-001
6.319967320261440e+000 -1.766517504368290e-001 5.154568858358203e-001 1.246973780223898e-001
6.328039215686276e+000 -1.705278231120138e-001 5.176809715217032e-001 1.225315736295278e-001
6.336111111111113e+000 -1.643267080641279e-001 5.198002726291345e-001 1.205109124893920e-001
6.344183006535950e+000 -1.581552567982271e-001 5.217886366141654e-001 1.185873950064459e-001
6.352254901960786e+000 -1.520562911128816e-001 5.236428100176128e-001 1.167150575361591e-001
6.360326797385623e+000 -1.460223296059916e-001 5.253707156285323e-001 1.148894489998447e-001
6.368398692810460e+000 -1.400205149583433e-001 5.269803677768712e-001 1.131775937390208e-001
6.376470588235296e+000 -1.340255771278430e-001 5.284736056713396e-001 1.116957818776287e-001
6.384542483660133e+000 -1.280537631027398e-001 5.298449202492636e-001 1.105367945710180e-001
6.392614379084970e+000 -1.221740002429089e-001 5.310854513812474e-001 1.097051888406645e-001
6.400686274509806e+000 -1.164808487441256e-001 5.321902193333157e-001 1.091177319729593e-001
6.408758169934643e+000 -1.110425055565458e-001 5.331647965548306e-001 1.086531175383507e-001
6.416830065359480e+000 -1.058594429606348e-001 5.340270277633022e-001 1.081968837693159e-001
6.424901960784316e+000 -1.008691525742036e-001 5.348006506230389e-001 1.076672305554120e-001
6.432973856209153e+000 -9.599602185763480e-002 5.355045776049836e-001 1.070286664316398e-001
6.441045751633990e+000 -9.119720872396481e-002 5.361476984349135e-001 1.062832010187377e-001
6.449117647058826e+000 -8.646407737437115e-002 5.367326026114750e-001 1.054415943243143e-001
6.457189542483663e+000 -8.179797529274868e-002 5.372610278470963e-001 1.045035090870066e-001
6.465261437908500e+000 -7.720575053087164e-002 5.377344180332683e-001 1.034633094222023e-001
6.473333333333336e+000 -7.271949051326634e-002 5.381519301643737e-001 1.023258522209762e-001
6.481405228758173e+000 -6.839615464295029e-002 5.385119166117039e-001 1.011056757810734e-001
6.489477124183010e+000 -6.428151180967427e-002 5.388161187149561e-001 9.980406230362385e-002
6.497549019607846e+000 -6.041948732482957e-002 5.390692576007872e-001 9.838158042825890e-002
6.505620915032683e+000 -5.671558223835206e-002 5.392824707352489e-001 9.678311253060178e-002
6.513692810457520e+000 -5.318124102849411e-002 5.394598707577394e-001 9.492711994182361e-002
6.521764705882356e+000 -4.979778418116432e-002 5.396041811606926e-001 9.275178636334960e-002
6.529836601307193e+000 -4.655629947153581e-002 5.397148120425513e-001 9.022594040204915e-002
6.537908496732030e+000 -4.344938761871534e-002 5.397887804621248e-001 8.735947328080337e-002
6.545980392156866e+000 -4.045649829322144e-002 5.398220676785963e-001 8.420842824943750e-002
6.554052287581703e+000 -3.753856087669669e-002 5.398110620864273e-001 8.087135046375976e-002
6.562124183006540e+000 -3.465065157415838e-002 5.397540279459595e-001 7.747592950740069e-002
6.570196078431376e+000 -3.175953047131565e-002 5.396523698654342e-001 7.416039310439124e-002
6.578267973856213e+000 -2.885012549656158e-002 5.395111031274782e-001 7.105630673928029e-002
6.586339869281050e+000 -2.592202616153316e-002 5.393383100667695e-001 6.827819071910390e-002
6.594411764705886e+000 -2.299034205327021e-002 5.391443008341638e-001 6.592170484686460e-002
6.602483660130723e+000 -2.009644535246485e-002 5.389413936463008e-001 6.406727113608418e-002
6.610555555555560e+000 -1.730739047480833e-002 5.387435776542696e-001 6.278192155232004e-002
6.618627450980396e+000 -1.468514390370875e-002 5.385640229409936e-001 6.211337263034109e-002
6.626699346405233e+000 -1.224949661188831e-002 5.384108059254583e-001 6.207848593678331e-002
6.634771241830070e+000 -9.972740107650141e-003 5.382843270239752e-001 6.265584576455495e-002
6.642843137254906e+000 -7.808884093574616e-003 5.381787902386359e-001 6.379146253995728e-002
6.650915032679743e+000 -5.732026623136799e-003 5.380866200833165e-001 6.541716941454973e-002
6.658986928104580e+000 -3.761090952415070e-003 5.380027607356924e-001 6.746756049661655e-002
6.667058823529416e+000 -1.966047592905197e-003 5.379269330729305e-001 6.988051690238903e-002
6.675130718954253e+000 -4.644481375225250e-004 5.378644685111432e-001 7.258699465063515e-002
6.683202614379090e+000 5.869158437787039e-004 5.378264002490935e-001 7.550384316496628e-002
6.691274509803926e+000 1.009367391655372e-003 5.378279515221330e-001 7.853198991957092e-002
6.699346405228763e+000 6.246829359451865e-004 5.378853003677717e-001 8.156666749440503e-002
6.707418300653600e+000 -7.372395622805921e-004 5.380120840462644e-001 8.453093877567725e-002
6.715490196078436e+000 -3.248664362950341e-003 5.382152152627536e-001 8.742828214003452e-002
6.723562091503273e+000 -7.079123717483477e-003 5.384865699525796e-001 9.039163565371164e-002
6.731633986928109e+000 -1.235226441299817e-002 5.387906989181891e-001 9.369082971003913e-002
6.739705882352946e+000 -1.909136658908873e-002 5.390561300860861e-001 9.767053521655653e-002
6.747777777777783e+000 -2.719192720637651e-002 5.391780248403445e-001 1.026361944201781e-001
6.755849673202619e+000 -3.642146304206466e-002 5.390344418758521e-001 1.087362971023918e-001
6.763921568627456e+000 -4.643403127421458e-002 5.385157227881126e-001 1.158842387714626e-001
6.771993464052293e+000 -5.681794144769398e-002 5.375609319911415e-001 1.237493720979468e-001
6.780065359477129e+000 -6.718660678189825e-002 5.361823803753997e-001 1.318337535825860e-001
6.788137254901966e+000 -7.726352058083859e-002 5.344578701536213e-001 1.396218106370424e-001
6.796209150326803e+000 -8.690743691488752e-002 5.324930404641655e-001 1.467367401152139e-001
6.804281045751639e+000 -9.609081535133926e-002 5.303803400554453e-001 1.530091584020742e-001
6.812352941176476e+000 -1.048749350277475e-001 5.281790044462443e-001 1.584237622679609e-001
6.820424836601313e+000 -1.133995486257008e-001 5.259122753530121e-001 1.630300866446190e-001
6.828496732026149e+000 -1.218204151726911e-001 5.235856275870751e-001 1.668565827893251e-001
6.836568627450986e+000 -1.302241900057018e-001 5.212004826227448e-001 1.699350769631051e-001
6.844640522875823e+000 -1.385512365544033e-001 5.187710929556998e-001 1.723434409465113e-001
6.852712418300659e+000 -1.466167203071812e-001 5.163284315551330e-001 1.742300543637194e-001
6.860784313725496e+000 -1.542242421161167e-001 5.139104750972762e-001 1.757701782482722e-001
6.868856209150333e+000 -1.612803228882125e-001 5.115474510108898e-001 1.770850846317245e-001
6.876928104575169e+000 -1.678350398291909e-001 5.092511807192136e-001 1.781940217351783e-001
6.885000000000006e+000 -1.740402147517404e-001 5.070137482259629e-001 1.790328416054882e-001
6.893071895424843e+000 -1.800589799264823e-001 5.048162392518016e-001 1.795213009096269e-001
6.901143790849679e+000 -1.859781094278716e-001 5.026430227449114e-001 1.796349596865694e-001
6.909215686274516e+000 -1.917691715024472e-001 5.004938658014290e-001 1.794407670016366e-001
6.917287581699353e+000 -1.973163486206560e-001 4.983866426883291e-001 1.790788459014654e-001
6.925359477124189e+000 -2.024839863048946e-001 4.963504338394418e-001 1.787051816155549e-001
6.933431372549026e+000 -2.071757302693016e-001 4.944150733183423e-001 1.784342202498873e-001
6.941503267973863e+000 -2.113644836439931e-001 4.926005337527866e-001 1.783116596411234e-001
6.949575163398699e+000 -2.150925091692462e-001 4.909096886839196e-001 1.783222399461187e-001
6.957647058823536e+000 -2.184438252799382e-001 4.893294174112991e-001 1.784217981982321e-001
6.965718954248373e+000 -2.215073179677102e-001 4.878383767537898e-001 1.785710523132109e-001
6.973790849673209e+000 -2.243509020342808e-001 4.864164483279294e-001 1.787501364518377e-001
6.981862745098046e+000 -2.270137540520985e-001 4.850510351087606e-001 1.789545214912889e-001
6.989934640522883e+000 -2.295165917154158e-001 4.837351475228250e-001 1.791878670712904e-001
6.998006535947719e+000 -2.318769979522809e-001 4.824599874146262e-001 1.794635059567515e-001
7.006078431372556e+000 -2.341081842800854e-001 4.812139541117941e-001 1.798111618847199e-001
7.014150326797393e+000 -2.361929766523298e-001 4.799987947849793e-001 1.802680237898009e-001
7.022222222222229e+000 -2.380513967939634e-001 4.788568937828014e-001 1.808448953048950e-001
7.030294117647066e+000 -2.395350806686606e-001 4.778842603741298e-001 1.814965197039178e-001
7.038366013071903e+000 -2.404651301256912e-001 4.772086983890019e-001 1.821310650566055e-001
7.046437908496739e+000 -2.407039280674863e-001 4.769338720204179e-001 1.826654223158333e-001
7.054509803921576e+000 -2.402262293185560e-001 4.770764100921904e-001 1.830988533930866e-001
7.062581699346413e+000 -2.391302146107205e-001 4.775500540086179e-001 1.835421788985522e-001
7.070653594771249e+000 -2.375689615214295e-001 4.782192717257146e-001 1.841659720010718e-001
7.078725490196086e+000 -2.356705245562789e-001 4.789674909306363e-001 1.851184489938914e-001
7.086797385620923e+000 -2.335148317213888e-001 4.797223195650209e-001 1.864799188572960e-001
7.094869281045759e+000 -2.311564349982909e-001 4.804449368677185e-001 1.882563807974186e-001
7.102941176470596e+000 -2.286540682929087e-001 4.811140957747022e-001 1.903850159334337e-001
7.111013071895433e+000 -2.260913086858103e-001 4.817162110612039e-001 1.927410835467866e-001
7.119084967320269e+000 -2.235855713535553e-001 4.822402248907271e-001 1.951521649561527e-001
7.127156862745106e+000 -2.212868118190511e-001 4.826723786415920e-001 1.974274308922709e-001
7.135228758169943e+000 -2.193688715372540e-001 4.829900661821150e-001 1.993933226210231e-001
7.143300653594779e+000 -2.180136747687078e-001 4.831596062438121e-001 2.009173992899094e-001
7.151372549019616e+000 -2.173880142088684e-001 4.831405328730478e-001 2.019152412496369e-001
7.159444444444453e+000 -2.176164162207686e-001 4.828946413815858e-001 2.023458760442388e-001
7.167516339869289e+000 -2.187547881741360e-001 4.823976168546734e-001 2.022014569096381e-001
7.175588235294126e+000 -2.207658444837049e-001 4.816518312883130e-001 2.014998857244614e-001
7.183660130718963e+000 -2.235010547403992e-001 4.806970576675710e-001 2.002879397074026e-001
7.191732026143799e+000 -2.267037752635444e-001 4.796145586241894e-001 1.986472640479041e-001
7.199803921568636e+000 -2.300468726356305e-001 4.785209803558022e-001 1.966845171538849e-001
7.207875816993473e+000 -2.331984545951149e-001 4.775498424766768e-001 1.945042742878251e-001
7.215947712418309e+000 -2.358867348277816e-001 4.768237699661291e-001 1.921885167438484e-001
7.224019607843146e+000 -2.379354596890976e-001 4.764282298163058e-001 1.898013993961540e-001
7.232091503267982e+000 -2.392667087931752e-001 4.763972938753446e-001 1.874083440041235e-001
7.240163398692819e+000 -2.398897417919035e-001 4.767135874005857e-001 1.850816990488389e-001
7.248235294117656e+000 -2.398869557544791e-001 4.773188713125447e-001 1.828857608820909e-001
7.256307189542492e+000 -2.393900859728332e-001 4.781322783847588e-001 1.808603920045894e-001
7.264379084967329e+000 -2.385485500227372e-001 4.790717217557727e-001 1.790107472796603e-001
7.272450980392166e+000 -2.375096897221604e-001 4.800698165603592e-001 1.772907384855526e-001
7.280522875817002e+000 -2.364166118985086e-001 4.810795067851243e-001 1.755847719766534e-001
7.288594771241839e+000 -2.353978492980491e-001 4.820756067313708e-001 1.737184412683614e-001
7.296666666666676e+000 -2.345250853886598e-001 4.830619182247483e-001 1.715114790320578e-001
