Time(sec)	Fx	Fy	Fz	Tx	Ty	Tz	GON	GRFz
1.983333	-18.22	14.12	86.48	-23.32	-0.7	-23.77	1.7731	0.0069
1.991733	-19.36	13.66	85.76	-22.59	-0.71	-25.41	1.797	0.0059
2.000033	-20.05	12.89	86.22	-21.25	0.38	-26.33	1.7966	0.0052
2.008333	-20.74	11.01	85.33	-21.61	1.07	-27.24	1.7962	0.0045
2.016733	-20.78	9.08	83.41	-25.54	1.65	-28.29	1.7951	0.0039
2.025033	-18.64	8.39	80.15	-30.3	3.38	-28.72	1.7923	0.0034
2.033333	-13.53	9.82	76.36	-33.58	6.08	-28.36	1.7883	0.0031
2.041733	-6.14	13.01	72.5	-35.58	9.38	-27.14	1.778	0.0035
2.050033	0.89	16.37	69.07	-36.73	11.78	-25.03	1.7677	0.0039
2.058333	6.62	18.86	63.9	-36.61	12.75	-22.28	1.7587	0.0037
2.066733	11.03	20.18	57.8	-36.92	11.86	-20.54	1.7503	0.0033
2.075033	14.71	21.2	53.51	-36.71	10.45	-19.84	1.7442	0.0031
2.083333	18	22.61	50.91	-35.55	9.35	-19.55	1.745	0.0035
2.091733	20.06	24.55	50.05	-35.2	9.01	-19.09	1.7458	0.0039
2.100033	20.04	26.31	51.15	-37.17	8.68	-18.91	1.7529	0.004
2.108333	18.12	25.87	54.94	-38.62	8.33	-18.82	1.7625	0.004
2.116733	16.38	23.78	60.21	-38.26	9.05	-18.93	1.7658	0.0039
2.125033	15.17	20.8	64.38	-37.27	9.73	-19.71	1.7559	0.0035
2.133333	14.84	17.9	65.7	-34.27	10.45	-19.65	1.746	0.0031
2.141733	15.37	15.27	64.29	-28.65	11.67	-18.12	1.7607	0.003
2.150033	15.83	12.01	62.07	-21.9	13.78	-16.2	1.7815	0.003
2.158333	15.53	6.71	59.32	-14.92	15	-15.23	1.775	0.0033
2.166733	14.36	0.48	57.26	-7.51	15.58	-14.55	1.7532	0.0037
2.175033	12.78	-3.87	55.13	-2.21	16.06	-14.13	1.7361	0.0041
2.183333	11.37	-6.01	52.7	0.37	16.54	-14.09	1.7531	0.0049
2.191733	11.62	-7.73	52.78	1.68	18.13	-14.09	1.7702	0.0058
2.200033	13.33	-9.43	56.82	2.35	21.47	-13.87	1.7647	0.0094
2.208333	14.99	-9.68	63.42	1.53	24.29	-13.6	1.7504	0.0142
2.216733	17.07	-8.14	70.7	0.21	25.18	-12.85	1.7379	0.0194
2.225033	19.51	-4.84	79.17	-0.99	25.09	-11.59	1.7327	0.0264
2.233333	22.29	-0.99	88.35	-1.35	25.2	-10.46	1.7274	0.0334
2.241733	25.47	2.98	97.78	-0.95	25.4	-9.7	1.731	0.0329
2.250033	28.16	5.4	105.06	0.35	24.43	-10.09	1.7354	0.0317
2.258333	28.51	7.3	109.96	2.29	22.31	-11.49	1.733	0.0318
2.266733	26.56	9.04	112.1	3.86	19.06	-13.28	1.7205	0.0339
2.275033	23.93	9.63	112.23	4.97	16.77	-14.58	1.708	0.036
2.283333	20.77	8.94	110.46	5.71	15.65	-15.37	1.7263	0.0412
2.291733	17.98	7.74	111.26	7.05	15.8	-16.95	1.7445	0.0463
2.300033	15.72	6.12	114.1	8.11	15.84	-19.42	1.7544	0.0511
2.308333	13.32	3.8	116.6	9.13	16.43	-21.5	1.7552	0.0555
2.316733	10.68	2.47	119.2	10.07	19.37	-21.38	1.756	0.0598
2.325033	8.07	2.11	123.52	10.82	24.02	-19.45	1.7588	0.0652
2.333333	6.13	2.3	134.02	12.1	28.73	-17.34	1.7617	0.0706
2.341733	4.83	2.62	151.13	14.99	33.46	-15.71	1.7527	0.0774
2.350033	3.7	4.01	168.26	18.1	37.64	-15.29	1.7343	0.0853
2.358333	1.83	5.88	179.55	19.63	40.12	-14.91	1.7261	0.0929
2.366733	-0.88	7.46	185.73	19.53	40.89	-14.22	1.7445	0.0995
2.375033	-3.88	7.71	190.84	17.58	39.33	-13.92	1.7628	0.1062
2.383333	-6.65	6.88	196.77	13.59	34.94	-15.01	1.7587	0.1126
2.391733	-9.72	5.58	203.37	6.39	28.87	-18.53	1.7516	0.1189
2.400033	-13.78	3.88	206.59	-3.77	22.79	-23.52	1.7467	0.1254
2.408333	-17.92	2.36	205.27	-15.24	17.54	-28.69	1.7459	0.1321
2.416733	-20.5	0.87	204.5	-24.51	14.74	-31.65	1.745	0.1387
2.425033	-21.94	-1.1	205.68	-32.01	13.82	-32.91	1.7621	0.1466
2.433333	-23.4	-3.81	209.21	-39.38	13.11	-34.35	1.78	0.1546
2.441733	-24.77	-5.91	213.42	-46.63	12.54	-36.53	1.7804	0.1629
2.450033	-25.26	-7.16	220.55	-53.26	13.47	-39.54	1.7587	0.1717
2.458333	-23.85	-7.93	231.2	-57.51	16.6	-42.05	1.7479	0.18
2.466733	-20.9	-7.99	243.78	-59.28	20.83	-43.67	1.7653	0.1873
2.475033	-17.96	-7.56	256.77	-60.13	23.4	-45.1	1.7827	0.1945
2.483333	-16.19	-7.38	271.64	-62.15	23.28	-48	1.7799	0.2023
2.491733	-15.69	-7.87	290.8	-64.14	22.58	-52.01	1.7586	0.2107
2.500033	-15.33	-8.19	313.5	-64.38	23.26	-55.61	1.7484	0.2184
2.508333	-14.92	-7.86	338.34	-63.28	25.2	-58.57	1.758	0.2252
2.516733	-15	-6.51	361.35	-61.88	26.96	-60.51	1.7675	0.2319
2.525033	-16.3	-4.38	380.47	-60.64	27.28	-61.34	1.7609	0.2383
2.533333	-17.81	-3.28	397.89	-59.39	26.58	-60.91	1.7514	0.2445
2.541733	-18.85	-3.74	416.37	-58.22	26.72	-59.79	1.7547	0.2494
2.550033	-19.67	-5.37	435.36	-56.88	27.96	-58.43	1.7746	0.2526
2.558333	-19.95	-6.99	451.43	-55.72	29.05	-56.99	1.7944	0.2557
2.566733	-19.59	-8.47	464.03	-54.82	29.71	-55.41	1.778	0.2579
2.575033	-20.16	-9.78	470.59	-53.64	29.15	-53.46	1.7584	0.26
2.583333	-21.93	-11.55	472.87	-51.64	27.5	-51.41	1.7585	0.2612
2.591733	-22.9	-13.74	475.36	-48.74	25.74	-49.24	1.7767	0.2616
2.600033	-23.35	-14.76	478.21	-45.14	24.76	-47.41	1.795	0.262
2.608333	-23.64	-14.55	478.73	-41.36	24.48	-45.99	1.7793	0.262
2.616733	-24.14	-13.65	471.84	-38.67	24.4	-44.61	1.7635	0.262
2.625033	-24.61	-12.43	458.06	-37.31	24.27	-42.83	1.7757	0.2603
2.633333	-25.98	-11.36	445.26	-35.35	23.42	-41.38	1.7931	0.2583
2.641733	-26.92	-10.97	438.08	-32.76	22.64	-40.8	1.8058	0.2561
2.650033	-26.72	-10.34	435.4	-30.19	22.25	-40.64	1.8083	0.2531
2.658333	-26.26	-8.1	431.08	-28.71	21.71	-40.26	1.8108	0.2502
2.666733	-25.93	-4.25	424.29	-28.32	20.82	-39.65	1.8201	0.2471
2.675033	-26.86	-0.61	417.32	-30.15	19.62	-40.34	1.83	0.2439
2.683333	-28.42	2.97	415.82	-33.13	18.37	-42.25	1.837	0.2405
2.691733	-30.61	5.56	418.62	-36.05	16.39	-45.14	1.8395	0.2367
2.700033	-32.54	6.62	416.6	-39.51	13.62	-48.05	1.842	0.233
2.708333	-33.64	6.77	410	-43.89	10.6	-50.68	1.8543	0.2298
2.716733	-33.61	6.31	401.88	-49	8.04	-53.05	1.8666	0.2267
2.725033	-33.53	3.84	393.91	-53.85	5.49	-55.82	1.8914	0.2234
2.733333	-33.47	0.44	384.18	-58.63	3.89	-58.7	1.9299	0.2202
2.741733	-32.02	-1.16	371.52	-61.87	4.05	-59.89	1.9588	0.2174
2.750033	-29.57	-1.62	358.19	-63.28	5.11	-59.75	1.9675	0.2156
2.758333	-26.66	-0.99	348.69	-63.59	6.48	-59.04	1.9762	0.2138
2.766733	-23.28	1.73	344.28	-64.15	8.9	-58.03	1.9764	0.2122
2.775033	-18.53	5.01	344.52	-61.51	13.22	-55.66	1.9699	0.2108
2.783333	-13.23	7.48	347.53	-54.76	18.63	-52.22	1.972	0.2092
2.791733	-8.46	9.52	351.68	-46.32	24.38	-48.75	1.9871	0.2072
2.800033	-5.3	10.45	357.12	-38.61	28.73	-46.68	2.0022	0.2052
2.808333	-3.72	9.41	365.36	-31.47	30.95	-46.24	2.0304	0.2028
2.816733	-3.1	7.29	373.81	-26.11	31.23	-46.89	2.0604	0.2003
2.825033	-2.86	5.09	379.08	-23.02	30.83	-48.09	2.0796	0.1977
2.833333	-2.78	2.84	382.13	-20.71	30.52	-49.22	2.0872	0.1949
2.841733	-4.06	1.52	383.23	-21.25	29.58	-51.07	2.0947	0.1921
2.850033	-6.87	1.24	382.25	-25.1	27.77	-53.82	2.1022	0.1892
2.858333	-9.39	0.7	379.56	-30.43	24.99	-56.95	2.1097	0.1863
2.866733	-10.48	-0.5	376.91	-34.64	22.05	-59.31	2.1208	0.1839
2.875033	-10.74	-1.31	372.3	-38.42	19.3	-60.81	2.1347	0.1819
2.883333	-10.49	-1.79	365.81	-41.01	17.47	-61.63	2.1492	0.1799
2.891733	-9.71	-1.96	358.9	-41.68	16.81	-61.53	2.1783	0.1781
2.900033	-8.55	-1.84	353.18	-40.72	17.02	-60.74	2.2075	0.1762
2.908333	-7.21	-1.44	347.89	-39.28	17.48	-59.73	2.2271	0.1739
2.916733	-5.51	0.15	344.26	-38.03	17.93	-58.15	2.2453	0.1715
2.925033	-4.17	3.89	343.58	-36.42	19.2	-55.5	2.2665	0.1695
2.933333	-3.5	9.2	344.23	-33.22	21.34	-51.76	2.2927	0.1683
2.941733	-3.25	14.26	346.09	-26.19	24.07	-47.01	2.319	0.167
2.950033	-3.3	18.88	349.36	-15.31	27.32	-41.28	2.336	0.167
2.958333	-2.5	21.68	350.83	-3.34	30.7	-34.62	2.3527	0.167
2.966733	-0.9	22.66	347.91	8.51	33.76	-27.45	2.3673	0.1672
2.975033	1.07	22.83	341.2	19.16	36.7	-20.29	2.3794	0.1676
2.983333	2.84	22.23	330.06	28.3	40.01	-13.98	2.3915	0.168
2.991733	4.25	20.79	315.24	36.03	43.7	-8.79	2.4042	0.1676
3.000033	5.19	18.95	300.96	41.43	47.69	-5.57	2.4169	0.1672
3.008333	6.02	17.44	289.29	42.95	51.93	-4.36	2.4266	0.1663
3.016733	7.67	16.15	278.28	41.29	55.8	-3.89	2.4337	0.165
3.025033	9.64	16.29	268.34	38.96	59.03	-3.49	2.4443	0.1635
3.033333	11.32	17.68	260.35	35.47	61.54	-3.68	2.4662	0.1617
3.041733	11.88	18.91	255.59	30.84	62.9	-5.08	2.4882	0.1598
3.050033	11.67	19.01	253.53	26.09	62.93	-7.17	2.4965	0.1582
3.058333	11.2	18.9	253.26	19.85	60.97	-10.9	2.4956	0.1569
3.066733	10.91	18.77	252.22	11.73	56.98	-15.53	2.503	0.1555
3.075033	11.12	18.03	250.49	2.88	51.45	-19.9	2.528	0.1538
3.083333	11.36	15.96	250.25	-5.6	45.7	-23.57	2.553	0.1521
3.091733	10.96	12.7	252.85	-14.13	40.15	-27.35	2.5798	0.1509
3.100033	9.31	9.17	252.64	-22.15	35.37	-30.7	2.6068	0.1497
3.108333	7.67	5.8	247.74	-28.62	31.54	-32.45	2.6213	0.149
3.116733	6.03	3.01	240.48	-33.93	28.45	-33.23	2.6172	0.149
3.125033	4.04	0.4	233.47	-37.23	26.47	-32.49	2.613	0.149
3.133333	1.64	-2.31	226.2	-38.28	25.61	-30.03	2.6372	0.1486
3.141733	-1.55	-5.05	217.49	-37.88	25.22	-26.79	2.6614	0.1482
3.150033	-6.02	-6.9	207.21	-37.77	24.57	-24.51	2.6742	0.1478
3.158333	-11.09	-7.23	195.49	-38.17	23.8	-22.93	2.6747	0.1473
3.166733	-15.4	-6.65	187.16	-39.21	22.48	-22.03	2.6845	0.1473
3.175033	-18.75	-5.06	182.27	-40.44	20.98	-21.79	2.7143	0.148
3.183333	-20.82	-2.76	178.57	-40.81	20.1	-21.57	2.744	0.1488
3.191733	-21.62	-0.21	173.54	-39.87	20.09	-20.72	2.7577	0.149
3.200033	-19.85	2.11	170.05	-37.66	20.06	-19.13	2.7673	0.149
3.208333	-15.29	4.6	169.52	-34.47	20.03	-16.96	2.7795	0.1488
3.216733	-9.49	6.69	171.3	-30.1	19.96	-14.32	2.7958	0.1484
3.225033	-4.82	7.14	174.6	-24.09	19.66	-11.58	2.812	0.148
3.233333	-1.44	5.78	179.38	-16.39	19.09	-8.79	2.8217	0.1473
3.241733	1.93	5.84	185.2	-11.15	18.79	-6.63	2.8305	0.1464
3.250033	5.06	7.32	191.97	-9.2	18.23	-5.14	2.8312	0.1454
3.258333	7.87	8.39	199.44	-7.58	17.28	-3.48	2.8233	0.1442
3.266733	9.06	9.35	205.2	-5.71	16.91	-1.62	2.8153	0.143
3.275033	8.38	10.24	208.53	-4.29	17.34	0.09	2.8554	0.1439
3.283333	7.14	11.54	209.04	-5.36	18.87	1.02	2.8976	0.1448
3.291733	7.04	13.85	207.4	-9.15	21.54	1.28	2.9114	0.146
3.300033	8.87	18.55	208.02	-14.16	24.77	1.3	2.9181	0.1471
3.308333	11.26	22.52	211.91	-16.49	27.56	1.78	2.9293	0.1478
3.316733	13.91	25.24	217.51	-16.15	30.01	2.79	2.9518	0.1469
3.325033	16.47	27.84	222.28	-16.39	32.39	3.49	2.9743	0.1461
3.333333	18.95	30.78	226.28	-17.97	34.76	3.69	2.963	0.1439
3.341733	21.27	32.62	230.14	-18.43	37.28	4.08	2.9472	0.1415
3.350033	23.68	33.39	234.89	-15.89	39.72	5.46	2.9495	0.1392
3.358333	25.71	33.39	240.71	-11.58	41.02	7.34	2.984	0.1372
3.366733	26.02	31.61	243.41	-8.54	40.41	8.68	3.0186	0.1351
3.375033	24.5	27.87	242.36	-7.02	37.98	9.4	3.033	0.1335
3.383333	21.86	22.84	238.4	-7.71	33.68	8.87	3.0464	0.1319
3.391733	18.52	17.2	234.3	-10.29	27.35	7.07	3.0505	0.1304
3.400033	14.95	11.56	230.02	-13.59	20.35	4.83	3.0426	0.1292
3.408333	11.73	7.99	225.28	-18.26	13.7	2.5	3.0353	0.128
3.416733	8.71	5.98	220.61	-24.47	6.87	-0.2	3.0441	0.1276
3.425033	5.97	4.27	216.75	-31.18	0.04	-3.29	3.0528	0.1272
3.433333	4.09	2.48	213.46	-36.83	-5.46	-6.15	3.0702	0.1268
3.441733	2.76	1.77	209.85	-42.51	-9.04	-8.83	3.0957	0.1263
3.450033	1.46	2.08	206.49	-47.56	-10.66	-10.75	3.112	0.1259
3.458333	0.76	3	203.83	-50.79	-10.3	-11.5	3.112	0.1255
3.466733	0.91	3.37	202.49	-51.84	-9.28	-11.4	3.112	0.1251
3.475033	1.47	2.62	202.51	-51.8	-8.91	-11.22	3.1127	0.125
3.483333	2.32	1.21	205.64	-50.23	-9.07	-11.05	3.1135	0.125
3.491733	3.74	0.13	211.15	-46.9	-8.91	-10.41	3.1046	0.1252
3.500033	5.52	-0.31	216.83	-43.12	-8.27	-9.15	3.0831	0.1256
3.508333	7.74	-1.01	221.58	-38.94	-7.56	-7.06	3.0617	0.126
3.516733	10.44	-2.17	225.57	-34.16	-6.88	-4.13	3.065	0.1279
3.525033	14.37	-2.41	232.45	-29.1	-5.9	-0.86	3.0704	0.13
3.533333	18.82	-1.17	241.63	-25.29	-4.66	2.22	3.0794	0.1316
3.541733	21.77	0.37	250.44	-22.48	-3.55	4.87	3.0917	0.1328
3.550033	23.16	2.08	256.08	-20.97	-2.23	7.38	3.104	0.134
3.558333	23.43	3.9	258.72	-20.96	-0.46	9.65	3.0841	0.1363
3.566733	23.73	5.33	261.27	-21.51	2	11.22	3.0642	0.1386
3.575033	24.27	6.12	265.76	-21.44	5	11.96	3.0743	0.1417
3.583333	24.92	7.53	272.16	-20.91	8.03	12.52	3.0902	0.1448
3.591733	24.39	8.7	276.39	-20.8	10.66	13.06	3.1013	0.1481
3.600033	22.36	9.12	277.61	-21.46	12.63	13.23	3.1021	0.1514
3.608333	20.41	9.2	277.22	-23.72	13.92	12.76	3.1029	0.1547
3.616733	18.91	9.17	275.76	-27.61	14.6	11.69	3.0877	0.1572
3.625033	15.99	9.15	272.15	-33.13	14.33	9.34	3.071	0.1596
3.633333	10.75	9.33	265.68	-39.92	12.69	6.02	3.0643	0.1615
3.641733	4.82	9.18	257.38	-46.75	9.31	2.31	3.0727	0.1628
3.650033	0.09	6.86	248.4	-52.16	4.28	-1.82	3.081	0.164
3.658333	-3.9	2.58	238.42	-56.29	-1.96	-6.18	3.0933	0.1648
3.666733	-8.78	-1.92	226.94	-59.51	-7.6	-9.39	3.1056	0.1656
3.675033	-14.11	-5.9	215.24	-61.28	-12.21	-10.91	3.1145	0.1664
3.683333	-19.81	-9.4	206.38	-63.82	-16.81	-12.47	3.1198	0.1673
3.691733	-24.4	-12.52	203.48	-68.72	-22.02	-14.61	3.1198	0.1679
3.700033	-27.23	-15.12	204.7	-74.34	-27.3	-16.35	3.099	0.1675
3.708333	-28.33	-16.38	204.32	-77.66	-30.85	-15.78	3.0782	0.1672
3.716733	-29.49	-15.74	201.21	-80.02	-32.24	-13.53	3.0771	0.167
3.725033	-31.19	-14.45	199.98	-84.08	-32.72	-11.9	3.0916	0.167
3.733333	-31.65	-13.87	202.55	-89.52	-33.93	-12.16	3.1004	0.1674
3.741733	-31.31	-13.84	208.48	-96.09	-35.77	-14.22	3.0945	0.1686
3.750033	-31.06	-14.04	213.89	-101.16	-37.03	-16.17	3.0887	0.1699
3.758333	-30.69	-14.28	215.99	-102.86	-36.7	-16.56	3.0901	0.1728
3.766733	-29.91	-14.13	215.11	-102.38	-34.41	-16.06	3.0925	0.176
3.775033	-30.33	-13.91	215.94	-103.96	-31.56	-17.16	3.0888	0.1795
3.783333	-31.96	-14.09	218.98	-108	-28.64	-20.04	3.0745	0.1837
3.791733	-33.81	-14.12	220.35	-111.99	-25.18	-22.81	3.0581	0.1878
3.800033	-35.84	-13.79	219.53	-115.37	-21.05	-25.15	3.0335	0.1915
3.808333	-38.03	-12.75	217.37	-117.43	-16.36	-27.05	3.0088	0.1953
3.816733	-39.56	-11.29	214.67	-118.6	-11.34	-28.69	2.9945	0.1989
3.825033	-39.37	-9.07	211.36	-118.8	-6.66	-29.88	2.9882	0.2022
3.833333	-37.66	-6.39	208.68	-118.4	-3.5	-30.79	2.9829	0.2052
3.841733	-34.72	-3.37	208.16	-117.7	-1.25	-31.23	2.9825	0.2064
3.850033	-30.81	0.29	210.92	-116.59	1.21	-30.82	2.9821	0.2076
3.858333	-25.95	4.99	216.59	-114.73	4.25	-29.42	2.9832	0.208
3.866733	-21.28	9.57	223.63	-110.39	8	-26.7	2.985	0.208
3.875033	-16.4	13.51	231.6	-104.4	12.46	-22.78	2.9742	0.2069
3.883333	-11.42	17.08	238.68	-99.23	16.61	-18.95	2.9496	0.2045
3.891733	-7.71	20.01	243.89	-97.01	20.14	-16.47	2.925	0.2021
3.900033	-5.98	22.04	247.61	-97.68	23.34	-15.43	2.93	0.2
3.908333	-5.21	23.3	251.13	-97.52	26.76	-14.03	2.9363	0.1979
3.916733	-5.12	23.93	252.78	-96.19	29.75	-12.46	2.9226	0.1957
3.925033	-5.8	24.01	253.76	-92.82	33.09	-10.97	2.8932	0.1933
3.933333	-6.1	24.64	256.15	-88.84	37.09	-10.1	2.8651	0.191
3.941733	-6.05	25.77	260	-85.13	41.35	-10.12	2.8676	0.1914
3.950033	-6.16	26.53	267.05	-85.04	43.92	-11.77	2.8701	0.1919
3.958333	-6.37	26.7	278.71	-86.65	45.58	-14.06	2.8634	0.1935
3.966733	-5.75	26.04	291.55	-85.48	47.09	-15.66	2.8515	0.1959
3.975033	-4.66	24.5	301.48	-83.2	47.59	-18.04	2.84	0.1984
3.983333	-3.27	22.31	309.23	-80.17	47.51	-21.19	2.8317	0.2017
3.991733	-2.09	20.42	316.61	-78.78	47.79	-24.88	2.8233	0.2051
4.000033	-1.07	18.74	322.81	-79.58	47.94	-28.98	2.8087	0.2071
4.008333	-0.21	16.52	324.45	-82.93	47.38	-34.02	2.7917	0.2087
4.016733	1.12	14.36	321.66	-82.99	49.05	-37.98	2.7776	0.2105
4.025033	2.28	12.18	315.03	-79.74	52.47	-40.5	2.7758	0.2128
4.033333	1.75	10.13	308.47	-77.74	56.37	-42.63	2.7738	0.2151
4.041733	-0.68	8.44	303.1	-78.67	60.58	-44.83	2.7682	0.2171
4.050033	-3.6	7.91	296.97	-81.2	65.64	-46.51	2.7627	0.219
4.058333	-6.4	7.5	287.1	-83.82	69.84	-47.65	2.7492	0.2202
4.066733	-9.45	6.72	276	-86.69	72.57	-48.83	2.7283	0.2206
4.075033	-13.08	5.83	269.59	-88.84	74.12	-49.96	2.7084	0.2209
4.083333	-17.04	4.99	267.26	-90.02	74.7	-50.68	2.6947	0.2197
4.091733	-20.12	4.68	267.11	-89.73	75.24	-50.62	2.6811	0.2186
4.100033	-21.74	4.97	268.58	-88	76.2	-50.12	2.6789	0.218
4.108333	-21.56	6.54	270.61	-85.28	78.46	-49.23	2.6891	0.218
4.116733	-20.69	8.55	274.13	-82.6	81.29	-48.55	2.6867	0.218
4.125033	-19.41	10.63	280.41	-79.96	84.22	-48	2.6578	0.218
4.133333	-17.74	12.78	289.05	-77.15	87.19	-46.87	2.6288	0.218
4.141733	-15.27	15.57	297.51	-73.94	90.88	-44.46	2.6193	0.2167
4.150033	-13.4	19.51	299.38	-72.71	93.58	-42.46	2.6147	0.215
4.158333	-12.85	24.3	295.01	-74.27	94.64	-41.78	2.6072	0.2143
4.166733	-11.86	29.62	289.32	-76.57	95.92	-41.64	2.5953	0.2151
4.175033	-9.05	34.32	288.89	-77.06	98.4	-41.2	2.5834	0.2159
4.183333	-4.55	38.18	294.03	-75.64	101.84	-40.46	2.5725	0.2178
4.191733	-0.89	41.08	296.9	-73.82	104.1	-40.31	2.5616	0.2199
4.200033	2.22	43.54	295.28	-71.65	105.79	-40.88	2.5501	0.2206
4.208333	3.16	44.43	290.41	-71.01	104.95	-42.79	2.5378	0.2198
4.216733	2.66	42.79	289.58	-70.24	102.63	-44.86	2.5255	0.219
4.225033	1.86	39.11	294.34	-67.97	100.39	-46.34	2.5383	0.2154
4.233333	1.58	35.14	301.25	-63.47	99.92	-46.54	2.5522	0.2117
4.241733	-0.09	31.24	304.96	-58.97	99.22	-46.33	2.5445	0.2078
4.250033	-3.31	27.24	302.36	-56.13	95.76	-46.68	2.5314	0.2039
4.258333	-5.28	23.61	299.57	-53.73	91.78	-46.91	2.5207	0.1992
4.266733	-6.11	20.41	298.64	-52.36	87.7	-47.01	2.5161	0.193
4.275033	-4.54	18.85	301.53	-51.36	85.98	-46.39	2.5116	0.1868
4.283333	-0.17	19.2	307.94	-50.26	87.12	-44.89	2.4841	0.1836
4.291733	3.66	20	311.54	-46.47	88.63	-42.81	2.4536	0.1808
4.300033	4.28	19.75	310.6	-42.63	86.94	-41.6	2.4352	0.1788
4.308333	2.78	19.12	306.31	-40.68	82.37	-41.61	2.4385	0.1784
4.316733	0.72	19.12	303.33	-41.46	77.89	-42.3	2.4419	0.178
4.325033	-1.83	19.64	302.05	-44.04	73.97	-43.29	2.418	0.178
4.333333	-4.52	19.91	300.58	-44.06	71.13	-43.21	2.393	0.178
4.341733	-6.97	19.85	295.75	-40.35	68.84	-42.05	2.3732	0.1774
4.350033	-10.13	19.46	287.91	-35.86	66.32	-41.34	2.3601	0.1761
4.358333	-11.94	19.67	282.91	-35.2	64.43	-41.86	2.3502	0.1749
4.366733	-12.33	20.49	281.08	-38.21	63.16	-43.54	2.3577	0.1745
4.375033	-12.48	21.2	281.43	-41.88	61.9	-45.8	2.3652	0.1741
4.383333	-13.78	20.94	282.44	-43.71	60.25	-48.17	2.3471	0.1743
4.391733	-15.29	21.06	286.13	-44.81	58.7	-50.06	2.3209	0.1747
4.400033	-17	22.5	293	-48.94	56.58	-52.63	2.3045	0.1751
4.408333	-18.91	24.47	302.96	-55.3	54.12	-55.74	2.3191	0.1755
4.416733	-20.1	25.23	315.43	-59.22	52.6	-57.49	2.3337	0.1759
4.425033	-20.34	24.94	329.55	-59.97	52.26	-57.43	2.3243	0.1767
4.433333	-19.89	24.47	341.48	-58.8	53.21	-55.95	2.3104	0.1775
4.441733	-18.68	23.89	350.98	-56.75	55.68	-53.26	2.2992	0.1787
4.450033	-17.12	22.37	359.05	-54.47	58.33	-50.13	2.2937	0.1811
4.458333	-16.55	17.97	364.65	-52.11	59.26	-48.11	2.288	0.1834
4.466733	-17.12	10.79	367.14	-49.7	58.63	-47.24	2.282	0.1856
4.475033	-18.54	4.2	364.72	-48.69	58.34	-46.65	2.2759	0.1879
4.483333	-20.8	-0.08	357.61	-50.76	57.87	-46.7	2.2635	0.1897
4.491733	-23.21	-2.28	348.58	-52.94	56.7	-47.59	2.2451	0.1909
4.500033	-25.05	-3.29	342.75	-52.4	54.43	-49.23	2.228	0.1919
4.508333	-26.22	-3.53	338.75	-51.16	51.3	-50.99	2.2201	0.1907
4.516733	-26.18	-2.72	333.78	-51.12	48.96	-51.37	2.2122	0.1895
4.525033	-24.54	-0.09	326.9	-51.69	48.66	-49.66	2.2157	0.1868
4.533333	-22.21	3.89	321.92	-52.12	49.5	-47.88	2.2268	0.1831
4.541733	-19.54	6.7	321.04	-51.71	49.31	-47.22	2.2227	0.1794
4.550033	-16.65	8.47	321.89	-49.78	47.71	-47.19	2.1993	0.1759
4.558333	-14.3	9.43	320.28	-48.52	44.87	-47.09	2.1759	0.1723
4.566733	-12.9	9.62	314.83	-49.81	41.15	-46.73	2.169	0.1678
4.575033	-12	9.68	308.59	-51.78	37.03	-46.25	2.1636	0.1632
4.583333	-11.74	10.15	303.3	-51.88	32.22	-46.42	2.1614	0.1596
4.591733	-12.27	10.36	299.07	-50.82	26.42	-47.46	2.1622	0.1568
4.600033	-12.83	9.96	292.39	-49.73	20.02	-47.64	2.163	0.154
4.608333	-13.4	8.88	283.17	-48.62	13.2	-46.83	2.158	0.1527
4.616733	-14.49	6.19	276.4	-47.45	7.5	-46.09	2.153	0.1515
4.625033	-15.96	1.73	274.24	-46.83	3.31	-45.86	2.1436	0.1508
4.633333	-16.1	-3.32	276.45	-45.85	0.6	-45.2	2.1313	0.1504
4.641733	-15.28	-9.06	281.37	-44.29	-1.32	-44.5	2.1184	0.1501
4.650033	-14.22	-15.38	288.58	-42.79	-2.61	-44.09	2.099	0.151
4.658333	-13.81	-21.38	297.31	-41.58	-3.16	-44.26	2.0796	0.1519
4.666733	-13.94	-26.62	307.51	-40.18	-2.79	-44.87	2.066	0.1524
4.675033	-13.54	-30.22	315.34	-39.18	-2.2	-45.17	2.0529	0.1528
4.683333	-11.83	-31.28	317.68	-39.34	-2.63	-44.47	2.0413	0.1536
4.691733	-9.37	-30.24	314.34	-40.54	-3.63	-43.35	2.0322	0.1552
4.700033	-8.85	-29.06	305.19	-43.43	-4.37	-43.8	2.0231	0.1568
4.708333	-10.27	-27.65	291.82	-48.28	-5.03	-45.69	2.0154	0.1573
4.716733	-12.22	-25.39	280.87	-55.24	-6.19	-47.91	2.0078	0.1577
4.725033	-13.65	-22.46	273	-63.36	-7.63	-49.96	2.001	0.1582
4.733333	-13.43	-18.66	266.35	-70.42	-7.97	-51.09	1.9954	0.1586
4.741733	-12.07	-14.66	263.65	-74.86	-5.96	-51.66	1.9899	0.1591
4.750033	-10.65	-11.47	264.13	-77.33	-2.13	-52.18	1.9843	0.1595
4.758333	-11.07	-10.87	264.76	-79.78	1.47	-53.21	1.9788	0.1599
4.766733	-12.35	-12.09	265.89	-82.47	4.02	-53.7	1.9759	0.1611
4.775033	-13.17	-14.03	271.08	-83.9	6.65	-53.3	1.9742	0.1628
4.783333	-13.76	-17.02	275.74	-82.91	10.38	-52.6	1.9697	0.1647
4.791733	-13.8	-20.66	278.62	-79.64	15.16	-51.6	1.9578	0.167
4.800033	-13.87	-24.48	279.35	-76.56	19.47	-51.09	1.9459	0.1694
4.808333	-14.49	-28.58	278.8	-74.7	22.67	-51.42	1.9535	0.1732
4.816733	-15.84	-32.34	283.83	-72.93	24.57	-52.49	1.9672	0.1773
4.825033	-15.69	-33.58	298.75	-69.32	26.57	-53.28	1.9726	0.1816
4.833333	-13.68	-31.5	318.58	-63.71	30.25	-52.2	1.963	0.1859
4.841733	-11.14	-27.06	335.85	-57.32	35.37	-49.07	1.9535	0.1903
4.850033	-8.52	-20.65	348.97	-50.55	41.64	-44.08	1.9469	0.1941
4.858333	-5.83	-13.67	361.55	-45.77	47.41	-39.45	1.9409	0.1978
4.866733	-3.6	-6.92	376.04	-42.95	52.63	-35.37	1.9353	0.2
4.875033	-1.99	-0.6	390.4	-39.58	56.75	-30.81	1.9299	0.2014
4.883333	0.07	5.48	398.42	-35.33	60.43	-25.11	1.9244	0.2029
4.891733	2.54	11.42	398.94	-31.23	64.04	-18.59	1.901	0.2026
4.900033	4.2	16.6	396.74	-30.51	66.78	-14.12	1.876	0.2021
4.908333	4.88	20.64	394.16	-33.25	67.9	-12.43	1.8634	0.2017
4.916733	4.78	22.63	392.11	-37.46	66.44	-13.3	1.8546	0.2013
4.925033	3.66	23.39	388.4	-40.26	63.92	-14.45	1.8468	0.2011
4.933333	0.97	23.19	383.92	-43.17	60.52	-16.31	1.8418	0.2015
4.941733	-3.49	22.39	381.54	-50.05	56.81	-20.41	1.8368	0.2019
4.950033	-9.54	21.07	381.97	-61.47	53.01	-27	1.8319	0.2027
4.958333	-13.85	18.98	386.55	-71.21	49.78	-34.03	1.8271	0.2036
4.966733	-15.58	15.99	395.49	-76.2	46.38	-40.22	1.8328	0.2049
4.975033	-16.72	12.53	405.59	-79.03	42.62	-45.58	1.8467	0.2065
4.983333	-19.33	9.95	412.96	-84.04	39.27	-50.31	1.859	0.2081
4.991733	-23.46	8.42	417.43	-91.61	36.54	-54.45	1.834	0.2101
5.000033	-25.83	6.54	423.91	-94.92	35.48	-57.37	1.809	0.212
5.008333	-26.06	4.16	431.54	-92.62	36.07	-58.57	1.8046	0.2142
5.016733	-24.94	2.02	438.39	-88.4	37.47	-58.86	1.8193	0.2166
5.025033	-25.99	0.77	441.94	-89.81	38.22	-60.38	1.834	0.219
5.033333	-28.91	0.33	442.34	-95.51	38.55	-62.71	1.8127	0.2203
5.041733	-31.11	0.01	443.15	-100.01	39.06	-64.95	1.7915	0.2215
5.050033	-30.75	-0.58	447.33	-100.94	39.95	-67.11	1.7785	0.2228
5.058333	-28.44	-0.96	453.23	-99.64	41.08	-68.75	1.7711	0.2241
5.066733	-27.23	0.32	454.06	-101.84	41.28	-69.68	1.7672	0.2254
5.075033	-27.16	3.03	450.2	-107.75	40.62	-70.44	1.771	0.2265
5.083333	-27.58	6.08	444.08	-114.27	39.97	-71.11	1.7748	0.2276
5.091733	-28.03	8.98	436.95	-119.07	39.88	-71.2	1.7769	0.228
5.100033	-27.41	11.87	432.37	-121.05	40.16	-70.61	1.7782	0.228
5.108333	-26.31	14.95	430.01	-123.1	40.39	-70.24	1.7703	0.2278
5.116733	-25.2	17.56	428.41	-125.26	40.12	-70.11	1.7487	0.2274
5.125033	-23.97	18.5	427.67	-126.17	39	-70.66	1.727	0.227
5.133333	-23	17.65	426.64	-125.54	37.17	-71.91	1.7294	0.2262
5.141733	-23.66	15.51	420.9	-123.81	34.71	-72.91	1.7318	0.2254
5.150033	-25.93	12.43	409.89	-120.61	31.57	-72.84	1.7281	0.2237
5.158333	-27.52	8.45	399.37	-115.06	28.97	-72.2	1.7179	0.2209
5.166733	-28.04	3.56	390.14	-108.93	27.84	-71.92	1.71	0.217
5.175033	-28.49	-1.7	379.16	-102.91	27.18	-71.3	1.7067	0.2109
5.183333	-29.89	-5.85	363.27	-98	25.98	-69.26	1.7034	0.2047
5.191733	-31.74	-8.19	344.05	-94.19	24.71	-65.78	1.6997	0.1971
5.200033	-32.03	-10.04	322.97	-89.82	22.62	-62.07	1.6955	0.1883
5.208333	-29.16	-11.85	304.04	-84.04	19.48	-58.66	1.6982	0.1792
5.216733	-23.09	-12.9	290.56	-76.86	17.12	-55.3	1.7113	0.1697
5.225033	-16.07	-12.47	280.31	-69.17	16.31	-51.22	1.7244	0.1601
5.233333	-9.89	-10.6	268.79	-61.69	16.1	-45.99	1.7168	0.1528
5.241733	-4.92	-7.72	254.67	-55.53	14.33	-40.9	1.7064	0.1457
5.250033	0.3	-4.65	242.36	-49.76	12.36	-37.01	1.6972	0.1397
5.258333	5.34	-2.16	232.64	-43.71	10.59	-34.33	1.6893	0.135
5.266733	8.65	0.62	226.32	-38.4	9.89	-31.86	1.6813	0.1302
5.275033	10.21	3.94	224.35	-34.26	10.47	-29.45	1.6869	0.1283
5.283333	10.89	7.64	228.08	-32.51	11.22	-27.32	1.693	0.1266
5.291733	10.66	10.94	233.95	-33.16	10.16	-25.73	1.6972	0.1244
5.300033	8.91	13.55	236.68	-35.21	7.02	-24.32	1.7003	0.122
5.308333	6.77	15.28	238.96	-36.53	4.87	-22.41	1.7034	0.1199
5.316733	4.48	16.11	241.47	-37.22	3.87	-20.2	1.7059	0.119
5.325033	2.94	16.72	245	-38.53	3.81	-18.44	1.7084	0.1182
5.333333	2.33	17.47	249.19	-40.76	4.49	-17.11	1.6978	0.1177
5.341733	1.88	18.4	252.77	-43.09	5.22	-15.95	1.6832	0.1173
5.350033	0.66	19	251.06	-44.22	5.25	-14.97	1.6724	0.117
5.358333	-1.21	18.52	244.25	-44.06	4.69	-14.34	1.6742	0.117
5.366733	-2.91	16.3	237.83	-43.44	3.91	-14.64	1.6759	0.117
5.375033	-4.25	12.47	233.55	-42.64	3	-15.96	1.6676	0.1162
5.383333	-5.27	7.93	232.73	-40.48	2.21	-17.04	1.6589	0.1154
5.391733	-6.45	2.73	233.81	-36.37	1.37	-17.13	1.6536	0.1146
5.400033	-7.66	-2.85	234.78	-31.27	0.44	-16.67	1.6528	0.1138
5.408333	-8.15	-8.71	234.18	-26.67	-0.03	-16.34	1.6526	0.113
5.416733	-7.71	-14.7	232.97	-22.74	-0.07	-16.16	1.6669	0.1126
5.425033	-6.14	-19.79	232.64	-19.89	0.16	-15.98	1.6811	0.1122
5.433333	-3.62	-23.02	232.96	-18.26	0.53	-15.59	1.6846	0.1115
5.441733	-1.57	-24.69	232.39	-16.5	1.25	-14.97	1.6781	0.1106
5.450033	-0.38	-25.7	228.82	-15.35	2.07	-15.13	1.6704	0.1096
5.458333	0.28	-26.03	222.73	-14.96	2.72	-16.11	1.6605	0.1084
5.466733	0.69	-25.9	216.76	-14.58	2.85	-17.55	1.6506	0.1072
5.475033	0.72	-25.56	212.75	-13.33	2.49	-19.04	1.6514	0.1063
5.483333	-0.53	-25.48	211.38	-12.36	1.34	-20.18	1.6544	0.1055
5.491733	-3.46	-25.96	211.14	-11.51	-0.57	-20.91	1.6619	0.1043
5.500033	-7.27	-26.46	210.2	-10.12	-2.1	-21.38	1.6754	0.1027
5.508333	-9.83	-26.19	208.33	-8.98	-2.47	-21.79	1.6889	0.1011
5.516733	-10.87	-25.12	205.83	-8.34	-1.7	-22.14	1.68	0.1006
5.525033	-12.29	-25.46	203.72	-9.67	-2.78	-22.47	1.6692	0.1002
5.533333	-14.49	-27.26	201.35	-12.76	-5.33	-22.72	1.6702	0.0998
5.541733	-16.46	-28.48	199.95	-15.2	-6.94	-22.68	1.6821	0.0994
5.550033	-17.33	-28.43	198.11	-15.23	-6.81	-22.71	1.694	0.099
5.558333	-16.95	-27.15	195.76	-12.87	-4.96	-22.82	1.6852	0.0976
5.566733	-15.35	-25.89	195.49	-10.3	-3.1	-22.46	1.6764	0.0962
5.575033	-13.25	-25.16	198.99	-8.15	-2.26	-21.48	1.6671	0.0954
5.583333	-11.79	-24.12	201.86	-6.94	-2.89	-20.81	1.6577	0.0947
5.591733	-9.53	-20.48	202.23	-5.11	-1.75	-20.45	1.6504	0.094
5.600033	-6.42	-15.03	200.77	-2.24	1.33	-20.06	1.6675	0.0935
5.608333	-3.47	-11	197.31	-0.11	4.22	-19.36	1.6846	0.093
5.616733	-0.84	-8.75	191.62	0.84	6.45	-18.38	1.6871	0.0926
5.625033	2.67	-5.47	190.54	-0.27	8.7	-17.26	1.6883	0.0922
5.633333	6.29	-0.46	193.31	-1.89	11.56	-16.4	1.689	0.0915
5.641733	8.79	5.12	195.39	-3.73	14.3	-16.08	1.689	0.0902
5.650033	10.01	9.16	196.26	-4.96	16.59	-15.67	1.689	0.089
5.658333	10.04	11.59	196.3	-5.51	18.49	-15.11	1.6743	0.0886
5.666733	10.39	12.98	201.29	-4.54	19.72	-13.98	1.6596	0.0882
5.675033	11.09	14.51	210.49	-2.64	20.01	-12.76	1.6518	0.0876
5.683333	12.3	17.2	222.13	-1.16	19.98	-11.64	1.6514	0.0868
5.691733	12.73	18.55	228.85	0.57	19.15	-10.58	1.651	0.086
5.700033	12.67	18.57	230.28	2.11	17.32	-9.66	1.6594	0.0851
5.708333	14	18.49	229.98	2.06	14.7	-8.82	1.6682	0.0842
5.716733	18.04	19.57	232.87	0.1	12.06	-7.76	1.6783	0.0837
5.725033	22.08	20.07	234.82	-1.34	10.12	-6.85	1.6886	0.0833
5.733333	24.22	19.97	228.79	-3.21	9.07	-6.86	1.6913	0.0826
5.741733	24.97	20.12	217.3	-6.5	8.46	-7.85	1.6747	0.0814
5.750033	25.26	21	207.12	-11.57	6.9	-9.6	1.658	0.0801
5.758333	25.04	22.33	198.67	-18.07	4.24	-12.09	1.655	0.0793
5.766733	23.56	23.14	189.54	-26	1.81	-15.05	1.6538	0.0785
5.775033	20.12	23.31	180.57	-34.27	0.17	-18.29	1.6562	0.0777
5.783333	14.95	22.37	170.05	-40.6	-0.72	-21.28	1.6649	0.0769
5.791733	11.05	21.45	159.87	-44.5	-1.66	-22.98	1.6737	0.076
5.800033	8.61	21.14	151.47	-47.45	-2.82	-23.65	1.6812	0.0752
5.808333	6.58	21.58	144.26	-51.47	-3.95	-24.07	1.6888	0.0744
5.816733	3.89	21.26	133.24	-54.84	-4.26	-24.24	1.6877	0.0738
5.825033	1.62	19.62	122.17	-55.77	-4.54	-23.99	1.6757	0.0733
5.833333	0.61	17.44	115.04	-53.27	-6.14	-23.42	1.6671	0.0727
5.841733	0.56	15.22	110.68	-48.07	-8.57	-22.5	1.6675	0.0715
5.850033	0.67	14.24	108.56	-43.81	-10.83	-21.66	1.6679	0.0703
5.858333	0.66	15.11	110.88	-43.4	-12.85	-21.58	1.6689	0.07
5.866733	1.23	16.94	118.35	-43.91	-14.42	-21.35	1.6702	0.07
5.875033	2.95	18.69	129.06	-42.06	-15.29	-20.06	1.6709	0.07
5.883333	5.37	20.37	142.07	-39.23	-15.71	-18.37	1.6705	0.07
5.891733	6.9	22.59	152.41	-38.99	-15.21	-17.21	1.6701	0.07
5.900033	7.19	25.53	158.91	-41.91	-13.55	-16.65	1.6686	0.07
5.908333	7.22	28.61	162.81	-45.7	-10.9	-16.1	1.6669	0.07
5.916733	7.61	31.03	166.38	-48.85	-8.21	-15.59	1.6744	0.07
5.925033	8.38	32.45	170.13	-50.82	-6	-15.16	1.6934	0.07
5.933333	9.04	33.05	172.95	-52.84	-4.96	-15.46	1.7125	0.07
5.941733	9.49	32.94	174.53	-55.25	-5.12	-16.59	1.7056	0.07
5.950033	8.11	30.48	174.18	-57.05	-6.54	-17.75	1.6964	0.07
5.958333	5.46	25.64	173.12	-56.48	-8.94	-18.15	1.687	0.07
5.966733	3.45	20.54	169.07	-55.6	-11.24	-18.65	1.6775	0.07
5.975033	1.77	15.69	161.64	-56.38	-13.61	-20.05	1.668	0.07
5.983333	0.59	11.08	152.41	-57.68	-15.84	-21.77	1.6671	0.0695
5.991733	0.34	6.96	144.25	-57.45	-16.92	-22.42	1.6661	0.0691
6.000033	0.98	3.63	136.68	-56.2	-16.33	-21.95	1.675	0.069
6.008333	0.36	1.67	126.87	-56.28	-15.28	-21.52	1.6857	0.069
6.016733	0.33	2.74	116.2	-57.5	-13.55	-21.38	1.6893	0.069
6.025033	1.79	6.39	106.18	-59.02	-10.73	-21.08	1.6776	0.069
6.033333	4.16	9.83	101.36	-57.46	-7.26	-19.05	1.6659	0.069
6.041733	6.83	12.7	101.98	-52.73	-3.54	-15.34	1.6741	0.0683
6.050033	7.58	15.26	105.07	-48.35	-1.24	-12.11	1.684	0.0675
6.058333	5.99	17.6	107.26	-46.94	-0.84	-10.7	1.6879	0.0668
6.066733	3.38	18.26	107.2	-47.09	-2.4	-10.76	1.6826	0.0664
6.075033	2.81	15.71	106.81	-45.5	-4.78	-10.9	1.6774	0.066
6.083333	4.07	10.29	106.82	-42.37	-7.74	-11.08	1.6722	0.0656
6.091733	4.71	4.06	107.5	-40.18	-11.19	-12.04	1.6671	0.0652
6.100033	3.39	-2.32	106.59	-40.2	-15.75	-14.47	1.6665	0.065
6.108333	1.07	-7.82	105.35	-41.89	-21.09	-17.66	1.669	0.065
6.116733	0.09	-12.19	105.66	-42.88	-25.7	-19.85	1.674	0.0649
6.125033	0.42	-15.9	106.94	-42.92	-29.6	-21.05	1.6891	0.0645
6.133333	0.69	-18.74	108.97	-42.78	-32.77	-21.68	1.7042	0.0641
6.141733	0.02	-19.73	112.68	-43.41	-35.18	-21.98	1.6979	0.0637
6.150033	-1.13	-16.26	121.26	-44.2	-35.63	-21.21	1.6817	0.0633
6.158333	-1.18	-8.98	134.06	-43.46	-34.21	-18.89	1.6729	0.063
6.166733	-0.75	-1.01	147.28	-41.19	-31.51	-15.84	1.6832	0.063
6.175033	-1.22	3.24	155.73	-37.61	-28.33	-13.48	1.6935	0.063
6.183333	-2.93	3.28	158.9	-32.83	-24.73	-12.03	1.6863	0.063
6.191733	-4.31	2.71	161.67	-27.09	-20.97	-10.26	1.6736	0.063
6.200033	-5.26	2.87	165.77	-21.04	-17.02	-8.06	1.667	0.063
6.208333	-5.68	3.76	169.98	-15.4	-12.62	-5.72	1.667	0.063
6.216733	-5.59	2.35	169.68	-10.95	-8.87	-4.1	1.667	0.063
6.225033	-5.03	-2.37	163.77	-7.69	-6.22	-3.41	1.667	0.0626
6.233333	-3.88	-8.28	157.53	-3.94	-4.39	-2.31	1.667	0.0622
6.241733	-1.48	-12.03	155.09	0.29	-2.72	0.09	1.671	0.062
6.250033	2.66	-12.17	155.9	3.7	-1.16	3.12	1.6781	0.062
6.258333	7.06	-11.65	155.62	6.12	0.58	5.46	1.6852	0.062
6.266733	11.15	-10.79	154.29	7.03	2.38	6.82	1.6908	0.0615
6.275033	13.96	-9.95	153.55	6.22	3.71	7.04	1.6963	0.0611
6.283333	15.42	-9.12	154.36	4.27	4.37	6.34	1.6928	0.061
6.291733	16.05	-8.65	157.11	3.51	4.86	5.89	1.688	0.061
6.300033	16.39	-7.56	160.34	2.33	5.53	5.23	1.6889	0.0608
6.308333	15.74	-5.84	162.56	0.08	6.01	3.95	1.6997	0.0604
6.316733	12.68	-4.89	162.45	-2.79	5.79	2.18	1.7106	0.06
6.325033	7.3	-4.91	160.19	-6.13	4.87	0.03	1.7129	0.0592
6.333333	2.99	-5.37	158.48	-9.81	3.78	-2.02	1.7149	0.0584
6.341733	0.63	-5.9	156.91	-12.91	2.77	-3.55	1.7112	0.0576
6.350033	-0.55	-6.75	154.94	-13.97	1.36	-4.06	1.7004	0.0568
6.358333	-1.79	-7.7	151.59	-14.08	-1.38	-4.26	1.6896	0.056
6.366733	-2.9	-8.42	147.61	-13.79	-5.21	-4.32	1.6805	0.0552
6.375033	-2.56	-7.84	146.86	-13.96	-9.03	-4.2	1.6714	0.0544
6.383333	0.14	-5.97	151.21	-13.73	-12.36	-3.36	1.6766	0.0533
6.391733	3.63	-4.47	153.84	-14.21	-15.4	-3.16	1.695	0.052
6.400033	4.72	-3.97	150.54	-15.21	-18.57	-4.1	1.708	0.0508
6.408333	3.8	-3.75	143.85	-16.57	-21.76	-5.53	1.7038	0.05
6.416733	2.44	-2.07	139.72	-19.38	-24.27	-6.61	1.6997	0.0491
6.425033	1.38	1.29	138.63	-24.98	-25.65	-7.79	1.7043	0.048
6.433333	0.31	2.75	136.46	-29.68	-26.56	-9.76	1.7107	0.0468
6.441733	-1.38	0.96	130.51	-31.68	-27.8	-12.2	1.7149	0.0457
6.450033	-3.22	-2.79	122.23	-31.99	-28.37	-14.69	1.7145	0.0449
6.458333	-3	-4.92	120.54	-30.99	-26.6	-15.22	1.714	0.0441
6.466733	-0.71	-5.39	126.06	-28.34	-23.13	-13.72	1.699	0.0436
6.475033	2.5	-5.84	134.24	-23.78	-20.16	-11.41	1.6828	0.0432
6.483333	5.8	-7.79	139.69	-17.65	-17.92	-9.65	1.6815	0.0428
6.491733	8.12	-11.12	141.77	-10.07	-15.87	-8.6	1.7028	0.0424
6.500033	9.12	-12.56	143.64	-4.3	-13.39	-7.53	1.7191	0.0418
6.508333	9.07	-11.76	145.78	-0.73	-10.43	-6.35	1.7195	0.041
6.516733	10.45	-9.42	148.88	0.3	-7.58	-5.3	1.7199	0.0402
6.525033	12.52	-7.47	150.76	0.27	-6.32	-5.04	1.7066	0.0395
6.533333	13.05	-6.44	149.15	-0.03	-7.1	-5.54	1.6881	0.0387
6.541733	12.21	-5.64	145.35	-0.81	-8.08	-6.24	1.6724	0.0379
6.550033	10.28	-5.38	140.47	-2.22	-8.89	-7.26	1.6899	0.0371
6.558333	8.82	-6.28	136.83	-4.43	-9.49	-8.65	1.7075	0.0362
6.566733	8.24	-8.38	134.65	-7.38	-10.08	-10.32	1.711	0.0357
6.575033	8.35	-8.92	132.24	-10.18	-10.24	-11.08	1.711	0.0352
6.583333	6.17	-8.12	127.25	-11.39	-10.26	-10.95	1.7067	0.0348
6.591733	2.43	-7.81	120.11	-11.8	-10.99	-10.85	1.696	0.0344
6.600033	-0.13	-7.84	113.9	-12.65	-11.64	-11	1.6853	0.034
6.608333	-0.88	-8.02	109.35	-14.14	-11.94	-11.38	1.6938	0.0336
6.616733	-1.4	-7.47	104.92	-15.64	-11.51	-11.4	1.7049	0.0331
6.625033	-2.17	-5.67	98.92	-16.87	-10.91	-10.88	1.6983	0.033
6.633333	-3.12	-3.25	93.26	-17.14	-10.11	-9.78	1.6849	0.033
6.641733	-4.28	-3.18	89.96	-17.05	-9.58	-9.35	1.6715	0.033
6.650033	-5.37	-5.42	89.78	-17.05	-9.53	-9.8	1.6834	0.0326
6.658333	-6.29	-7.08	93.71	-17.2	-9.49	-10.36	1.6964	0.0321
6.666733	-7.33	-7.45	101.59	-17.21	-9.14	-10.69	1.7028	0.032
6.675033	-9.05	-7.75	109.71	-15.69	-8.37	-10.19	1.7076	0.032
6.683333	-10.25	-8.71	118.01	-12.94	-7.92	-9.21	1.7053	0.032
6.691733	-10.67	-9.46	126.77	-10.07	-7.55	-8.11	1.6849	0.032
6.700033	-10.04	-7.85	134.56	-9.71	-6.81	-7.46	1.6644	0.032
6.708333	-8.38	-3.71	140.89	-12.05	-5.69	-7.27	1.6665	0.0323
6.716733	-6.3	0.56	145.64	-14.21	-4.11	-6.72	1.6717	0.0327
6.725033	-4.62	3.78	147.4	-15.2	-1.72	-5.62	1.6779	0.0332
6.733333	-3.36	6.26	145.1	-15.51	1.24	-4.27	1.6858	0.0336
6.741733	-2	9.6	141.07	-17.11	4.34	-3.68	1.6937	0.034
6.750033	-0.28	13.97	136.38	-20.13	7.71	-3.8	1.6769	0.0351
6.758333	2.1	18.52	132.17	-23.35	11.51	-4.07	1.659	0.0363
6.766733	4.76	21.68	127.94	-24.81	15.24	-3.91	1.6476	0.0374
6.775033	6.99	23.17	123.85	-24.53	18.14	-3.51	1.6443	0.0383
6.783333	8.89	24.87	119.5	-25.04	19.99	-3.67	1.6472	0.0392
6.791733	10.34	26.75	115.08	-26.04	20.89	-4.35	1.6659	0.04
6.800033	11.17	28.32	112.02	-26.29	21.22	-5.11	1.6845	0.0408
6.808333	11.42	29.19	111.67	-25.19	21.32	-5.54	1.6738	0.0426
6.816733	11.09	28.84	112.74	-24.62	20.41	-6.48	1.6538	0.0447
6.825033	9.72	27.19	113.68	-25.07	18	-8.35	1.6429	0.0476
6.833333	7.74	25.27	113.94	-25.96	14.82	-10.37	1.648	0.0519
6.841733	6.44	24.73	112.7	-26.5	12.61	-11.39	1.6532	0.0563
6.850033	5.99	25.51	110.14	-26.67	11.57	-11.39	1.6606	0.0622
6.858333	5.26	24.53	111.83	-26.19	10.28	-11.42	1.6686	0.0685
6.866733	4.46	21.98	117.4	-25.82	8.59	-11.61	1.6673	0.0749
6.875033	3.39	17.99	127.24	-27.14	5.87	-12.83	1.6544	0.0816
6.883333	1.75	13.15	142.3	-29.23	2.35	-14.82	1.6428	0.0884
6.891733	-0.31	8	162.5	-31.77	-1.5	-17.29	1.6632	0.0988
6.900033	-1.94	4.77	186.84	-35.57	-3.81	-19.75	1.6837	0.1093
6.908333	-3.71	2.11	216.01	-41.41	-5.54	-23.17	1.6953	0.1204
6.916733	-6.69	-1.74	246.53	-45.99	-8.27	-27.24	1.7021	0.1319
6.925033	-10.08	-4.32	271.38	-48.74	-11.32	-30.9	1.7065	0.1433
6.933333	-13.55	-5.65	290.51	-51.01	-14.51	-34.44	1.694	0.1541
6.941733	-15.55	-5.89	303.43	-56.65	-16.42	-38.15	1.6815	0.165
6.950033	-15.97	-5.09	310.15	-64.59	-16.67	-41.51	1.6857	0.1751
6.958333	-15.28	-2.47	316.1	-70.87	-15.19	-43.77	1.6964	0.1851
6.966733	-14.77	-1.3	322.82	-75.25	-14.58	-46.18	1.7075	0.1948
6.975033	-15.56	-2.67	327.02	-77.19	-15.18	-48.84	1.72	0.2036
6.983333	-17.54	-5.69	328.9	-79.47	-15.6	-52.14	1.7315	0.2123
6.991733	-20.29	-9.62	329.72	-83.38	-15.22	-56.16	1.7184	0.219
7.000033	-20.14	-11.14	334.85	-87.64	-12.72	-58.79	1.7053	0.2258
7.008333	-18.44	-10.2	344.42	-86.81	-8.85	-58.85	1.7029	0.2315
7.016733	-17.61	-8.97	355.07	-82.58	-4.79	-58.37	1.7105	0.2362
7.025033	-19.01	-10.07	359.5	-79.92	-1.73	-59.62	1.718	0.241
7.033333	-22.44	-13.39	358.22	-78.55	0.33	-62.39	1.7097	0.2439
7.041733	-24.77	-16.67	360.5	-75.83	1.9	-64.39	1.7013	0.2468
7.050033	-24.97	-18.91	369.38	-72.27	3.25	-65.48	1.7035	0.2487
7.058333	-23	-19.18	382.35	-69.67	4.39	-66.2	1.7126	0.2499
7.066733	-22.85	-20.36	392.87	-68.81	3.78	-68.6	1.7205	0.2509
7.075033	-24.91	-22.54	399.63	-69.89	1.52	-72.45	1.7147	0.2501
7.083333	-27.31	-23.75	403.77	-71.66	-1.08	-75.34	1.7089	0.2493
7.091733	-28.43	-22.58	407.4	-73.09	-3.28	-75.95	1.7186	0.2487
7.100033	-28.09	-20.03	411.6	-74.23	-5.9	-75.22	1.7357	0.2483
7.108333	-28.2	-17.56	410.94	-78.2	-9.4	-75.56	1.7427	0.2477
7.116733	-28.61	-15.3	407.06	-84.26	-13.16	-76.33	1.7343	0.2469
7.125033	-29.17	-14.31	404.26	-89.83	-16.51	-76.31	1.726	0.2462
7.133333	-29.92	-15.01	403.38	-93.85	-19.42	-75.15	1.7273	0.2453
7.141733	-30.75	-17.2	401.59	-93.97	-21.78	-71.96	1.7317	0.2445
7.150033	-31.09	-20.77	400.88	-89.92	-23.72	-67.11	1.7452	0.2434
7.158333	-30.24	-23.9	402.82	-84.94	-26.1	-62.21	1.7685	0.2421
7.166733	-28.03	-24.25	407.03	-81.84	-28.76	-57.76	1.7906	0.2409
7.175033	-24.79	-22.25	412.38	-80.15	-31.24	-53.44	1.7986	0.2397
7.183333	-21.94	-21.44	414.09	-77.64	-33.12	-49.48	1.8065	0.2385
7.191733	-19.65	-21.66	410.36	-75.09	-35.06	-46.62	1.8177	0.2373
7.200033	-17.24	-21.89	404.66	-72.01	-36.94	-44.13	1.8315	0.236
7.208333	-14.09	-21.65	402.84	-70.17	-38.92	-42.72	1.8426	0.2347
7.216733	-10.23	-20.43	404.44	-69.94	-40.74	-42.45	1.8402	0.2332
7.225033	-6.45	-18.45	406.3	-69.28	-40.7	-41.88	1.8379	0.2316
7.233333	-3.29	-17.12	407.2	-65.61	-38.14	-39.77	1.8413	0.2302
7.241733	-1.98	-17.49	402.49	-61.15	-32.85	-37.87	1.8479	0.2289
7.250033	-1.34	-15.96	395.1	-58.89	-25.85	-36.68	1.8587	0.2276
7.258333	-1.32	-12.89	387.66	-58.89	-18.75	-36.04	1.8824	0.2258
7.266733	-2.54	-9.58	379.14	-61.85	-12.93	-36.65	1.9061	0.2241
7.275033	-5.26	-6.62	367.87	-67.99	-8.35	-38.87	1.919	0.2224
7.283333	-7.4	-4.37	356.12	-72.81	-2.39	-40.9	1.9315	0.2207
7.291733	-8.86	-4.43	345.46	-75.09	4.08	-42.55	1.9434	0.2191
7.300033	-10.77	-6.67	333.32	-76.23	9.5	-44.52	1.955	0.2175
7.308333	-12.28	-9.29	323.5	-75.37	12.56	-45.53	1.9667	0.216
7.316733	-13.24	-12.31	316.78	-72.46	13.16	-45.49	1.9842	0.2147
7.325033	-13.01	-16.08	314.66	-67.53	12.28	-44.35	2.0017	0.2135
7.333333	-11.61	-20.32	315.06	-60.54	11.17	-42.23	2.0164	0.2115
7.341733	-9.48	-23.25	318.53	-52.11	11.38	-38.77	2.0295	0.2091
7.350033	-8.67	-24.94	323.32	-46.37	10.1	-35.74	2.0447	0.2066
7.358333	-9.33	-25.39	328.63	-43.22	7.17	-33.34	2.0757	0.2034
7.366733	-10.83	-24.72	333.77	-40.76	3.54	-31.71	2.1068	0.2001
7.375033	-12.5	-23.06	340.14	-38.3	0.1	-30.48	2.1188	0.1972
7.383333	-13.21	-21.2	346.11	-37.28	-2.78	-30.33	2.13	0.1943
7.391733	-13.67	-18.43	347.57	-37.64	-4.47	-31.45	2.1433	0.1911
7.400033	-14.07	-14.56	346.74	-37.73	-3.79	-32.41	2.1646	0.1864
7.408333	-14.26	-11.2	345.08	-35.61	-1.3	-32.26	2.186	0.1819
7.416733	-14.39	-8.47	341.83	-31.82	2.5	-31.41	2.2106	0.1795
7.425033	-15.62	-6.75	332.55	-30.69	4.82	-32.32	2.2352	0.1771
7.433333	-17.41	-6.01	320.5	-32.69	6.3	-34.18	2.2555	0.1738
7.441733	-18.11	-5.5	308.49	-35.34	7.49	-35.32	2.2717	0.1697
7.450033	-17.79	-3.85	299.46	-35.55	8.48	-34.03	2.2891	0.1656
7.458333	-16.58	-1.13	292.76	-33.43	9.62	-30.47	2.3149	0.1624
7.466733	-14.85	2.19	283.51	-31.07	11.12	-26.81	2.3407	0.1593
7.475033	-12.41	5.93	269.66	-29.99	11.9	-24.39	2.3603	0.1562
7.483333	-9.5	10.05	253.71	-30.08	11.75	-23.01	2.3757	0.1533
7.491733	-5.08	14.88	241.76	-27.39	13.38	-20.05	2.3919	0.1506
7.500033	-0.23	19.6	232.42	-23.03	15.94	-16.16	2.4113	0.1486
7.508333	2.34	22.75	221.61	-20.49	18.11	-13.53	2.4308	0.1466
7.516733	1.48	23.85	207.47	-21.37	19.5	-13.26	2.442	0.1447
7.525033	-0.08	24.28	195.78	-22.34	21.74	-13.22	2.4494	0.1429
7.533333	-1.8	24.3	189.18	-22.98	23.44	-12.7	2.4743	0.1416
7.541733	-4.34	22.65	185.09	-23.39	23.96	-12.31	2.5151	0.1408
7.550033	-7.74	18.54	180.02	-23.18	23.46	-12.3	2.556	0.14
7.558333	-11.55	12.25	173.55	-22.24	22.31	-12.59	2.5735	0.1413
7.566733	-12.16	7.32	171.85	-20.8	22.37	-12.51	2.591	0.1425
7.575033	-8.55	4.49	176.2	-17.81	24.39	-11.47	2.6099	0.1428
7.583333	-3.19	3.38	184.47	-15.73	26.78	-10.31	2.6297	0.1424
7.591733	0.2	2.49	190.53	-18.93	26.83	-11.37	2.6476	0.1422
7.600033	2.03	1.81	193.76	-26.11	25.09	-14.15	2.6421	0.1447
7.608333	5.21	2.63	193.45	-30.36	25.26	-15.43	2.6367	0.1472
7.616733	10.19	5.79	191.3	-31.59	27.74	-14.82	2.6504	0.148
7.625033	15.27	9.8	191.4	-34.34	29.01	-14.79	2.673	0.148
7.633333	17.91	11.92	188.96	-37.26	28.06	-15.37	2.695	0.1478
7.641733	17.91	12.53	184.96	-40.14	25.31	-16.15	2.7135	0.1464
7.650033	17.07	13.18	184.64	-39.94	23.71	-14.95	2.732	0.145
7.658333	16.55	14.06	189	-35.51	24.03	-11.38	2.7436	0.1436
7.666733	17.12	14.25	194.13	-28.38	24.67	-7.48	2.7552	0.1421
7.675033	16.59	13.72	203.1	-25.39	22.58	-5.93	2.774	0.1404
7.683333	15.24	12.65	214.82	-25.31	18.5	-5.79	2.8157	0.1377
7.691733	14.73	12.46	223.92	-22.54	16.47	-3.83	2.8573	0.1351
7.700033	15	13.13	230.38	-17.26	16.42	-0.14	2.8626	0.1342
7.708333	14.85	13.86	232.51	-13.88	16.02	3.01	2.8663	0.1334
7.716733	14.94	13.49	227.22	-13	13.92	4.28	2.878	0.1332
7.725033	16.73	12.31	216.85	-11.81	11.52	4.87	2.8959	0.1336
7.733333	19.22	11.3	206.27	-9.65	10.01	6.47	2.9126	0.134
7.741733	22.31	10.5	195.72	-6.54	9.4	9.09	2.9039	0.134
7.750033	25.29	9.75	186.79	-3.65	8.68	11.22	2.8951	0.134
7.758333	27.96	8.91	180.33	-1.96	7.27	12.14	2.9071	0.1353
7.766733	29.3	8.25	175.49	-3.3	4.67	11.52	2.9219	0.1367
7.775033	30.31	8.31	172.64	-4.22	2.59	11.06	2.9388	0.1384
7.783333	31.32	8.97	173.18	-4.79	1.18	10.66	2.9705	0.1413
7.791733	31.32	9.73	176.59	-7.9	-0.75	9.01	3.0021	0.1442
7.800033	30.06	10.55	182.3	-13.89	-3.43	5.96	3.0132	0.1472
7.808333	26.99	10.84	184.2	-21.19	-7.38	2.02	3.0163	0.1503
7.816733	22.55	10.58	181.8	-29.82	-12.36	-2.27	3.0215	0.1533
7.825033	17.09	9.78	176.77	-39.45	-17.7	-6.68	3.0294	0.1562
7.833333	11.96	8.21	171.5	-47.74	-22.21	-10.6	3.0366	0.159
7.841733	7.62	5.77	166.68	-53.93	-25.84	-13.81	3.0263	0.1598
7.850033	3.9	2.85	163.39	-57.85	-29.94	-15.62	3.016	0.1606
7.858333	0.37	-0.39	159.81	-59.44	-34.71	-15.9	3.0273	0.161
7.866733	-2.3	-3.05	155.26	-58.62	-38.88	-15.05	3.0585	0.161
7.875033	-3.04	-3.97	155.18	-56.87	-41.02	-13.73	3.0865	0.161
7.883333	-2.36	-4.04	159.56	-54.24	-41.76	-11.68	3.0904	0.161
7.891733	-1.22	-4.38	166.75	-51.11	-42.53	-8.79	3.0944	0.161
7.900033	0.1	-5	175.23	-47.81	-43.97	-5.26	3.0907	0.161
7.908333	1.93	-4.61	183.64	-45.84	-45.43	-1.94	3.0819	0.161
7.916733	4.15	-3.32	189.41	-45.41	-45.69	0.53	3.0753	0.161
7.925033	6.66	-1.34	192.78	-45.7	-44.68	2.21	3.0713	0.161
7.933333	8.74	0.27	194.92	-46.11	-43.59	3.54	3.0673	0.161
7.941733	9.96	0.92	196.44	-46.71	-43.25	4.76	3.062	0.1618
7.950033	9.55	0.12	198.55	-48.67	-43.87	4.45	3.0566	0.1626
7.958333	8.15	-1.01	201.24	-51.93	-44.68	2.26	3.0695	0.1636
7.966733	6.34	-1.19	202.63	-56.83	-45.23	-1.03	3.0992	0.1648
7.975033	4.13	-0.88	202.49	-62.1	-45.71	-4.13	3.129	0.166
7.983333	1.48	-0.2	201.27	-67.64	-46.13	-7.08	3.1002	0.1685
7.991733	-1.69	0.77	203.11	-74.56	-46.23	-11	3.0715	0.171
8.000033	-5.29	2.22	207.77	-83.62	-46.09	-15.94	3.0674	0.173
8.008333	-8.97	2.75	210.23	-91.06	-45.66	-20.04	3.0797	0.1745
8.016733	-11.43	3.61	208.89	-95.35	-44.1	-21.95	3.0926	0.1761
8.025033	-12.53	4.77	204.35	-96.68	-41.49	-21.82	3.113	0.177
8.033333	-12.1	4.83	201.84	-95.7	-38.61	-21.16	3.1334	0.1779
8.041733	-10.56	2.9	202.59	-92.19	-35.77	-20.48	3.1157	0.1783
8.050033	-8.3	0.49	204.22	-85.98	-32.24	-19.11	3.0947	0.1787
8.058333	-5.17	-2.11	202.35	-76.77	-28.36	-15.97	3.0797	0.1789
8.066733	-1.55	-5.01	198.79	-65.16	-24.96	-11.64	3.0963	0.1779
8.075033	1.78	-6.92	200.52	-55.57	-23.01	-8.6	3.113	0.177
8.083333	4.78	-7.72	207.36	-48.36	-22.4	-6.97	3.1074	0.1758
8.091733	7.25	-7.44	211.68	-43.91	-21.74	-6.23	3.1019	0.1746
8.100033	8.45	-5.95	210.15	-41.22	-20.67	-5.65	3.0974	0.1732
8.108333	8.75	-3.25	207.73	-39.63	-19.4	-5.21	3.0941	0.1715
8.116733	8.83	-0.84	210.32	-38.75	-18.8	-5.49	3.0908	0.1699
8.125033	8.67	1.25	217.11	-38.53	-18.96	-6.41	3.0884	0.1683
8.133333	8.39	2.84	221.96	-38.12	-19.36	-6.94	3.086	0.1667
8.141733	8.42	4.05	222.91	-36.85	-19.1	-6.47	3.0904	0.1662
8.150033	8.72	4.84	219.71	-36.16	-17.52	-5.5	3.1	0.1667
8.158333	9.35	5.24	218.89	-36.34	-15.52	-4.68	3.1104	0.1673
8.166733	10.74	5.43	223.64	-35.86	-13.41	-3.66	3.1255	0.1693
8.175033	13.02	5.61	232.5	-33.74	-11.36	-2.04	3.1406	0.1713
8.183333	15.91	5.8	241.58	-30.5	-9.2	0.16	3.1256	0.1735
8.191733	18.64	5.97	246.75	-27.78	-6.81	2.47	3.0936	0.1758
8.200033	21.33	6.39	251.37	-26.12	-3.81	4.33	3.0777	0.1774
8.208333	23.73	7.4	255.44	-25.44	-0.25	5.64	3.0792	0.1781
8.216733	25.58	9.5	259.78	-24.1	3.09	6.72	3.0808	0.1789
8.225033	26.91	12.7	264.89	-21.28	5.78	7.84	3.0789	0.1797
8.233333	27.51	14.72	268.53	-18.31	7.42	8.84	3.0764	0.1805
8.241733	26.95	15.16	267.31	-16.83	8.3	9.35	3.0834	0.181
8.250033	24.96	15.41	259.95	-18.25	7.65	9.1	3.1024	0.181
8.258333	22.24	15.98	251	-21.43	5.18	8.4	3.1215	0.181
8.266733	19.11	16.68	241.89	-25.59	1.26	7.38	3.1319	0.1814
8.275033	16.26	16.49	234.15	-29.23	-2.83	6.35	3.1417	0.1819
8.283333	13.97	14.97	227.81	-32.5	-7.04	5.46	3.1416	0.1814
8.291733	12.76	13.05	223.69	-35.69	-11.17	5.65	3.1384	0.1806
8.300033	12.43	13.01	220.94	-39.03	-14.45	6.92	3.1364	0.1798
8.308333	12.55	14.71	218.62	-43.06	-17.1	8.59	3.1381	0.179
8.316733	12.44	16.07	216.14	-47.48	-18.94	9.52	3.1397	0.1781
8.325033	12.21	16.66	213.91	-51.84	-19.72	9.81	3.12	0.1777
8.333333	12.23	17.41	213.49	-54.61	-19.33	10.58	3.0962	0.1773
8.341733	12.08	19.04	213.52	-57.19	-18.99	11.74	3.0856	0.177
8.350033	12.11	21.52	214.51	-59.51	-18.18	13.33	3.1031	0.177
8.358333	12.33	23.85	216.41	-61.17	-16.39	14.45	3.1206	0.177
8.366733	12.47	25.73	218.8	-62.3	-13.78	14.8	3.13	0.1774
8.375033	11.61	26.74	220.43	-63.93	-11.04	14.22	3.1388	0.1778
8.383333	10.67	27.56	223.18	-64.93	-7.58	14.11	3.144	0.1778
8.391733	10.37	28.47	228.24	-64.24	-3.4	14.34	3.144	0.1774
8.400033	10.67	28.91	234.35	-63.19	0.99	13.64	3.1438	0.177
8.408333	11.47	28.8	241.12	-62.01	5.42	11.98	3.1422	0.1774
8.416733	11.79	27.76	245.45	-61.51	8.13	10.16	3.1406	0.1778
8.425033	11.09	25.86	246.57	-61.8	8.36	8.13	3.1283	0.1778
8.433333	9.8	23.56	246.73	-61.81	7.15	5.94	3.1089	0.1774
8.441733	9.38	21.77	248.96	-59.58	5.91	4.37	3.0924	0.177
8.450033	10.1	20.61	251.83	-56.04	4.96	3.41	3.1099	0.1765
8.458333	11.68	19.95	251.99	-53.59	4.82	3.1	3.1274	0.1761
8.466733	13.62	19.59	248.66	-52.94	5.5	3.55	3.11	0.1757
8.475033	14.01	19.48	241.55	-52.61	5.71	4.36	3.0763	0.1753
8.483333	13.51	20.02	233.25	-51.86	6.74	4.69	3.055	0.1748
8.491733	12.49	20.53	225.73	-50.95	8.54	4.33	3.0525	0.1744
8.500033	11.15	19.97	219.15	-51.08	10.13	3.13	3.05	0.174
8.508333	9.38	18.24	212.28	-52.73	11.11	1.09	3.0587	0.1744
8.516733	7.11	15.96	202.94	-56.02	11.56	-1.99	3.0675	0.1748
8.525033	3.89	13	193.26	-59.59	10.96	-6.07	3.0728	0.1752
8.533333	-0.06	9.51	185.86	-62.31	9.04	-10.33	3.0745	0.1756
8.541733	-2.64	5.72	183.29	-64.73	7.02	-13.82	3.0744	0.176
8.550033	-3.86	1.68	185.15	-66.87	5.11	-16.66	3.0541	0.1764
8.558333	-4.2	-1.68	187.33	-68.66	4.54	-19.2	3.0339	0.1768
8.566733	-4.07	-3.62	187.7	-69.78	5.36	-21.22	3.0327	0.1772
8.575033	-2.99	-4.4	184.17	-69.8	6.31	-22.2	3.0465	0.1777
8.583333	-1.09	-4.77	180.03	-67.65	6.81	-21.84	3.0518	0.1779
8.591733	1.16	-4.53	177.25	-63.86	7.28	-20.41	3.0132	0.1775
8.600033	3.03	-3.64	175.37	-60.13	8.44	-19.02	2.9746	0.1771
8.608333	4.37	-2.22	172.36	-57.35	10.48	-18.31	2.977	0.1766
8.616733	5.59	0.72	167.81	-56.9	12.43	-18.23	2.9849	0.1762
8.625033	6.81	4.95	163.81	-58.66	13.08	-18.24	2.9774	0.1758
8.633333	8.02	9.76	160.25	-62.12	12.45	-18.3	2.9532	0.1754
8.641733	8.69	14.76	159.44	-67.22	11.79	-18.91	2.929	0.175
8.650033	8.75	19.92	161.68	-73.96	11.29	-20.13	2.9408	0.175
8.658333	7.99	23.92	164.24	-80.8	11.01	-21.56	2.9541	0.175
8.666733	6.93	26.53	164.97	-87.17	10.48	-22.91	2.944	0.1752
8.675033	6.5	29.11	164.98	-92.55	9.69	-23.83	2.9154	0.1756
8.683333	6.44	30.79	165.23	-95.44	9.4	-24.21	2.8879	0.176
8.691733	6.64	31.32	165.76	-95.65	9.55	-24.16	2.8841	0.177
8.700033	6.5	29.65	166.78	-92.87	9.67	-24.4	2.8804	0.1779
8.708333	6.02	26.36	168.39	-87.5	9.74	-24.94	2.865	0.178
8.716733	5.24	22.5	170.22	-81.13	10.51	-25.84	2.848	0.178
8.725033	4.82	19.4	172.96	-75.08	11.64	-27.22	2.8342	0.178
8.733333	4.69	16.68	177.32	-69.14	12.71	-29.02	2.8438	0.178
8.741733	3.78	12.22	183.71	-63.36	12.82	-31.4	2.8535	0.178
8.750033	1.92	5.9	191.5	-57.91	11.97	-34.33	2.8553	0.1777
8.758333	-1.06	-1.69	198.11	-53.45	10.2	-37.26	2.8557	0.1773
8.766733	-4.55	-8.83	203.47	-50.82	8	-39.48	2.8486	0.1767
8.775033	-8.59	-14.97	208.22	-49.71	6.04	-41.04	2.8254	0.1758
8.783333	-13.26	-20.35	213.71	-48.06	4.53	-41.98	2.8037	0.1749
8.791733	-18.24	-25.21	219.23	-46.29	3.12	-42.41	2.7892	0.1742
8.800033	-22.38	-29.4	221.5	-46.94	1.58	-42.77	2.7747	0.1734
8.808333	-25.56	-32.13	219.01	-50.45	0.82	-43.25	2.7673	0.1734
8.816733	-28.14	-31.98	217.24	-55.7	1.34	-43.7	2.7705	0.1743
8.825033	-30.06	-28.71	220.7	-61.72	3.34	-44.5	2.7663	0.1751
8.833333	-30.96	-22.65	227.71	-67.95	6.55	-45.42	2.7386	0.1755
8.841733	-30.08	-15	234.07	-73.49	9.68	-45.85	2.7108	0.1759
8.850033	-27.32	-6.54	238.78	-78.82	11.74	-45.73	2.6991	0.176
8.858333	-23.65	1.39	243.27	-83.82	12.85	-45.42	2.6937	0.176
8.866733	-20.3	8.66	250.23	-86.33	13.67	-44.66	2.6872	0.1763
8.875033	-17.69	15.63	260.46	-86.92	14.71	-43.61	2.6785	0.177
8.883333	-15.99	21.36	270.17	-87.45	16.21	-42.73	2.6697	0.1778
8.891733	-15.05	25.26	277.39	-88.34	17.99	-42.09	2.6573	0.1793
8.900033	-12.49	25.9	279.89	-85.34	20.93	-40.31	2.644	0.181
8.908333	-8.68	23.72	280.7	-79.04	25.73	-37.68	2.632	0.1823
8.916733	-4.88	20.45	283.96	-71.96	31.52	-35.34	2.6221	0.1831
8.925033	-0.95	18.16	290.69	-64.51	38.05	-33.24	2.6122	0.1839
8.933333	3.05	16.75	299.38	-56.62	45.16	-31.44	2.6257	0.1832
8.941733	6.63	14.08	303.87	-48.14	51.66	-30.52	2.6423	0.1823
8.950033	10.41	9.58	302.93	-38.24	56.78	-30.22	2.6313	0.1811
8.958333	14.39	4.15	299.72	-26.97	60.46	-29.37	2.6095	0.18
8.966733	15.87	-0.25	298.95	-19.13	62.09	-29.31	2.5922	0.1788
8.975033	14.59	-3.23	299.96	-15.75	61.77	-30.53	2.5935	0.1775
8.983333	12.14	-6.22	295.51	-15.17	60.86	-32.58	2.5948	0.1762
8.991733	9	-9.88	284	-16.4	59.69	-35.01	2.5734	0.175
9.000033	5.34	-14.33	271.3	-17.81	57.65	-37.29	2.5464	0.1739
9.008333	2.06	-17.87	263.38	-18.77	55.34	-38.64	2.5311	0.1726
9.016733	-0.33	-19.93	260.9	-19.48	53.44	-38.85	2.5457	0.1714
9.025033	-0.92	-20.37	261.87	-20.22	53.25	-38.73	2.5603	0.1701
9.033333	0.12	-19.56	265.12	-20.96	54.64	-38.67	2.5397	0.169
9.041733	0.54	-19.36	267.79	-21.38	55.66	-39.35	2.5143	0.1678
9.050033	0.02	-20.1	272.93	-20.57	55.79	-40.1	2.4988	0.1667
9.058333	-0.92	-21.03	281.3	-19.13	55.1	-40.72	2.501	0.1658
9.066733	-1.57	-20.63	289.35	-19.33	54.4	-41.35	2.501	0.165
9.075033	-1.92	-18.83	296.65	-21.38	53.91	-42.01	2.476	0.165
9.083333	-2.56	-16.16	303.63	-25	53.51	-42.84	2.451	0.165
9.091733	-4.39	-13.65	309.13	-29.85	51.95	-44.23	2.4439	0.165
9.100033	-7.46	-12	312.54	-35.87	48.74	-46.62	2.4597	0.165
9.108333	-9.68	-9.76	317.62	-43.03	45.42	-49.22	2.4717	0.165
9.116733	-10.96	-6.82	324.73	-51.02	42.23	-51.83	2.4633	0.165
9.125033	-11.54	-3.59	334.19	-58.28	39.84	-54	2.455	0.165
9.133333	-12.06	-1.02	345.05	-64.07	38.21	-55.98	2.4427	0.165
9.141733	-12.45	1.98	353.7	-67.55	38.03	-56.88	2.4293	0.165
9.150033	-12.62	5.6	358.45	-68.68	38.9	-56.61	2.4124	0.1655
9.158333	-12.63	9.63	360.29	-68.05	40.61	-55.48	2.3849	0.1676
9.166733	-12.3	14.48	362.28	-67.02	43.41	-53.64	2.3574	0.1697
9.175033	-11.62	20.33	364.66	-65.61	47.44	-50.96	2.348	0.1723
9.183333	-11.36	24.92	365.22	-64.05	51.17	-48.72	2.342	0.1751
9.191733	-11.82	27.88	362.88	-63.32	53.88	-47.56	2.3321	0.1776
9.200033	-12.58	30.39	358.54	-63.57	56.01	-47.11	2.3137	0.1793
9.208333	-13.36	32.43	356.42	-65.8	57.14	-47.9	2.2963	0.1811
9.216733	-14.29	33.39	357.19	-69.88	57.09	-50.02	2.303	0.1827
9.225033	-16.16	30.47	360.14	-73.11	55.94	-52.57	2.3098	0.1842
9.233333	-18.93	24.13	363.16	-74.21	54.1	-54.89	2.2991	0.1861
9.241733	-22.08	16.36	364.38	-74.65	52.43	-57.18	2.2725	0.1882
9.250033	-24.84	9.69	365.28	-74.79	52.38	-58.43	2.2493	0.1903
9.258333	-26.87	4.84	366.09	-74.93	53.57	-58.48	2.2519	0.1925
9.266733	-28.13	1.53	366.22	-75.29	55.11	-57.54	2.2546	0.1946
9.275033	-28.99	-1.29	364.84	-75.73	56.58	-55.95	2.2389	0.1964
9.283333	-30.09	-4.63	364.75	-76.6	57.55	-54.98	2.2197	0.1981
9.291733	-30.66	-5.6	365.93	-80.02	58.11	-55.31	2.2093	0.1997
9.300033	-30.55	-4.52	367.09	-85.25	58.26	-56.58	2.2101	0.2013
9.308333	-30.1	-3.59	369.01	-90.11	57.19	-58.18	2.2109	0.2029
9.316733	-29.38	-3.15	372.06	-94.34	54.74	-60.06	2.1895	0.2042
9.325033	-28.04	-2.58	375.85	-98.34	52.39	-61.75	2.1662	0.2054
9.333333	-26.52	-2.79	380.09	-101.72	50.63	-63.43	2.1513	0.2062
9.341733	-25.24	-4.41	385.06	-103.48	48.57	-65.4	2.1441	0.2066
9.350033	-23.54	-6.19	387.99	-103.32	46.51	-66.52	2.137	0.207
9.358333	-21.3	-7.82	388.67	-101.32	44.67	-66.63	2.1518	0.2075
9.366733	-18.18	-6.97	388.88	-99.21	45.04	-65.2	2.1666	0.2079
9.375033	-14.33	-3.37	389.8	-97.66	47.63	-62.59	2.1574	0.2086
9.383333	-11.12	0.54	389.96	-96.46	50.62	-59.35	2.1437	0.2093
9.391733	-9.39	3.22	389.39	-94.88	52.75	-56.14	2.129	0.2101
9.400033	-8.51	4.81	389.82	-91.98	54.32	-53.13	2.1035	0.212
9.408333	-7.14	6.21	393.61	-87.38	56.63	-50.3	2.078	0.2139
9.416733	-5.2	7.55	400.69	-81.29	59.85	-47.6	2.088	0.2147
9.425033	-4.32	8.28	406.27	-77.08	62.77	-45.53	2.1011	0.2155
9.433333	-5	6.39	409.85	-73.75	63.4	-44.95	2.103	0.2165
9.441733	-6.57	2.24	412.89	-70.96	61.59	-45.36	2.088	0.2177
9.450033	-6.91	-1.35	418.46	-68.58	59.02	-45.63	2.073	0.219
9.458333	-5.93	-4.05	426.31	-66.76	55.98	-45.8	2.0607	0.219
9.466733	-4.83	-4.68	430.53	-68.07	53.46	-46.73	2.0484	0.219
9.475033	-4.53	-3.48	428.48	-73.9	51.03	-48.14	2.0412	0.219
9.483333	-5.21	-2.33	420.1	-80.56	49.38	-49.09	2.0395	0.219
9.491733	-5.4	-2.35	410.09	-81.71	50.11	-48.41	2.038	0.2189
9.500033	-4.66	-2.51	401.22	-79.46	51.9	-46.45	2.0384	0.2177
9.508333	-3.04	-1.61	396.16	-77.36	52.91	-44.22	2.0388	0.2165
9.516733	-1.27	-0.02	393.36	-75.77	53.28	-42.29	2.038	0.2152
9.525033	-0.34	1.79	386.52	-72.38	55.22	-40.25	2.0361	0.2138
9.533333	0.15	2.45	378.9	-65.24	57.76	-37.04	2.0325	0.213
9.541733	0.38	1.5	372.17	-56.18	60.02	-33.49	2.0261	0.213
9.550033	0.69	0.38	368.18	-50.86	60.37	-31.43	2.0198	0.213
9.558333	1.22	0.55	367	-52.17	58.26	-31.62	1.9992	0.213
9.566733	2.41	3.03	370.01	-55.37	56.67	-31.57	1.9767	0.213
9.575033	3.64	6.35	373.26	-57.18	57.63	-30.67	1.9591	0.2128
9.583333	4.82	9.56	374.56	-57.29	60.57	-29.29	1.9468	0.2124
9.591733	6.96	12.26	378.87	-57.66	62.72	-28.04	1.9345	0.212
9.600033	10.09	14.45	386.91	-58.55	63.74	-26.95	1.9392	0.212
9.608333	11.82	15.35	393.02	-57.09	64.31	-25.29	1.9446	0.212
9.616733	11.97	15.43	395.41	-51.32	65.36	-22.13	1.9459	0.2116
9.625033	12.45	17.38	398.06	-44.18	66.99	-17.35	1.9439	0.2108
9.633333	12.64	19.54	397.35	-38.68	67.58	-13.07	1.942	0.21
9.641733	12.15	20.45	392.13	-34.13	66.74	-9.93	1.9415	0.2095
9.650033	10.43	18.63	382.8	-29.43	64.47	-8.52	1.9411	0.2091
9.658333	7.55	14.82	371.09	-24.81	61.22	-8.55	1.9358	0.208
9.666733	3.79	10.87	359.01	-21.15	58.23	-9.19	1.9298	0.2068
9.675033	1.41	8.06	350.66	-19.52	55.72	-10.31	1.9182	0.2058
9.683333	0.61	6.68	346.57	-20.04	53.65	-11.9	1.8965	0.2054
9.691733	-0.22	4.39	343.41	-19.96	51.84	-14.04	1.8749	0.205
9.700033	-1.35	0.77	340.6	-18.86	50.27	-16.75	1.882	0.2046
9.708333	-3.03	-3.59	337.66	-17.5	48.94	-19.74	1.8903	0.2042
9.716733	-4.61	-6.25	336.38	-17.29	48.44	-22.01	1.8948	0.204
9.725033	-5.89	-6.35	337.59	-18.7	48.83	-23.37	1.8944	0.204
9.733333	-6.85	-4.88	340.25	-21.35	48.97	-24.44	1.8938	0.204
9.741733	-7.5	-1.93	344.29	-25.2	48.8	-25.26	1.889	0.204
9.750033	-7.19	0.66	348.95	-27.85	49.16	-25.21	1.8843	0.204
9.758333	-6.2	2.53	353.56	-29.11	50.11	-24.33	1.8773	0.204
9.766733	-5.14	4.42	357.73	-29.93	51.08	-23.04	1.8681	0.204
9.775033	-3.84	7.57	362.56	-30.96	51.96	-21.4	1.859	0.204
9.783333	-2.81	11.18	368.27	-32.8	52.58	-19.86	1.8457	0.2048
9.791733	-3.37	12.65	374.43	-36.25	52.46	-19.6	1.8323	0.2057
9.800033	-5.71	11.18	380.23	-40.87	51.54	-20.81	1.8388	0.2065
9.808333	-8.35	9.56	382.92	-45.64	49.62	-22.54	1.8586	0.2074
9.816733	-12.05	9.62	382.48	-52.77	45.91	-25.35	1.8641	0.2079
9.825033	-17.37	9.71	382.03	-62.26	40.29	-29.74	1.8396	0.2075
9.833333	-24.22	7.62	384.93	-73.23	33.22	-35.71	1.815	0.207
9.841733	-31.99	3.02	391.01	-84.71	25.31	-42.89	1.828	0.2066
9.850033	-38.79	-2.22	396.55	-93.79	18.21	-50.14	1.8442	0.2062
9.858333	-43.53	-6.37	401.1	-99.19	12.33	-56.51	1.8444	0.2058
9.866733	-46.75	-8.35	402.56	-102.82	7.15	-61.63	1.8298	0.2054
9.875033	-50.26	-10.25	402.3	-106.98	2.5	-66.26	1.818	0.205
9.883333	-53.68	-12.6	401.23	-111.36	-1.42	-70.53	1.8263	0.2054
9.891733	-54.27	-14.96	398.98	-114.37	-3.84	-74.19	1.8347	0.2058
9.900033	-51.52	-15.81	392.65	-115.98	-4.64	-76.79	1.8317	0.2065
9.908333	-47.63	-14.78	381.18	-116.87	-4.08	-77.38	1.8213	0.2073
9.916733	-44.9	-12.66	367.35	-119.53	-3.68	-76.16	1.8115	0.2082
9.925033	-42.32	-9.71	354.02	-122.09	-3.08	-73.22	1.804	0.2094
9.933333	-38.43	-7.27	345.9	-120.9	-1.43	-68.99	1.7964	0.2106
9.941733	-32.88	-6.04	344.41	-114.69	1.6	-63.7	1.7842	0.2116
9.950033	-27.08	-5.22	344.58	-108.62	5.35	-58.6	1.7699	0.2126
9.958333	-23.15	-3.6	343.68	-104.28	9.17	-53.46	1.7671	0.2136
9.966733	-22.17	-2.65	343.09	-100.5	12.33	-48.56	1.7751	0.2148
9.975033	-22.85	-3.86	345.3	-96.14	14.44	-45.12	1.783	0.216
9.983333	-24.12	-7.32	351.04	-91.1	15.57	-43.61	1.7738	0.2164
9.991733	-25.74	-10.64	357.39	-87.94	15.73	-43.65	1.7647	0.2168
10.000033	-28.64	-13.6	361.74	-88.38	14.61	-45.17	1.7484	0.2172
10.008333	-32.93	-16.55	362.11	-92.82	12.21	-48.3	1.7273	0.2176
10.016733	-37.8	-20.19	361.84	-96.65	9.05	-51.79	1.7083	0.2179
10.025033	-43.08	-24.25	361.03	-99.83	5.14	-55.66	1.712	0.2162
10.033333	-46.81	-25.94	358.88	-103.33	1.17	-59.79	1.7158	0.2145
10.041733	-48.29	-24.29	354.46	-107.92	-2.38	-64.01	1.7138	0.2113
10.050033	-48.76	-21.07	351.79	-113.35	-4.54	-67.69	1.709	0.2073
10.058333	-49.47	-18.36	350.95	-118.93	-5.69	-71.1	1.7037	0.2031
10.066733	-50.15	-16.29	350.44	-123.85	-6.24	-74.07	1.6959	0.1976
10.075033	-49.74	-14.87	347.52	-125.08	-7.46	-75.91	1.688	0.192
10.083333	-48.13	-13.77	343	-122.71	-9.23	-76.54	1.6967	0.1855
10.091733	-44.61	-11.31	335.33	-119.93	-9.99	-75.68	1.7054	0.179
10.100033	-40.08	-8.82	323.93	-116.93	-9.74	-73.19	1.709	0.1721
10.108333	-35.54	-7.14	311.72	-112.19	-7.91	-68.8	1.6965	0.1642
10.116733	-30.7	-5.34	296.98	-104.72	-5.07	-62.94	1.6857	0.1564
10.125033	-25.5	-3.48	279.53	-95.15	-1.8	-56.04	1.6944	0.1493
10.133333	-20.02	-1.77	259.85	-87.66	-0.66	-50.55	1.7032	0.1421
10.141733	-15.2	0.19	242.68	-84.88	-0.39	-47.02	1.6981	0.136
10.150033	-10.86	2.64	229.87	-85.17	0.38	-44.71	1.6823	0.1305
10.158333	-7.73	3.87	223.83	-84.63	0.92	-43.41	1.6689	0.1254
10.166733	-6.16	3.78	222.9	-83.29	0.88	-42.89	1.6681	0.1214
10.175033	-6.19	2.83	218.85	-82.76	-1.51	-42.66	1.6673	0.1174
10.183333	-7.01	1.66	209.38	-84.23	-6.68	-42.95	1.6785	0.1141
10.191733	-7.9	0.45	201.3	-87.94	-13.01	-44.86	1.6964	0.1112
10.200033	-8.78	-0.45	198.16	-90.87	-17.09	-46.72	1.7075	0.1086
10.208333	-10.25	-1.37	196.38	-91.51	-19.36	-47.31	1.6972	0.107
10.216733	-13.06	-2.99	191.38	-90.05	-21.63	-46.42	1.6869	0.1054
10.225033	-17.26	-5.56	182.34	-87.3	-24.74	-44.55	1.6887	0.1037
10.233333	-21.24	-9.04	174.24	-84.36	-28.13	-43.51	1.6951	0.1018
10.241733	-23.9	-13.07	172.39	-81.14	-30.61	-44.05	1.6942	0.1001
10.250033	-25.09	-16.17	174.95	-78.65	-32.14	-46.12	1.6875	0.0985
10.258333	-25.44	-17.09	173.64	-76.93	-33.78	-48.14	1.6813	0.0969
10.266733	-25.24	-15.86	165.89	-75.64	-35.93	-49.5	1.6876	0.0953
10.275033	-24.5	-15	157.52	-73.15	-36.28	-48.89	1.694	0.0938
10.283333	-22.74	-14.25	151.34	-70.65	-34.5	-47.29	1.6962	0.0924
10.291733	-19.89	-13.18	147.74	-69.75	-32.62	-46.44	1.6946	0.0912
10.300033	-17.24	-11.6	143.48	-69.63	-31.24	-45.11	1.693	0.09
10.308333	-14.86	-9.5	138.52	-69.77	-30.05	-43.16	1.6694	0.0891
10.316733	-13.06	-8.29	134.54	-68	-28.45	-40.32	1.6458	0.0881
10.325033	-12.01	-9.3	133.23	-63.41	-26.48	-36.63	1.6423	0.087
10.333333	-11.66	-11.32	136.38	-57.28	-24.39	-31.8	1.6427	0.0858
10.341733	-11.41	-11.37	141.9	-52.88	-24.11	-28.36	1.6486	0.0847
10.350033	-11.37	-10.44	147.92	-50.33	-25.66	-26.99	1.6661	0.0839
10.358333	-11.84	-10.39	151.09	-48.19	-27.03	-26.94	1.6836	0.0831
10.366733	-12.84	-11.3	151.32	-46.16	-27.84	-27.87	1.6689	0.0826
10.375033	-13.26	-10.18	151.57	-44.24	-27.93	-27.39	1.6515	0.0822
10.383333	-12.93	-7.08	151.96	-43.58	-27.93	-25.82	1.642	0.0815
10.391733	-12.97	-3.56	150.62	-44.83	-28.66	-24.68	1.6445	0.0802
10.400033	-14.64	-2.51	143.77	-47.4	-30.75	-25.95	1.647	0.079
10.408333	-17.44	-3.88	132.16	-50.5	-33.7	-29.14	1.6613	0.0786
10.416733	-19.38	-6.09	121.31	-51.36	-35.59	-31.58	1.6756	0.0782
10.425033	-20.25	-7.67	114.04	-49.75	-36.37	-32.22	1.6786	0.0778
10.433333	-20.26	-6.76	110.43	-47.39	-36.62	-30.75	1.6694	0.0774
10.441733	-20.49	-5.91	107.59	-45.22	-36.92	-29.61	1.6607	0.0768
10.450033	-21.46	-6.3	105.3	-43.33	-37.45	-29.39	1.6545	0.076
10.458333	-23.33	-9.47	104.81	-41.25	-37.84	-29.99	1.6482	0.0752
10.466733	-24.89	-13.73	108.14	-38.26	-37.2	-29.77	1.6518	0.0753
10.475033	-23.58	-15.84	115.14	-34.24	-35.49	-27.21	1.6577	0.0757
10.483333	-20.89	-15.96	122.27	-31.72	-34.55	-24.04	1.6648	0.0761
10.491733	-17.88	-14.54	128.59	-31.58	-34.58	-21.31	1.6748	0.0765
10.500033	-16.21	-14.25	132.34	-33.64	-35.34	-21.28	1.6848	0.0769
10.508333	-15.86	-15.54	133.5	-37.48	-36.69	-24.02	1.6703	0.0773
10.516733	-15.29	-18.99	132.84	-38.59	-37.64	-26.12	1.6524	0.0777
10.525033	-13.15	-21.62	130.97	-36.59	-37.7	-26.01	1.6414	0.0783
10.533333	-9.13	-20.76	130.49	-33.69	-36.33	-24.24	1.6427	0.0791
10.541733	-6.13	-18.57	131.84	-31.69	-33.8	-23.09	1.644	0.08
10.550033	-4.88	-16.57	133.46	-30.62	-30.7	-23.01	1.6596	0.0804
10.558333	-5.21	-16.99	132.54	-29.39	-28.22	-23.46	1.6758	0.0809
10.566733	-5.24	-19.06	130.74	-26.43	-26.03	-22.52	1.6816	0.081
10.575033	-4.09	-20.08	131.23	-21.98	-23.27	-19.43	1.6824	0.081
10.583333	-2.51	-17.44	134.5	-20.53	-20.48	-16.77	1.6834	0.081
10.591733	-0.67	-12.05	140.29	-21.44	-17.69	-14.64	1.685	0.081
10.600033	0.88	-8.25	145.59	-21.08	-15.44	-12.43	1.6866	0.081
10.608333	2	-7.32	149.19	-18.39	-13.96	-9.87	1.6854	0.081
10.616733	3.45	-7.02	150.13	-14.81	-12.53	-7.44	1.6833	0.081
10.625033	6.18	-4.43	151.72	-10.81	-9.75	-4.72	1.6763	0.081
10.633333	9.7	-0.53	155.49	-6.34	-6.57	-1.89	1.6604	0.081
10.641733	12.51	0.73	160.21	-1.12	-5.07	0.06	1.6445	0.081
10.650033	14.35	-1.49	164.89	4.93	-5.51	0.91	1.6501	0.0803
10.658333	14.6	-5.53	162.94	9.03	-6.22	0.16	1.6596	0.0795
10.666733	13.43	-9.62	154.17	9.55	-7.04	-2.27	1.6617	0.079
10.675033	12.17	-12	145.69	7.56	-7.79	-4.78	1.6541	0.079
10.683333	10.83	-13.3	142.18	4.72	-8.61	-6.22	1.6466	0.079
10.691733	9.12	-14.53	142.69	1.66	-9.91	-6.8	1.6635	0.0786
10.700033	6.91	-17.19	141.32	-0.49	-11.95	-7.47	1.6824	0.0781
10.708333	4.81	-20.04	136.11	-1.79	-13.49	-8.02	1.6792	0.0774
10.716733	2.87	-21.52	128.07	-4.61	-13.55	-8.45	1.6688	0.0766
10.725033	1.84	-22.07	124.21	-7.47	-13.64	-8.32	1.6598	0.076
10.733333	1.89	-21.37	124.74	-9.98	-13.83	-7.76	1.6548	0.076
10.741733	1.88	-20.39	121.68	-12.74	-14.13	-8.78	1.6498	0.076
10.750033	1.42	-19.69	112.79	-16.08	-14.62	-11.87	1.65	0.0757
10.758333	1.59	-18.57	105.86	-19.63	-15.17	-15.45	1.6512	0.0753
10.766733	3.12	-14.57	105.82	-24.5	-14.59	-18.3	1.6561	0.0749
10.775033	5.09	-7.83	109.88	-30.81	-12.69	-20.66	1.6691	0.0744
10.783333	6.09	-0.11	112.83	-36.37	-10.16	-22.89	1.682	0.074
10.791733	6.38	7.6	115.12	-40.17	-7.62	-24.67	1.6724	0.0733
10.800033	6.77	12.74	119.14	-40.63	-6.47	-24.76	1.6609	0.0725
10.808333	7.02	14.53	125.75	-38.22	-6.86	-22.78	1.6586	0.072
10.816733	7.87	15.17	135.94	-35.47	-6.78	-20.41	1.6702	0.072
10.825033	8.67	15.57	143.73	-34.13	-5.18	-19.57	1.6782	0.0719
10.833333	8.84	15.72	146.7	-33.67	-2.5	-19.81	1.6751	0.0715
10.841733	8.2	15.66	143.67	-32.7	0.02	-19.7	1.6719	0.0711
10.850033	8.12	15.63	138.84	-31.05	2.11	-18.88	1.6746	0.071
10.858333	9.62	15.41	136.36	-29.64	3.69	-18.23	1.6796	0.071
10.866733	12.14	16.95	135.42	-30.32	5.95	-18.93	1.6835	0.0709
10.875033	15.18	20.24	135.6	-33.21	8.94	-20.78	1.6851	0.0705
10.883333	17.27	23.05	135.23	-35.91	10.7	-21.75	1.6867	0.0701
10.891733	18.14	24.54	133.94	-37.44	10.43	-21.17	1.6867	0.07
10.900033	19.22	25.36	130.45	-37.13	9.8	-19.71	1.6863	0.07
10.908333	21.73	25.69	128.31	-36.07	9.97	-18.56	1.6858	0.0698
10.916733	24.51	25.51	128.93	-35.12	10.13	-17.87	1.6854	0.0694
10.925033	25.82	25.72	128.06	-34.25	10.44	-17.14	1.685	0.069
10.933333	25.33	26.55	124.52	-33.37	11.05	-16.21	1.6732	0.069
10.941733	25.23	27.51	120.91	-33.09	11.44	-15.45	1.6598	0.069
10.950033	26.32	28.61	117.97	-33.27	11.54	-15.18	1.6523	0.0685
10.958333	26.52	29.78	115.2	-32.95	12.71	-15.1	1.6473	0.0678
10.966733	24.36	30.39	115.6	-33.14	14.11	-15.05	1.6422	0.067
10.975033	20.41	30.22	119.51	-34.53	15.04	-15.36	1.6611	0.067
10.983333	17.55	29	125.26	-37.68	14.92	-16.85	1.681	0.067
10.991733	16.2	26.74	132.31	-42.24	14.08	-19.45	1.6694	0.0664
11.000033	15.63	23.67	139.9	-46.9	12.87	-21.98	1.65	0.0656
11.008333	14.04	20.34	145.74	-50.79	11.78	-24.12	1.6361	0.065
11.016733	11.69	16.91	149.32	-53.01	10.93	-25.5	1.6365	0.065
11.025033	11.27	13.73	150.37	-53.01	9.16	-25.81	1.637	0.065
11.033333	13.3	10.82	149.02	-51.04	6.11	-25.11	1.6531	0.0647
11.041733	15.34	7.12	148.59	-48.95	2.42	-24.43	1.6713	0.0643
11.050033	15.58	2.89	149.5	-45.45	-0.51	-22.88	1.6759	0.0638
11.058333	14.35	-1.18	150.83	-40.58	-2.72	-20.41	1.6564	0.0634
11.066733	12.81	-4.45	152.24	-35.72	-4.63	-18.15	1.6368	0.063
11.075033	11.11	-6.87	153.22	-30.91	-6.15	-16.05	1.6349	0.063
11.083333	9.26	-8.18	151.06	-26.25	-6.62	-13.35	1.6337	0.063
11.091733	6.65	-8.64	146.51	-23.29	-6.22	-10.67	1.6357	0.063
11.100033	2.85	-8.92	143.23	-23.44	-6.09	-9.58	1.6418	0.063
11.108333	-0.53	-8.07	139.13	-24.76	-6.68	-9.17	1.6461	0.063
11.116733	-3.14	-6.07	133.96	-26.43	-7.82	-9.14	1.6402	0.063
11.125033	-4.4	-3.73	128.25	-26.15	-8.89	-8.75	1.6344	0.063
11.133333	-4.72	-1.94	123.14	-23.85	-9.83	-8.06	1.6333	0.0627
11.141733	-4.54	-0.61	119.07	-20.97	-10.52	-7.42	1.6337	0.0623
11.150033	-4.27	-0.14	119.18	-18.49	-11.67	-7.98	1.6352	0.062
11.158333	-3.86	-0.47	122.47	-16.85	-13.08	-9.44	1.6402	0.062
11.166733	-2.84	-0.89	124.04	-15.21	-13.39	-9.89	1.6452	0.062
11.175033	-1.02	-1.14	122.85	-13.08	-12.19	-8.86	1.6495	0.062
11.183333	1.98	0.09	121.37	-10.22	-8.94	-7.17	1.6537	0.062
11.191733	5.28	2.92	119.95	-8.89	-4.19	-5.63	1.6602	0.062
11.200033	8.73	6.43	119.8	-8.31	1.27	-3.99	1.6698	0.062
11.208333	12.6	9.62	122.16	-6.47	6.46	-1.87	1.6786	0.062
11.216733	16.77	12.41	126.57	-3.65	11.2	0.49	1.6679	0.0616
11.225033	19.73	14.49	130.3	-3.15	14.37	0.87	1.6571	0.0612
11.233333	21.46	15.81	134.6	-4.41	15.72	-1.09	1.6531	0.0608
11.241733	22.72	17.13	139.61	-4.65	16.73	-3.51	1.6552	0.0604
11.250033	23.17	17.54	143.06	-3.73	17.22	-5.09	1.6571	0.0599
11.258333	22.62	16.91	144.89	-2.31	16.86	-6.12	1.6575	0.0595
11.266733	20.86	15.96	143.83	-2.58	15.64	-7.46	1.6579	0.0591
11.275033	18.03	15.52	138.77	-5.26	14.3	-9.36	1.6595	0.0584
11.283333	14.67	15.01	131.74	-8.43	13.04	-11.5	1.6616	0.0576
11.291733	12.36	14.53	126.82	-7.97	12.81	-11.95	1.6597	0.0569
11.300033	11.13	14.56	123.57	-4.73	13.76	-10.7	1.6494	0.0565
11.308333	10.24	14.96	121.06	-2.82	14.64	-9.6	1.6391	0.0561
11.316733	9.37	15.41	119.22	-3.33	14.85	-9.39	1.6497	0.0557
11.325033	10.33	15.65	122.12	-3.95	14.98	-9.31	1.6655	0.0552
11.333333	13.7	15.84	130.4	-3.05	15.83	-8.67	1.6694	0.055
11.341733	18.04	16.1	139.75	-1.07	16.68	-7.44	1.6556	0.055
11.350033	22.4	17.09	146.95	0.43	17.19	-5.66	1.6417	0.055
11.358333	26.7	18.87	152.02	1.09	17.41	-3.46	1.6567	0.0546
11.366733	30.89	20.6	156.95	1.87	17.51	-1.3	1.6757	0.0541
11.375033	34.9	21.57	162.4	4.03	17.26	0.82	1.6807	0.054
11.383333	38.66	21.76	167.7	7	17.09	2.9	1.6803	0.054
11.391733	40.51	21.53	168.64	8.99	16.88	4.48	1.6794	0.0541
11.400033	40.27	21.07	165.01	9.93	16.48	5.61	1.6765	0.0545
11.408333	39.53	20.62	162	10.73	16.21	6.51	1.6736	0.0549
11.416733	38.86	20.14	161.3	11.56	16.35	7.18	1.6705	0.0553
11.425033	37.71	19.6	159.99	10.99	16.51	7.08	1.6673	0.0557
11.433333	35.99	19.38	156.2	8.78	16.36	6.6	1.6625	0.056
11.441733	34.01	19.31	150.63	5.53	16.05	5.99	1.6538	0.056
11.450033	32.36	19.14	145.19	2.9	15.46	5.75	1.6451	0.056
11.458333	30.95	18.86	140.13	0.98	14.46	5.74	1.6569	0.0563
11.466733	29.23	18.41	135.42	-0.56	13.03	5.27	1.6716	0.0567
11.475033	27.06	17.45	130.16	-2.2	11.54	4.08	1.6755	0.0575
11.483333	24.29	16	122.38	-4.66	9.51	2.02	1.6602	0.0589
11.491733	21.34	14.22	113.07	-7.13	6.84	-0.4	1.6471	0.06
11.500033	18.71	12.34	104.83	-8.86	4.19	-2.69	1.6425	0.06
11.508333	17.14	11.1	102.8	-9.03	2.98	-4.11	1.638	0.06
11.516733	16.11	10.8	105.74	-8.71	2.89	-5.14	1.6407	0.0602
11.525033	14.27	10.33	107.31	-9.29	1.86	-6.89	1.649	0.0607
11.533333	11.3	9.04	103.7	-11.41	-1.13	-9.5	1.6533	0.0611
11.541733	8.25	7.24	98.54	-13.88	-4.59	-12.13	1.6472	0.0615
11.550033	7.18	5.49	100.28	-13.92	-5.36	-13.14	1.6412	0.0619
11.558333	8.19	3.77	110.49	-10.95	-3.06	-12.4	1.6469	0.0623
11.566733	8.59	1.25	119.67	-7.73	-1.55	-11.98	1.6591	0.0627
11.575033	6.89	-2.74	120.63	-6.12	-3.04	-13.2	1.6624	0.063
11.583333	3.66	-7.75	115.5	-5.73	-6.27	-15.5	1.6497	0.063
11.591733	0.65	-12.46	111.53	-4.94	-8.56	-17.34	1.637	0.063
11.600033	-1.32	-16.27	112.26	-2.96	-8.74	-18.02	1.6362	0.063
11.608333	-1.64	-18.51	115.37	0.2	-7.12	-16.6	1.6376	0.063
11.616733	-2.06	-19.66	114.49	2.58	-6.28	-14.41	1.6471	0.063
11.625033	-4.27	-20.06	106.36	2.09	-7.5	-13.27	1.6605	0.063
11.633333	-6.49	-19.22	97.14	0.29	-7.93	-12.05	1.6739	0.063
11.641733	-7.76	-17.36	89.98	-1.49	-6.61	-10.2	1.6592	0.063
11.650033	-6.95	-16.03	88.32	-0.73	-3.72	-7.47	1.6421	0.063
11.658333	-4.33	-15.44	91.16	2.36	0.15	-4.14	1.6365	0.0627
11.666733	-1.4	-14.9	94.16	4.77	3.78	-1.03	1.6345	0.0623
11.675033	-0.1	-15.26	95.17	4.76	5.78	-0.06	1.6367	0.0621
11.683333	-0.19	-16.18	95.02	2.26	6.09	-1.49	1.6521	0.0625
11.691733	0.85	-16.42	99.01	-0.58	6.17	-3.7	1.6675	0.0629
11.700033	3.56	-15.87	108.18	-3.11	6.41	-6.14	1.67	0.0627
11.708333	6.21	-14.66	117.98	-6.96	5.99	-8.94	1.67	0.0623
11.716733	7.01	-11.74	122.61	-15.08	3.79	-12.89	1.6664	0.0619
11.725033	6.72	-7.7	122.97	-25.39	0.31	-17.24	1.6551	0.0614
11.733333	7.96	-4.13	124.76	-31.74	-2.49	-20.03	1.6439	0.061
11.741733	10.88	-0.98	128.63	-34.02	-4.34	-21.27	1.6404	0.061
11.750033	14.04	2.61	132.51	-35.76	-5.05	-22.03	1.6377	0.061
11.758333	16.6	5.72	134.35	-37	-4.75	-22.09	1.6404	0.061
11.766733	18.82	7.74	136.02	-36.17	-3.96	-20.92	1.6514	0.061
11.775033	21.99	8.88	141.02	-31.95	-2.41	-18.43	1.6599	0.0609
11.783333	25.95	9.08	148.39	-24.56	-0.23	-14.85	1.6507	0.0605
11.791733	28.87	8.46	152.53	-17.32	1.28	-11.71	1.6416	0.0601
11.800033	29.61	7.92	152.07	-13.34	1.39	-10.14	1.6396	0.06
11.808333	28.97	7.88	149.63	-11.06	0.78	-9.02	1.6404	0.06
11.816733	28.18	7.22	146.96	-6.72	-0.63	-6.92	1.6403	0.06
11.825033	27.13	5.95	144.16	-0.6	-2.82	-4.14	1.637	0.06
