Time(sec)	Fx	Fy	Fz	Tx	Ty	Tz	GON	GRFz
0.008333	6.45	18.81	25.9	3.06	3.21	-2.71	2.367	0.157
0.016633	6.62	18.04	23.76	2.61	0.28	-1.82	2.3753	0.157
0.025033	6.08	14.01	18.25	1.42	-2.39	-2.33	2.3828	0.157
0.033333	6.36	9.95	13.69	0.93	-3.31	-2.68	2.3899	0.157
0.041633	6.95	6.35	4.13	0.64	-4.08	-2.29	2.3925	0.157
0.050033	6.93	2.58	0	0.37	-4.97	-1.51	2.3838	0.157
0.058333	6.44	-1.49	0	-0.42	-5.77	-1.8	2.375	0.157
0.066633	5.88	-5.71	0	-2.09	-6.35	-3.78	2.37	0.157
0.075033	5.67	-8.99	0	-6.01	-7.25	-7.4	2.365	0.157
0.083333	6.01	-9.71	0	-10.83	-7.67	-10.89	2.367	0.157
0.091633	7.86	-6.69	0	-14.44	-6.8	-13.15	2.3738	0.157
0.100033	10.02	-2.5	0	-17.42	-6.15	-15.03	2.3792	0.157
0.108333	12	2.3	0	-20.13	-5.67	-16.65	2.3697	0.157
0.116633	12.1	5.42	0	-24.29	-4.77	-18.19	2.3601	0.157
0.125033	10.95	7.29	0	-29.77	-3.25	-19.41	2.3659	0.157
0.133333	10.42	8.7	0	-34.12	-2.46	-19.54	2.379	0.157
0.141633	10.17	9.24	0	-35.42	-1.53	-17.94	2.3893	0.157
0.150033	10.38	9.83	0	-34.31	-0.23	-15.36	2.3846	0.157
0.158333	10.26	10.28	0	-33.61	0.89	-13.69	2.38	0.157
0.166633	9.34	9.94	0	-34.13	1.51	-13.32	2.3717	0.157
0.175033	7.81	8.06	0	-33.61	2.22	-12.49	2.3633	0.157
0.183333	8.27	7.57	0.76	-30.12	2.68	-10.67	2.359	0.157
0.191633	10.47	8.65	11.53	-24.96	2.77	-8.38	2.359	0.157
0.200033	12.2	10.72	20.3	-22.06	3.71	-6.97	2.3598	0.157
0.208333	13.41	13.62	26.68	-20.72	5.55	-6.34	2.37	0.157
0.216633	13.74	16.08	28.9	-18.48	8.25	-5.45	2.3803	0.157
0.225033	13	17.08	26.12	-14.6	11.54	-3.52	2.3923	0.157
0.233333	11.28	16.28	19.43	-10.12	13.76	-1.23	2.4067	0.157
0.241633	8.89	14.82	11.06	-7.2	13.76	-0.4	2.4126	0.1569
0.250033	6.21	13.43	2.43	-5.82	12.31	-0.79	2.3967	0.1565
0.258333	4.13	13.21	0	-4.66	10.96	-1.44	2.3808	0.1561
0.266633	2.96	13.9	0	-2.08	9.89	-1.69	2.3903	0.156
0.275033	2.39	12.84	0	1.11	7.38	-1.7	2.4078	0.156
0.283333	2.5	9.86	0	3.1	2.95	-1.77	2.4143	0.1561
0.291633	3.09	6.37	0	3.65	-2.17	-2.04	2.4012	0.1565
0.300033	3.84	4.59	0	3.36	-4.78	-2.11	2.3881	0.1569
0.308333	4.73	4.68	0	2.48	-4.36	-1.81	2.393	0.157
0.316633	6.29	6.4	0	-0.98	-4.03	-2.29	2.4013	0.157
0.325033	7.94	8.51	0	-7.21	-5.4	-4.05	2.4065	0.1568
0.333333	9.29	9.05	0	-13.25	-7.01	-6.14	2.4077	0.1564
0.341633	10.58	10.24	0	-18.05	-6.75	-8.23	2.4089	0.156
0.350033	11.93	12.72	0	-21.45	-4.19	-10.05	2.3898	0.1564
0.358333	13.66	15.45	0	-22.73	-0.19	-10.57	2.369	0.1569
0.366633	16.05	16.66	2.99	-21.61	3.65	-9.62	2.3616	0.157
0.375033	18.04	17.75	13.82	-21.76	5.66	-9.3	2.3584	0.157
0.383333	18.54	18.48	23.48	-21.9	7.88	-9.12	2.3621	0.157
0.391633	17.59	17.39	29.98	-20.11	10.63	-8.49	2.3875	0.157
0.400033	15.85	13.4	29.38	-15.67	12.76	-7.32	2.4129	0.157
0.408333	13.45	7.11	21.4	-9.5	13.82	-5.9	2.4077	0.157
0.416633	10.89	3.93	12.99	-4.19	14.29	-3.75	2.3966	0.157
0.425033	8.1	3.98	11.16	-0.44	13.84	-1.7	2.3853	0.157
0.433333	5.4	6.51	14.71	1.82	12.75	0.07	2.3736	0.157
0.441633	4.34	9.05	16.94	6.33	13.07	3.36	2.3619	0.157
0.450033	4.49	10.59	16.29	13.59	14.45	8.02	2.3679	0.157
0.458333	3.77	10.25	12.22	21.27	14.63	11.9	2.3755	0.157
0.466633	1.91	11.03	7.8	25.67	13.34	13.94	2.3769	0.157
0.475033	1.39	14.96	8.61	25.59	11.6	14.77	2.369	0.157
0.483333	2.63	17.32	11.96	22.99	9.23	13.9	2.3652	0.157
0.491633	4.78	17.45	15.56	18.53	6.36	11.31	2.3743	0.157
0.500033	5.8	15.63	16.66	13.13	3.1	7.31	2.3834	0.157
0.508333	5.2	12.98	17.07	6.71	-0.92	2.18	2.392	0.157
0.516633	4.41	10.39	17.71	0.21	-4.88	-2.92	2.4003	0.157
0.525033	5.58	10.21	20.62	-5.57	-6.62	-6.16	2.4036	0.157
0.533333	8.56	12.24	25.43	-10.89	-6.36	-7.91	2.396	0.157
0.541633	10.61	14.16	25.93	-14.95	-5.53	-9.44	2.3885	0.157
0.550033	10.76	15.17	19.96	-17.27	-4.52	-10.98	2.393	0.157
0.558333	10.43	15.71	9.35	-18.92	-2.94	-11.77	2.4005	0.157
0.566633	11.38	16.2	0	-20.96	-1.08	-11.81	2.4072	0.157
0.575033	12.88	16.43	0	-22.78	0.53	-11.47	2.4128	0.157
0.583333	13.62	16.08	0	-24.71	1.42	-11.61	2.4183	0.157
0.591633	13.41	15.09	0	-26.94	1.53	-12.39	2.4105	0.157
0.600033	13.72	14.09	0	-28.44	1.65	-12.99	2.4009	0.157
0.608333	14.87	13.38	0	-28.77	2.18	-12.79	2.4009	0.1572
0.616633	16.21	12.65	0	-28.11	3.7	-11.39	2.4073	0.1576
0.625033	16.84	11.54	6.25	-25.92	5.91	-9.44	2.4137	0.158
0.633333	16.39	10.36	13.87	-21.9	8.57	-7.26	2.4056	0.158
0.641633	14.84	10.22	20.68	-16.12	11.77	-5.01	2.3968	0.158
0.650033	12.69	11.28	24.41	-8.99	15.86	-2.44	2.4008	0.158
0.658333	10.7	11.9	22.73	-2.04	18.98	-0.05	2.4108	0.158
0.666633	7.8	11.18	18.29	3.45	20.02	1.58	2.4173	0.158
0.675033	4.42	9.84	13.57	7.44	19.7	2.43	2.415	0.158
0.683333	2.12	9.56	13.83	10.07	18.81	2.07	2.4126	0.158
0.691633	1.19	10.47	19.58	11.4	17.07	0.32	2.4025	0.1577
0.700033	-0.24	12.16	24.24	10.65	13.93	-1.74	2.39	0.1573
0.708333	-1.82	13.71	25.24	7.15	9.68	-3.42	2.383	0.1571
0.716633	-2.24	14.56	25.66	1.76	4.56	-5.03	2.3858	0.1575
0.725033	-0.63	15.6	31.76	-2.91	0.74	-6.47	2.3886	0.1579
0.733333	2.56	17.43	42.93	-6.23	-1.11	-7.43	2.3995	0.158
0.741633	5.76	19.7	49.76	-7.52	-1.39	-7.03	2.412	0.158
0.750033	8.07	21.06	48.08	-6.75	-1.46	-5.24	2.4176	0.158
0.758333	9.51	21.32	41.25	-5.32	-1.81	-3.64	2.4146	0.158
0.766633	12.26	20.51	36.34	-3.08	-1.9	-3.58	2.4089	0.158
0.775033	16.42	18.67	33.96	-0.19	-1.3	-4.8	2.3893	0.158
0.783333	19.76	16.43	29.37	1.67	0.65	-5.57	2.3697	0.158
0.791633	20.61	14.51	18.64	1.39	3.62	-5.5	2.3662	0.158
0.800033	20.39	13.37	9.41	-0.06	6.07	-5.73	2.3678	0.158
0.808333	20.43	12.69	9.92	-3.17	7.33	-7.32	2.3687	0.158
0.816633	20.36	12.21	16.57	-7.48	7.88	-9.74	2.3675	0.158
0.825033	19.38	11.54	18.32	-10.63	9.22	-10.31	2.3662	0.158
0.833333	17.57	10.83	15.57	-12.53	11.23	-8.83	2.37	0.158
0.841633	15.66	10.57	16.48	-14.72	12.29	-7.41	2.3748	0.158
0.850033	14.57	10.72	22.74	-16.36	11.47	-7.46	2.3833	0.158
0.858333	14.77	11.41	31.54	-16.32	9.49	-8.11	2.4	0.158
0.866633	15.27	12.2	35.05	-15.01	8.21	-7.9	2.4104	0.158
0.875033	15.77	13.07	32.23	-12.99	7.8	-6.65	2.3878	0.158
0.883333	16.35	14.61	27.26	-11.82	7.43	-4.92	2.3651	0.158
0.891633	17.79	17.39	27.8	-12.46	6.1	-3.83	2.3583	0.1577
0.900033	18.42	19.03	31.38	-11.71	5.06	-3.11	2.3604	0.1573
0.908333	17.19	18.12	29.97	-6.61	6.05	-1.12	2.3618	0.157
0.916633	14.8	16.05	23.84	1.3	8.25	1.92	2.361	0.157
0.925033	12.28	15.59	16.35	7.63	9.23	4.67	2.3602	0.157
0.933333	9.38	16.64	9.08	11.73	8.57	6.63	2.372	0.157
0.941633	7.58	18.33	7.42	14.26	8.56	7.62	2.3887	0.157
0.950033	7.48	20.13	12.23	16.44	10.09	7.61	2.3949	0.1569
0.958333	6.7	20.76	16.91	19.54	11.61	7.46	2.379	0.1565
0.966633	5.49	21.75	18.77	21.42	11.24	7.67	2.3632	0.1561
0.975033	4.8	24.24	18.94	20.76	8.88	8.12	2.3589	0.156
0.983333	6.27	28.63	22.43	17.64	7.57	7.84	2.3575	0.156
0.991633	8.42	31.98	28.67	15.31	9.02	7.33	2.357	0.156
1.000033	10.21	33.34	36.33	14.06	11.54	6.66	2.357	0.156
1.008333	9.86	33.13	39.3	13.7	12.33	6.07	2.36	0.156
1.016633	7.11	31.19	34.97	14.08	10.77	5.69	2.385	0.156
1.025033	4.69	27.4	24.99	13.64	8.17	4.99	2.41	0.156
1.033333	3.93	22.5	13.08	11.64	5.41	3.48	2.4147	0.156
1.041633	4.78	18.74	4.42	8.42	3.17	1.24	2.4115	0.156
1.050033	4.96	14.96	0	5.45	-0.48	-0.59	2.4053	0.156
1.058333	4.3	10.81	0	2.53	-5.13	-2.05	2.387	0.156
1.066633	3.36	6.33	0	-1.17	-8.01	-3.31	2.3687	0.156
1.075033	2.64	2.04	0	-5.73	-8.7	-4.43	2.3653	0.1557
1.083333	2.51	-0.67	0	-10.77	-8.91	-5.63	2.3657	0.1553
1.091633	2.65	-0.38	0	-16.01	-8.38	-7.22	2.3704	0.1551
1.100033	3.21	2.71	0	-20.82	-6.65	-8.81	2.3861	0.1556
1.108333	4.23	5.76	0	-24.12	-3.91	-9.63	2.4	0.156
1.116633	5.37	8.12	0	-25.82	-0.5	-9.74	2.4004	0.1556
1.125033	5.65	10.06	0	-25.1	2.71	-9.45	2.4008	0.1552
1.133333	5.52	12.5	10.05	-21.45	4.66	-8.68	2.3937	0.1552
1.141633	5.28	14.81	17.67	-14.86	5.69	-6.9	2.3733	0.1556
1.150033	4.59	15.69	17.68	-5.64	7.63	-3.77	2.3578	0.1559
1.158333	3.69	15.21	12.64	4.99	10.36	0.4	2.3618	0.1555
1.166633	2.96	13.75	10.82	13.19	13.19	4.37	2.3657	0.1551
1.175033	2.12	11.66	15.13	17.79	15.28	7.44	2.3746	0.1553
1.183333	0.4	9.09	19.68	20.34	16.27	9.1	2.3859	0.1557
1.191633	-1.39	6.18	20.81	20.78	16.44	9.5	2.3966	0.1559
1.200033	-2.85	3.47	19.54	19.55	15.98	9.25	2.4057	0.1555
1.208333	-3.62	2.45	21.38	17.38	15.13	8.95	2.4148	0.1551
1.216633	-3.88	3.36	28.08	14.27	13.82	8.38	2.4075	0.155
1.225033	-2.29	5.46	37.85	10.34	12.88	6.91	2.395	0.155
1.233333	0.88	8.42	44.22	8.58	12.71	5.2	2.3847	0.155
1.241633	3.52	10.71	43.61	9.35	12.39	3.31	2.3784	0.155
1.250033	5.71	11.47	39.75	11.15	11.97	1.88	2.372	0.155
1.258333	7.9	11.02	34.76	13.2	11.62	1.1	2.3881	0.1554
1.266633	10.34	10.82	29.81	13.93	11.19	0.4	2.4085	0.1559
1.275033	12.35	9.88	23.1	12.54	10.35	-1.3	2.4155	0.1557
1.283333	13.24	7.22	13.58	9.96	8.96	-3.3	2.4163	0.1553
1.291633	11.08	2.98	0	7.79	6.21	-4.21	2.4153	0.1548
1.300033	6.11	-2.25	0	6.14	2.37	-4.09	2.405	0.1536
1.308333	2.12	-5.4	0	4.29	-0.43	-3.79	2.3947	0.1524
1.316633	0.11	-5.72	0	2.07	-1.75	-3.33	2.3841	0.1525
1.325033	-0.92	-3.72	0	-1.63	-3.47	-3.31	2.3732	0.1534
1.333333	-1.96	-1.43	0	-6.16	-6.39	-4.02	2.3644	0.1532
1.341633	-3.03	0.38	0	-10.65	-9.79	-5.3	2.362	0.1501
1.350033	-3.48	1.05	0	-14.17	-12.02	-7.57	2.3597	0.1469
1.358333	-2.95	1.2	0	-17.23	-13.06	-11.18	2.362	0.1433
1.366633	-1.89	1.46	0	-19.51	-14.31	-14.78	2.3662	0.1396
1.375033	-2.03	0.32	0	-20.7	-16.99	-17.6	2.3614	0.1363
1.383333	-3.02	-1.2	5.76	-20.71	-20.54	-19.66	2.3377	0.1341
1.391633	-3.82	-2.43	15.69	-18.17	-22.77	-20.41	2.3146	0.1321
1.400033	-4.1	-3.48	21.7	-12.84	-22.95	-19.55	2.3042	0.1333
1.408333	-4.1	-4.87	31.68	-7.62	-21.75	-16.93	2.2937	0.1346
1.416633	-3.79	-4.96	46.26	-4.35	-20.68	-12.87	2.2877	0.136
1.425033	-3.32	-2.46	56.84	-2.43	-19.62	-8.58	2.2841	0.1376
1.433333	-2.81	2.02	58	-1.84	-17.53	-5.61	2.2797	0.1391
1.441633	-2.18	8.15	51.3	-3.09	-14.82	-4.05	2.2689	0.1404
1.450033	-1.46	13.55	47.15	-8.32	-13.7	-4.14	2.258	0.1416
1.458333	-0.83	17.66	47.8	-17.59	-14.48	-5.85	2.2547	0.1417
1.466633	-0.25	20.13	51.6	-27.06	-15.32	-7.87	2.2543	0.1413
1.475033	0.52	22.19	50.9	-34.4	-16.08	-10.39	2.2513	0.1406
1.483333	1.46	24.13	44.17	-39.7	-16.98	-13.55	2.2377	0.1389
1.491633	2.69	25.08	37.61	-43.73	-18.42	-16.4	2.2241	0.1371
1.500033	4.28	24.51	34.52	-46.72	-20.42	-18.48	2.2193	0.1352
1.508333	6.43	22.91	39.09	-48.7	-21.44	-19.3	2.2154	0.1332
1.516633	8.82	21.62	44.94	-47.62	-19.84	-18.59	2.2227	0.131
1.525033	10.53	20.4	48.29	-44.16	-16.34	-16.67	2.2468	0.1285
1.533333	10.58	19.5	45.7	-42.66	-13.61	-15.29	2.271	0.126
1.541633	9.32	19.06	39.31	-42.14	-11.36	-14.27	2.2619	0.124
1.550033	7.52	18.93	35.14	-39.78	-8.46	-12.89	2.2527	0.122
1.558333	5.21	18.66	35.5	-35.42	-4.6	-10.92	2.2431	0.1208
1.566633	2.79	18.69	39.02	-30.79	-0.56	-8.34	2.2329	0.1203
1.575033	0.09	18.99	39.56	-25.75	2.3	-5.57	2.229	0.1197
1.583333	-2.79	19.44	37.32	-20.43	3.92	-2.87	2.2386	0.119
1.591633	-4.76	20.14	36.31	-14.31	4.9	-0.29	2.2481	0.1182
1.600033	-4.84	21.36	40.62	-6.62	6.05	2.53	2.2773	0.1177
1.608333	-4.89	20.48	46.41	0.18	5.71	4.29	2.3115	0.1173
1.616633	-5.86	17.01	48.95	3.23	2.8	4.24	2.3396	0.1173
1.625033	-6.78	12.83	51.07	2.86	-1.78	2.88	2.3587	0.1181
1.633333	-6.97	9.53	57.21	1.16	-6.24	0.77	2.3777	0.1189
1.641633	-6.54	7.01	67.7	-1.45	-10.38	-2.12	2.3822	0.1194
1.650033	-6.32	4.44	76.66	-5.68	-14.55	-5.81	2.3847	0.1198
1.658333	-6.51	1.94	83.59	-11.39	-18.67	-9.91	2.3974	0.1206
1.666633	-8.24	-0.72	88.25	-17.13	-22.07	-13.83	2.4212	0.1218
1.675033	-10.28	-1.04	92.31	-21.37	-23.37	-16.36	2.445	0.123
1.683333	-11.91	1.4	96.25	-24.17	-22.61	-17.43	2.498	0.1234
1.691633	-12.82	4.9	97.88	-26.4	-21.28	-17.73	2.5522	0.1239
1.700033	-14.07	7.42	94.13	-28.44	-20.37	-17.81	2.5779	0.1246
1.708333	-16.4	7.43	85.62	-28.79	-19.32	-17.84	2.5966	0.1254
1.716633	-19.19	5.66	78.17	-26.39	-17.61	-17.56	2.6158	0.1263
1.725033	-21.71	3.3	72.52	-22.22	-15.53	-16.85	2.6367	0.1276
1.733333	-21.58	2.67	69.85	-19.53	-14.29	-16.13	2.6575	0.1289
1.741633	-18.53	3.81	70.23	-18.69	-14.07	-15.55	2.6907	0.1304
1.750033	-15.71	3.03	70.51	-17.96	-14.56	-16.26	2.7257	0.132
1.758333	-14.55	-0.01	69.96	-16.72	-15.19	-18.14	2.7491	0.1337
1.766633	-14.91	-4.44	70.18	-14.95	-16.03	-20.49	2.752	0.1358
1.775033	-15.87	-7.62	72.55	-14.09	-17.72	-22.27	2.7549	0.1379
1.783333	-16.73	-9.05	77.28	-14.85	-20.14	-23.54	2.7904	0.1395
1.791633	-16.71	-9.15	84.58	-17.46	-22.47	-24.62	2.8273	0.1411
1.800033	-17.06	-10	93.53	-20.13	-24.17	-25.7	2.8411	0.1418
1.808333	-18.44	-13.14	100.79	-21.21	-24.55	-26.59	2.8253	0.1413
1.816633	-18.82	-16.36	106.18	-20.71	-23.08	-25.87	2.8238	0.1406
1.825033	-17.55	-18.44	110.76	-18.98	-20.1	-23.35	2.859	0.1391
1.833333	-13.86	-18.35	114.62	-16.57	-16.19	-19.49	2.8941	0.1377
1.841633	-7.92	-17.18	115.74	-13.53	-11.27	-15.17	2.9002	0.136
1.850033	-1.69	-15.67	116.06	-11.98	-6.91	-12.11	2.8793	0.1342
1.858333	3.06	-14.64	115.25	-11.15	-3.9	-10.45	2.8709	0.1327
1.866633	6.08	-14.36	112.49	-10.33	-1.74	-9.56	2.8843	0.1319
1.875033	7.69	-13.61	110.07	-10.27	-0.49	-8.87	2.8978	0.1311
1.883333	8.51	-10.98	111.06	-12.5	-0.77	-8.56	2.9266	0.1307
1.891633	9.6	-5.28	114.93	-17.18	-1.16	-9.09	2.9583	0.1302
1.900033	10.15	1.8	120.02	-23.86	-0.93	-10.73	2.9826	0.13
1.908333	10.5	8.88	126.36	-31.2	-0.16	-13	2.9977	0.13
1.916633	12.33	15.09	131.73	-35.37	2.48	-13.64	3.0128	0.13
1.925033	15.9	20.52	135.71	-35.89	7.24	-12.3	3.0224	0.13
1.933333	18.91	25.69	138.19	-35.51	12.55	-9.68	3.0316	0.13
1.941633	21.69	30.92	140.2	-35.16	17.79	-6.56	3.0407	0.13
1.950033	24.67	34.17	140.6	-33.34	22.54	-3.85	3.0499	0.13
1.958333	26.43	32.37	138.53	-29.01	25.57	-1.59	3.059	0.13
1.966633	26.52	26.5	135.15	-23.33	27.34	0.11	3.0603	0.1291
1.975033	23.93	20.43	133.02	-20.16	29.13	0.47	3.0616	0.1282
1.983333	18.36	15.45	132.11	-20.72	31.01	-0.98	3.0713	0.1277
1.991633	12.81	12.22	131.92	-23.91	32.05	-2.11	3.0842	0.1273
2.000033	10.6	10.65	133.28	-27.37	33.1	-2.31	3.0926	0.1267
2.008333	10.55	9.15	136.58	-30.07	33.9	-2.21	3.0914	0.126
2.016633	10.45	7.34	143.6	-31.92	34.45	-1.82	3.0902	0.1252
2.025033	10.15	6.03	154.79	-33.51	34.92	-0.78	3.1	0.125
2.033333	10.75	5.73	170.07	-35.72	35.66	-0.15	3.1125	0.125
2.041633	13.05	4.19	187.02	-36.32	35.61	0.2	3.1214	0.1252
2.050033	16.09	1.65	202.21	-35.86	34.27	0.97	3.125	0.1256
2.058333	15.81	-2.28	212.39	-36.06	32.04	0.78	3.1286	0.126
2.066633	11.7	-7.82	218.19	-37.1	29.23	-0.97	3.1206	0.1264
2.075033	7.57	-13.95	224.9	-38.88	26.77	-4.79	3.111	0.1268
2.083333	5.21	-18.27	231.9	-42.95	25.09	-9.73	3.1136	0.1272
2.091633	3.94	-19.37	236.67	-48.01	24.73	-13.58	3.1294	0.1276
2.100033	2.67	-18.28	236.9	-51.36	25.03	-14.08	3.1423	0.128
2.108333	1.28	-15.46	232.46	-53.25	25.58	-11.67	3.1215	0.128
2.116633	0.79	-12.43	226.88	-56.07	25.32	-10.22	3.1007	0.128
2.125033	2.23	-9.45	223.88	-59.21	24.77	-10.48	3.1091	0.128
2.133333	4.95	-6.5	227.36	-59.65	25.27	-11.4	3.1313	0.128
2.141633	6.32	-2.99	231.63	-58.54	26.13	-11.87	3.1485	0.1281
2.150033	6.18	0.67	234.03	-56.61	26.89	-11.37	3.1393	0.1285
2.158333	5.01	2.68	234.17	-55.95	26.51	-11.58	3.13	0.129
2.166633	3.14	2.41	233.15	-57.19	24.77	-13.59	3.1133	0.129
2.175033	0.89	0.55	229.54	-59.72	22.57	-17.2	3.0967	0.129
2.183333	-1.8	-1.66	223.28	-60.62	21.45	-19.23	3.0926	0.129
2.191633	-4.02	-3.31	220.14	-59.21	22.24	-19.63	3.1022	0.129
2.200033	-4.64	-3.68	220.26	-58.08	24.22	-19.31	3.1102	0.129
2.208333	-3.92	-3	222.04	-57.45	26.94	-18.18	3.1007	0.129
2.216633	-3.1	-2.09	219.69	-57.75	28.45	-16.3	3.0912	0.129
2.225033	-1.99	-0.55	216.08	-58.19	29.26	-14.22	3.0858	0.1285
2.233333	-0.87	-0.24	211.94	-57.75	29.74	-12.65	3.0837	0.1277
2.241633	-0.18	-2.65	208.99	-55.92	29.55	-11.59	3.0819	0.1271
2.250033	0.96	-6.03	210.14	-53.3	29.7	-10.75	3.0815	0.1275
2.258333	2.64	-9.37	212.78	-51.27	30.49	-9.84	3.0811	0.1279
2.266633	4.13	-13.39	212.36	-50.36	31.24	-8.92	3.0819	0.1274
2.275033	5.11	-17.31	207.02	-50.36	31.34	-8.05	3.0833	0.1265
2.283333	6.93	-19.89	205.07	-50.12	33.12	-7.71	3.0922	0.1258
2.291633	8.86	-21.8	205.29	-49.53	36.18	-8.01	3.1093	0.1254
2.300033	10.58	-21.7	206.14	-49.5	39.77	-8.3	3.1263	0.125
2.308333	12.26	-18.55	207.39	-50.64	43.65	-8.14	3.1362	0.125
2.316633	13.76	-13.73	208.67	-52.8	47.18	-7.46	3.1458	0.125
2.325033	14.11	-9.12	206.84	-55.28	49.24	-6.57	3.1353	0.1246
2.333333	12.96	-4.91	202.34	-58.29	49.37	-5.78	3.1091	0.1238
2.341633	10.74	-1.73	198.91	-61.92	48.37	-5.26	3.084	0.123
2.350033	7.5	0.37	196.63	-65.69	46.47	-4.94	3.0844	0.123
2.358333	4.32	1.88	196.32	-66.2	45.43	-4.16	3.0848	0.123
2.366633	1.79	3.3	198.91	-63.55	45.59	-2.83	3.0964	0.1227
2.375033	0.38	5.06	203.35	-62.46	45.39	-1.88	3.1143	0.1223
2.383333	-0.65	6.79	207.04	-62.65	44.4	-1.72	3.1311	0.122
2.391633	-1.34	7.99	209.49	-63.16	42.67	-2.06	3.1399	0.122
2.400033	-1.46	6.85	208.32	-59.96	40.9	-1.4	3.1486	0.122
2.408333	-0.81	3.64	203.43	-53.17	39.37	0.36	3.1473	0.122
2.416633	0.66	2.36	198.98	-48.15	38.54	1.4	3.1454	0.122
2.425033	2.61	3.17	195.37	-48.42	37.06	1.19	3.142	0.1221
2.433333	5.09	4.55	192.42	-52.79	34.21	0.04	3.1318	0.1226
2.441633	7.65	4.66	190.94	-55.42	30.84	-0.86	3.1221	0.123
2.450033	10.22	3.68	190.93	-56.16	27.18	-1.45	3.1253	0.1234
2.458333	12.61	3.61	192.68	-56.24	24.45	-1.96	3.1285	0.1238
2.466633	14.94	6.43	198.13	-59.49	22.42	-3.6	3.1324	0.1242
2.475033	15.79	10.45	204.64	-64.37	20.41	-6.29	3.137	0.1246
2.483333	14.08	10.69	206.47	-65.09	17.37	-8.3	3.1408	0.125
2.491633	11.65	8.52	203.92	-62.26	14.17	-9.64	3.1392	0.125
2.500033	10.78	7.21	197.53	-57.86	12.67	-10.63	3.1376	0.125
2.508333	11.43	8.19	187.45	-52.97	13.52	-11.57	3.1303	0.1253
2.516633	13.16	11.81	177.11	-47.91	15.99	-11.93	3.1192	0.1257
2.525033	15.98	16.82	168.31	-42.57	18.52	-11.54	3.102	0.126
2.533333	18.54	21.43	159.78	-37.49	20.72	-10.81	3.077	0.126
2.541633	20.98	25.51	152.81	-34.49	22.87	-10.08	3.052	0.126
2.550033	24.27	30.06	149.03	-34.46	25.39	-9.37	3.0361	0.126
2.558333	27.74	35.44	147.13	-35.1	27.41	-8.18	3.0246	0.126
2.566633	29.05	39.88	146.72	-35.62	27.81	-6.5	3.0099	0.1262
2.575033	28.38	43.11	148.81	-36.18	26.62	-4.55	2.9925	0.1266
2.583333	26.3	44.37	150.65	-36.54	24.46	-2.98	2.975	0.127
2.591633	23	43.3	150.49	-36.65	21.55	-2.12	2.9329	0.127
2.600033	19.49	40.69	147.87	-37.34	17.77	-2.43	2.8908	0.127
2.608333	17.02	38.18	143.93	-38.12	13.49	-3.57	2.8621	0.1268
2.616633	14.93	35.34	137.2	-36.51	9.27	-4.67	2.8423	0.1264
2.625033	11.74	30.24	128	-33.05	5.38	-5.84	2.8229	0.126
2.633333	7.59	23.18	116.85	-28.36	1.72	-7.23	2.8092	0.1256
2.641633	3.06	16	105.38	-25.67	-2.27	-9.45	2.7954	0.1251
2.650033	-1.96	8.9	92.94	-24.87	-6.64	-12.37	2.7637	0.1245
2.658333	-6.64	2.7	85.34	-23.31	-10.26	-14.63	2.7237	0.1237
2.666633	-10.52	-1.47	85.1	-19.24	-12.44	-15.18	2.6861	0.1229
2.675033	-13.76	-4.05	87.75	-13.25	-13.25	-14.38	2.6615	0.1225
2.683333	-15.88	-5.05	89.98	-8.41	-13.33	-13.44	2.6369	0.1221
2.691633	-16.57	-4.25	92.49	-5.88	-12.96	-12.75	2.6237	0.1216
2.700033	-15.26	-0.21	99.65	-6.46	-11.49	-12.61	2.6121	0.1212
2.708333	-12.66	5.6	109.02	-6.84	-8.36	-12.18	2.6003	0.1212
2.716633	-9.23	12.36	118.24	-5.64	-4.16	-10.97	2.5884	0.1216
2.725033	-6.14	18.71	119.8	-4.36	-0.41	-9.86	2.5765	0.122
2.733333	-3.51	24.53	113.03	-3.43	2.74	-9.04	2.5296	0.1216
2.741633	-1.5	29.58	105.1	-4.56	5.13	-9.1	2.4813	0.1212
2.750033	0.08	34.33	100.83	-7.13	6.83	-9.66	2.4544	0.121
2.758333	2.02	38.71	101.32	-9.69	7.99	-10.46	2.4445	0.121
2.766633	4.05	40.93	102.31	-9.98	8.13	-10.91	2.434	0.121
2.775033	5.85	41.12	103.3	-8.25	7.29	-10.93	2.4086	0.121
2.783333	7.36	40.44	106.12	-6.42	6.13	-10.95	2.3831	0.121
2.791633	8.95	39.52	112.62	-5.54	5.1	-11.37	2.3684	0.1207
2.800033	9.59	38.22	119.17	-4.8	4.43	-11.54	2.3596	0.1203
2.808333	9.58	37.18	122.91	-1.9	4.36	-10.53	2.3375	0.1199
2.816633	9.98	36.94	125.93	2.7	5.21	-8.48	2.2917	0.1194
2.825033	11.33	38.22	129.76	6.95	7.28	-5.84	2.2458	0.119
2.833333	13.1	40.99	133.61	10.01	10.39	-2.81	2.2474	0.1186
2.841633	13.65	43.21	133.34	11.12	11.84	-1.14	2.251	0.1182
2.850033	13.5	44.54	129.48	10.83	11.55	-0.91	2.2442	0.118
2.858333	13.19	44.92	124.71	10.51	10.59	-0.9	2.2242	0.118
2.866633	14.25	44.49	125.01	10.73	9.71	-0.56	2.2039	0.118
2.875033	16.46	43.81	128	10.47	8.76	-0.38	2.1757	0.118
2.883333	18.3	43.31	127.1	8.49	7.12	-0.99	2.1475	0.118
2.891633	18.43	42.31	119.67	5.36	4.37	-2.21	2.1169	0.1182
2.900033	17.36	40.64	109.71	2.18	0.52	-3.32	2.084	0.1187
2.908333	17.12	40.08	102.38	0.2	-1.78	-2.53	2.0574	0.1193
2.916633	17.34	39.48	97.26	0.16	-2.53	-0.04	2.042	0.1201
2.925033	17	37.41	91.14	1.6	-2.76	2.65	2.0265	0.1209
2.933333	15.6	33.94	81.54	3.23	-3.48	4.39	2.0268	0.121
2.941633	14.81	32.13	75.19	3.55	-4.01	6.33	2.0301	0.121
2.950033	15.2	31.37	76.96	4.06	-4.03	9.32	2.021	0.1208
2.958333	16.18	30.36	83.13	5.29	-3.73	12.4	1.996	0.1204
2.966633	16.77	28.2	86.44	6.67	-3.22	14.06	1.971	0.12
2.975033	16.88	24.93	86.16	8.02	-2.48	14.17	1.9652	0.1196
2.983333	16.66	21.7	84.9	7.96	-2.14	13.81	1.961	0.1192
2.991633	16.58	19.97	83.19	5.58	-2.23	13.25	1.9433	0.119
3.000033	16.78	20.57	84	1.02	-2.48	12.06	1.9132	0.119
3.008333	16.01	20.46	85.12	-3.12	-3.25	9.27	1.883	0.119
3.016633	14.14	19.27	85.91	-6.72	-4.57	4.85	1.8734	0.1194
3.025033	11.91	17.98	86.75	-11.14	-6.44	-0.09	1.8638	0.1198
3.033333	9.85	17.74	91.09	-16.87	-8.67	-4.64	1.8581	0.12
3.041633	8.47	19.32	100.35	-23.03	-9.96	-7.72	1.8549	0.12
3.050033	8.06	22.79	112.5	-28.89	-9.59	-10.09	1.8525	0.12
3.058333	8.06	27.89	126.32	-34.02	-7.92	-11.91	1.8585	0.1205
3.066633	7.49	33.4	137	-37.91	-5.75	-12.98	1.8645	0.121
3.075033	6.23	38.76	142.56	-40.66	-3.26	-13.02	1.8624	0.1221
3.083333	4.89	42.47	142.91	-43.36	-1.39	-12.19	1.8597	0.1233
3.091633	3.33	44.85	141.36	-45.18	0.01	-10.69	1.851	0.1243
3.100033	1.9	46.73	138.51	-45.89	1.61	-8.83	1.8335	0.1252
3.108333	0.47	48.26	133.54	-46.1	2.84	-8.05	1.816	0.126
3.116633	-0.99	49.16	126.17	-45.79	3.49	-8.35	1.7993	0.1272
3.125033	-1.81	47.39	115.62	-44.02	2.78	-8.57	1.7827	0.1284
3.133333	-1.15	43.3	103.72	-41.45	1.27	-8.46	1.7766	0.1294
3.141633	1.06	38.2	92.22	-38.68	-0.34	-8.27	1.782	0.1302
3.150033	4.3	34.64	82.92	-35	-0.53	-8.03	1.7853	0.1311
3.158333	8.33	32.46	76.2	-29.94	0.64	-7.56	1.7634	0.1319
3.166633	12.45	30.62	72.1	-23.01	2.37	-6.26	1.7416	0.1327
3.175033	16.28	28.22	69.97	-14.49	3.94	-3.81	1.7302	0.1327
3.183333	18.7	24.6	66.77	-5.73	4.32	-1.12	1.7269	0.1323
3.191633	19.43	21.94	64.05	1.73	4.47	0.66	1.7155	0.1318
3.200033	19.3	21.42	63.97	6.92	5.03	1.77	1.6917	0.1314
3.208333	19.08	22.98	67.09	9.39	5.97	2.72	1.6679	0.131
3.216633	18.71	25.59	72.04	9.61	6.73	3.7	1.6617	0.1303
3.225033	17.75	27.62	76.38	9.39	6.94	4.54	1.658	0.1294
3.233333	16.51	29.2	79.41	8.14	6.69	4.99	1.6474	0.128
3.241633	15.09	30.32	80.92	5.86	5.92	5.1	1.6296	0.1261
3.250033	14.61	31.83	83.96	3.83	5.7	5.75	1.6117	0.1241
3.258333	15.28	33.92	88.98	2.14	6.24	7.06	1.6182	0.1224
3.266633	17.2	37.28	94.15	0.09	8.4	8.67	1.6257	0.1207
3.275033	19.47	40.67	97.14	-1.29	11.48	10.3	1.6159	0.1187
3.283333	20.58	42.15	97.17	-1.72	13.63	11.16	1.5925	0.1163
3.291633	20.7	42.92	96.03	-3.38	14.72	10.94	1.5702	0.1139
3.300033	19.92	43.18	93.96	-6.49	14.94	9.68	1.5741	0.1122
3.308333	18.36	43.83	92.24	-11.74	15.65	7.5	1.5781	0.1104
3.316633	15.99	44.89	91.07	-19.16	16.9	4.38	1.5753	0.1088
3.325033	12.83	45.78	91.22	-27.93	17.42	0.18	1.5703	0.1073
3.333333	8.01	44.54	92.53	-36.22	15.47	-5	1.5659	0.1059
3.341633	1.83	41.34	93.14	-43.47	11.58	-10.94	1.565	0.105
3.350033	-3.76	38.33	91.44	-49.24	8.24	-16.53	1.5641	0.1041
3.358333	-8.27	36.11	87.7	-53.62	6.05	-21.52	1.5745	0.104
3.366633	-9.95	35.19	85.38	-57.61	6.44	-24.87	1.587	0.104
3.375033	-8.87	34.75	83.73	-60.61	8.28	-26.69	1.5879	0.1042
3.383333	-6.15	34.61	83.35	-61.5	10.87	-27.27	1.574	0.1046
3.391633	-2.93	35.16	83.99	-59.99	14.83	-26.78	1.5601	0.105
3.400033	0.94	36.05	84.49	-56.71	19.97	-25.45	1.5617	0.1058
3.408333	5.61	35.68	83.55	-53.77	24.44	-24.32	1.5646	0.1066
3.416633	10.67	33.85	83.54	-51.88	27.59	-23.69	1.571	0.1077
3.425033	15.84	32.56	86.72	-49.97	30.58	-22.16	1.5807	0.109
3.433333	19.18	32.51	90.96	-46.23	32.57	-19.87	1.586	0.1103
3.441633	20.76	32.68	94.89	-39.92	33.36	-17.12	1.5777	0.1114
3.450033	22.25	31.18	95.66	-30.77	33.46	-14.07	1.5693	0.1125
3.458333	24.69	28.14	92.71	-19.83	33.49	-10.44	1.5786	0.1138
3.466633	27.05	25.45	88.4	-11.05	33.74	-7.16	1.5997	0.1151
3.475033	28.76	24.67	86.05	-3.27	35.54	-3.53	1.6143	0.1164
3.483333	29.14	25.33	84.37	4.31	38.22	0.7	1.6151	0.1177
3.491633	27.38	24.79	79.22	11.85	39.59	4.45	1.6159	0.1189
3.500033	24.45	22.05	70.64	18.13	39.07	6.69	1.6007	0.1201
3.508333	22.5	19.2	64.67	20.97	37.24	7.24	1.584	0.1213
3.516633	21.03	18.28	63.56	18.98	34.27	6.56	1.5779	0.1222
3.525033	18.81	19.29	65.28	12.69	30.14	4.92	1.5876	0.1226
3.533333	15.44	20.74	66.26	7.12	25	3.79	1.5944	0.1232
3.541633	11.29	22.19	67.1	2.28	19.1	3	1.5919	0.1239
3.550033	7.72	23.36	70.61	-3.39	13.65	1.73	1.5893	0.1246
3.558333	5.78	24.92	78.68	-11.11	9.66	-0.36	1.5938	0.1248
3.566633	5.7	26.3	87.31	-17.8	7.08	-2.31	1.6058	0.1243
3.575033	5.32	26.34	90.92	-21.24	5.38	-3.54	1.6121	0.1236
3.583333	3.73	25.12	89.79	-22.5	4.02	-4.44	1.6061	0.1224
3.591633	0.74	22.79	86.33	-23.7	2.14	-5.89	1.6002	0.1212
3.600033	-2.34	19.38	82.75	-25.42	-0.24	-8.18	1.6027	0.1203
3.608333	-4.88	15.56	79.4	-26.46	-2.47	-10.55	1.6072	0.1195
3.616633	-7.39	12.09	74.9	-25.96	-4.96	-12.33	1.6146	0.1184
3.625033	-9.68	8.81	69.05	-24.33	-7.64	-13.8	1.6261	0.1168
3.633333	-12.55	5.78	64.08	-24.61	-10.56	-16.04	1.6376	0.1152
3.641633	-16.26	3.03	60.59	-27.45	-13.73	-19.27	1.6463	0.1143
3.650033	-18.95	1.77	60.24	-30.25	-15	-21.66	1.6547	0.1134
3.658333	-19.18	1.92	62.7	-31.37	-13.45	-22.56	1.6598	0.113
3.666633	-17.88	2.38	66.01	-31.78	-10.2	-22.85	1.6613	0.113
3.675033	-16.2	2.53	68.59	-32.56	-6.45	-23.24	1.6629	0.113
3.683333	-14.09	2.37	70.25	-33.67	-2.24	-23.57	1.6857	0.1134
3.691633	-11.25	2.2	71.04	-34.28	2.56	-23.06	1.7093	0.1139
3.700033	-7.9	2.19	71.16	-33.97	7.9	-21.42	1.7242	0.1146
3.708333	-3.98	3.71	73.08	-33.6	13.03	-19.74	1.7369	0.1154
3.716633	-0.43	5.69	75.22	-34.83	16.26	-19.6	1.7551	0.1161
3.725033	2.44	7.23	76.28	-37.32	17.65	-20.46	1.7876	0.1165
3.733333	5.1	7.94	76.07	-39.39	18.59	-20.36	1.8201	0.1169
3.741633	7.76	8.09	75.08	-40.79	19.35	-19.09	1.824	0.117
3.750033	11.04	10.61	75.73	-41.82	20.95	-17.28	1.824	0.117
3.758333	14.48	15.46	78.25	-42.89	23.23	-15.51	1.8348	0.117
3.766633	17.35	21.28	80.89	-43.78	25.02	-13.96	1.8648	0.117
3.775033	18.64	24.93	78.96	-43.37	25.57	-11.8	1.8948	0.117
3.783333	18.31	26.59	73.61	-41.58	25.35	-9.07	1.9013	0.1174
3.791633	16.55	28.04	69.89	-38.97	25.18	-6.82	1.9069	0.1178
3.800033	13.79	30.78	69.97	-36.21	24.81	-6.13	1.9273	0.1182
3.808333	10.49	33.13	70.66	-32.14	24.29	-6.09	1.9667	0.1187
3.816633	5.98	31.56	68.57	-26.25	22.55	-6.01	1.9983	0.119
3.825033	0.36	26.26	64.15	-19.49	19.51	-6.32	2.0102	0.119
3.833333	-5.4	19.12	60.05	-13.82	16.29	-7.64	2.0221	0.119
3.841633	-10.34	11.91	58.52	-9.51	14.39	-9.71	2.044	0.1193
3.850033	-14.57	5.39	59.7	-5.94	13.38	-12.31	2.069	0.1197
3.858333	-18.02	-1.13	60.06	-2.87	12.3	-14.95	2.0866	0.12
3.866633	-19.85	-7.34	58.33	0.04	11.38	-16.83	2.0909	0.12
3.875033	-19.4	-11.1	56.1	2.04	10.89	-17.82	2.0953	0.12
3.883333	-16.83	-11.87	54.4	2.76	10.78	-18.2	2.1341	0.1203
3.891633	-13.66	-12.18	55.14	2.95	11.37	-18.62	2.1796	0.1208
3.900033	-10.27	-12.77	57.63	4.34	12.73	-18.37	2.206	0.121
3.908333	-6.4	-11.89	62.72	5.75	14.52	-17.15	2.2084	0.121
3.916633	-1.8	-9.73	69.26	6	16.57	-14.87	2.2108	0.121
3.925033	3.56	-6.51	76.93	4.98	18.91	-11.52	2.2352	0.1218
3.933333	7.42	-4.6	81.81	3.98	20.17	-8.58	2.2615	0.1227
3.941633	8.68	-4.44	85.5	2.59	20.06	-7.06	2.2846	0.1232
3.950033	7.65	-5.7	88.57	2.2	19.88	-6.31	2.3058	0.1236
3.958333	5.94	-5.94	88.95	3.99	20.24	-4.77	2.327	0.124
3.966633	3.71	-4.97	87.03	7.14	20.79	-2.73	2.3712	0.1244
3.975033	0.84	-4.52	84.39	9.49	20.65	-1.96	2.4153	0.1248
3.983333	-2.79	-5.56	80.55	11.68	20	-2.63	2.4457	0.1253
3.991633	-7.12	-7.57	73.38	14.12	18.37	-4.34	2.467	0.1257
4.000033	-10.72	-8.44	67.9	15.21	16.84	-6.4	2.4878	0.1261
4.008333	-13.55	-8.23	64.74	16.01	16.3	-8.53	2.5066	0.1265
4.016633	-15.85	-7.27	63.89	16.12	16.24	-11.12	2.5255	0.127
4.025033	-17.82	-5.78	64.99	14.59	15.81	-14.61	2.5538	0.127
4.033333	-18.86	-3.99	67.24	10.46	15.83	-17.52	2.583	0.127
4.041633	-19.11	-1.89	68.23	7.06	17.54	-18.35	2.5956	0.127
4.050033	-18.49	0.45	68.05	5.8	20.34	-17.22	2.5928	0.127
4.058333	-17.04	2.44	68.9	7.21	24.31	-14.6	2.59	0.127
4.066633	-14.79	3.93	71.1	10.93	29.41	-10.72	2.6092	0.1266
4.075033	-12.32	3.69	75.61	12.21	33.89	-8.29	2.6283	0.1262
4.083333	-9.67	1.75	81.85	10.05	36.94	-7.56	2.6515	0.126
4.091633	-7.48	-0.45	89.77	5.83	38.85	-6.86	2.6773	0.126
4.100033	-6.66	-2.03	99.52	1.98	39.27	-6.5	2.7031	0.126
4.108333	-6.83	-3.82	109.84	-0.5	38.38	-6.71	2.7289	0.1256
4.116633	-7.46	-6.98	118.7	-1.49	37.07	-7.75	2.7547	0.1251
4.125033	-8.59	-11.46	126.05	-1.93	35.74	-9.52	2.7627	0.1247
4.133333	-9.54	-15.43	131.71	-3.11	34.36	-11.54	2.7623	0.1243
4.141633	-9.59	-17.07	134.09	-1.86	33.77	-11.29	2.7718	0.1242
4.150033	-8.89	-16.55	135.29	2.61	34.42	-8.58	2.7965	0.1245
4.158333	-6.99	-15.46	137.63	9.79	36.51	-4.9	2.8211	0.1249
4.166633	-3.62	-14.59	140.85	18.75	39.73	-1.15	2.8357	0.125
4.175033	0.37	-14.22	142.98	25.34	42.1	1.52	2.8471	0.125
4.183333	4.4	-13.13	145.93	28.06	43.33	3.47	2.8584	0.1254
4.191633	8.33	-10.52	150.36	28.11	44.9	5.3	2.8697	0.1262
4.200033	11.43	-7.48	156.83	28.08	48.06	7.21	2.8807	0.127
4.208333	13.53	-5.23	165.02	28.08	52.13	8.59	2.8899	0.1274
4.216633	14.91	-5.28	172.06	26.32	54.79	7.94	2.899	0.1278
4.225033	15.72	-7.46	175.64	21.93	55.57	5.08	2.9136	0.1285
4.233333	15.48	-10.35	178.01	16.62	56.12	1.55	2.9324	0.1294
4.241633	14.46	-12.41	183.02	13.98	58.7	-0.81	2.9457	0.13
4.250033	13.31	-13.34	189.73	13.97	62.87	-1.98	2.9445	0.13
4.258333	13.29	-13.42	195.82	15.25	66.35	-2.55	2.9433	0.13
4.266633	14.51	-13.28	200.76	16.87	67.98	-2.99	2.9541	0.1297
4.275033	15.13	-12.86	204.44	16.69	68.76	-3.76	2.9687	0.1293
4.283333	14.7	-10.6	207.61	15.24	70.59	-3.76	2.9834	0.1289
4.291633	14.44	-6.88	211.44	15.13	73.17	-2.44	2.9985	0.1285
4.300033	15.47	-3.21	214.55	16.14	74.85	-1.01	3.0136	0.1281
4.308333	17.8	0.03	215.98	17.55	75.22	0.1	3.0168	0.1272
4.316633	20.03	2.71	214.88	17.9	75.11	0.87	3.0177	0.1263
4.325033	21.01	4.32	212.92	17.3	75.33	1.28	3.0075	0.1257
4.333333	20.93	5.15	211.76	15.56	75.96	0.99	2.992	0.1253
4.341633	21.59	5.87	212.33	15.16	76.74	0.87	2.9783	0.1249
4.350033	23.39	6.59	214.26	16.64	77.39	1.23	2.9737	0.124
4.358333	25.19	7.66	214.95	17.63	77.48	1.96	2.9691	0.1232
4.366633	26.41	9.27	213.84	16.91	77.14	2.8	2.9837	0.1221
4.375033	25.91	11.47	210.32	12.25	76.45	2.18	3.0043	0.1209
4.383333	24.2	14.11	206	4.65	75.06	-0.19	3.0158	0.1199
4.391633	21.87	17.18	201.98	-4.39	73.48	-3.29	2.9983	0.1195
4.400033	20.04	20.34	198.95	-11.58	72.71	-4.53	2.9808	0.1191
4.408333	18.47	23.32	195.63	-17.3	72.37	-4.31	2.9777	0.1187
4.416633	16.29	25.06	188.57	-23.96	70.93	-5.29	2.9773	0.1183
4.425033	13.38	25.62	179.16	-31.79	69.12	-7.91	2.9766	0.1179
4.433333	9.26	25.25	168.6	-40.14	67.16	-11.35	2.9752	0.1174
4.441633	4.51	24.22	159.57	-45.5	65.28	-12.81	2.9774	0.117
4.450033	-0.28	22.47	152.22	-47.42	63.58	-12.26	2.9984	0.117
4.458333	-4.63	19.85	145.25	-47.42	61.99	-11.52	3.0194	0.117
4.466633	-9.8	16.4	136.32	-48.63	59.44	-12.82	3.0309	0.117
4.475033	-13.97	14.1	126.57	-51.14	56.28	-14.55	3.0281	0.117
4.483333	-15.63	14.7	120.07	-52.81	54.27	-13.73	3.0237	0.117
4.491633	-15.7	17.1	117.19	-53.39	53.12	-11.08	3.0142	0.117
4.500033	-15.73	18.7	117.59	-53	51.9	-8.99	3.0047	0.117
4.508333	-14.96	19.14	119.53	-52.63	50.28	-8.68	2.9819	0.117
4.516633	-12.65	19.7	120.35	-51.49	48.49	-8.71	2.954	0.117
4.525033	-9.61	20.85	119.57	-49.33	46.19	-8.01	2.9386	0.117
4.533333	-5.71	23.18	117.99	-46.65	43.53	-6.91	2.9497	0.117
4.541633	-2.41	25.74	116.38	-43.7	40.73	-7.07	2.9608	0.117
4.550033	-0.36	27.84	114.62	-40.28	37.79	-8.91	2.9413	0.1173
4.558333	1.11	28.21	111.96	-35.11	34.62	-10.36	2.9143	0.1177
4.566633	3.97	28.86	107.53	-28.52	31.86	-9.67	2.892	0.1183
4.575033	6.7	29.71	102.09	-22.87	29.42	-8.45	2.8769	0.1191
4.583333	7.19	29.49	98.83	-20.49	26.86	-8.94	2.8618	0.1199
4.591633	5.67	28.17	98.55	-20.76	24.28	-10.93	2.8361	0.1204
4.600033	4.03	26.39	100.91	-19.84	22.18	-12.1	2.8089	0.1208
4.608333	2.09	23.3	104.72	-16.98	20.36	-11.92	2.786	0.1215
4.616633	-0.24	18.3	107.77	-14.82	17.88	-11.39	2.766	0.1223
4.625033	-2.73	13.49	109.34	-16.13	14.72	-12.31	2.7406	0.123
4.633333	-5.59	9.27	110.45	-20.44	11.12	-14.68	2.6933	0.123
4.641633	-7.95	5.87	112.8	-23.6	7.61	-16.45	2.6461	0.123
4.650033	-8.81	3.35	115.9	-24.07	4.24	-16.54	2.6194	0.1236
4.658333	-8	1.82	116.66	-22.56	0.86	-15.24	2.6023	0.1244
4.666633	-7.37	0.22	113.7	-22.37	-3.21	-14.46	2.5862	0.1248
4.675033	-6.94	-1.39	107.84	-24.06	-7.53	-14.51	2.5727	0.124
4.683333	-6.67	-2.33	102.77	-25.97	-10.4	-14.89	2.5592	0.1232
4.691633	-6.59	-2.4	99.54	-26.75	-11.53	-15.12	2.5199	0.1224
4.700033	-7.14	-2.81	97.16	-26.04	-12.7	-15.03	2.4724	0.1215
4.708333	-7.68	-3.74	93.16	-25.6	-14.37	-15.11	2.4433	0.1208
4.716633	-8.08	-4.66	88.43	-25.25	-15.82	-15.4	2.4468	0.1204
4.725033	-8.87	-5.3	87.06	-24.85	-16.14	-16.2	2.4467	0.12
4.733333	-10.09	-5.78	89.55	-24.59	-15.47	-17.47	2.405	0.1196
4.741633	-10.96	-5.93	92.74	-24.7	-14.97	-18.4	2.3633	0.1192
4.750033	-11.44	-5.86	95.15	-24.19	-15.41	-18.47	2.3302	0.1186
4.758333	-11.77	-5.87	97.25	-23.67	-15.98	-18.31	2.3078	0.1177
4.766633	-11.35	-4.95	99.24	-24.34	-14.85	-18.45	2.2866	0.1169
4.775033	-10.4	-3.24	101.33	-25.53	-12.15	-18.78	2.2716	0.116
4.783333	-9.66	-1.71	103.39	-25.22	-8.98	-18.92	2.2566	0.1152
4.791633	-9.24	-0.98	104.1	-23.96	-6.29	-18.84	2.2352	0.1144
4.800033	-8.63	-0.6	101.94	-25.29	-4.61	-19.17	2.2118	0.1136
4.808333	-8.59	-0.78	99.25	-28.42	-3.21	-20.42	2.1917	0.1128
4.816633	-9.59	-1.46	96.48	-31.89	-1.97	-22.38	2.1819	0.1119
4.825033	-12.28	-2.1	94.11	-32.17	-1.37	-23.96	2.1711	0.1109
4.833333	-16.22	-2.6	92.03	-29.49	-1.53	-24.95	2.1476	0.1102
4.841633	-19.44	-3.05	90.21	-26.76	-1.87	-25.48	2.124	0.1095
4.850033	-21.31	-3	87.88	-26.16	-2.02	-25.88	2.1071	0.1091
4.858333	-21.73	-2.39	84.36	-27.77	-2.02	-25.97	2.1043	0.1096
4.866633	-21.19	-1.61	80.82	-28.26	-1.34	-25.11	2.1016	0.11
4.875033	-19.88	-0.62	77.84	-27.05	-0.08	-23.43	2.0994	0.11
4.883333	-17.67	0.52	76.05	-24.57	1.45	-21.4	2.0971	0.11
4.891633	-13.58	1.69	74.49	-23.89	3.04	-19.5	2.0905	0.1102
4.900033	-9.2	2.79	73.72	-24.85	4.38	-17.78	2.0798	0.1107
4.908333	-6.54	4	73.67	-25.29	4.99	-16.25	2.0609	0.1114
4.916633	-5.07	5.57	73.81	-25.55	4.91	-14.89	2.0271	0.1126
4.925033	-4.27	7.69	74.32	-25.64	4.32	-13.84	1.9934	0.1138
4.933333	-4.28	10.24	75.99	-25.21	3.3	-13.2	1.9849	0.1147
4.941633	-4.58	12.67	78.99	-23.82	2.09	-12.84	1.9811	0.1155
4.950033	-4.83	14.88	82.31	-22.39	0.88	-12.51	1.9741	0.1165
4.958333	-4.84	17.83	86.16	-21.45	-0.09	-12.03	1.963	0.1177
4.966633	-3.17	22.54	90.07	-21.19	-0.38	-11.18	1.9519	0.1189
4.975033	0.41	29.04	93.95	-21.57	0.03	-9.94	1.9334	0.1198
4.983333	5.34	34.52	93.68	-22.75	0.56	-8.97	1.9142	0.1206
4.991633	10.94	38.68	89.94	-24.32	1.13	-8.25	1.9052	0.1214
5.000033	16.51	42.27	84.95	-25.49	2.36	-7.45	1.9056	0.1222
5.008333	21.6	45.97	78.38	-27.12	4.26	-6.5	1.906	0.123
5.016633	26.14	49.88	70.47	-29.4	6.74	-5.45	1.8805	0.1239
5.025033	29.52	53.41	64.78	-33.17	8.65	-4.9	1.8551	0.1249
5.033333	31.57	55.67	61.16	-37.95	9.76	-5.01	1.8364	0.1259
5.041633	32.52	55.86	56.74	-42.66	10.01	-5.76	1.819	0.127
5.050033	32.45	56.47	55.94	-46.73	9.95	-6.51	1.8023	0.128
5.058333	31.58	57.55	58.97	-50.02	9.9	-7.2	1.793	0.128
5.066633	30.9	58.47	63.97	-53.11	9.73	-8.09	1.7837	0.128
5.075033	30.57	59.09	70.51	-56.15	9.33	-9.26	1.7505	0.1284
5.083333	29.61	58.09	75.04	-57.63	8.56	-10.24	1.7152	0.1288
5.091633	28.45	55.12	73.84	-56.23	8.32	-10.61	1.6925	0.1288
5.100033	26.81	50.53	67.58	-52.55	8.29	-11.09	1.6888	0.1284
5.108333	24.16	45.56	59.86	-48.35	8.18	-12.48	1.685	0.128
5.116633	20.54	40.3	51.02	-43.75	8.02	-14.69	1.6723	0.1272
5.125033	16.46	35.01	41.86	-39.3	8.05	-16.74	1.6596	0.1264
5.133333	11.61	29.57	32.05	-35.19	7.77	-18.73	1.6422	0.1258
5.141633	6.98	23.83	23.82	-30.6	7.67	-20.08	1.6197	0.1254
5.150033	4.35	18.94	22.16	-26.25	8.32	-20.77	1.5987	0.1249
5.158333	3.32	15.7	26.45	-22.7	9.68	-20.88	1.5947	0.1233
5.166633	3.54	14.94	35.08	-20.16	11.98	-19.82	1.5907	0.1217
5.175033	5.32	16.25	47.3	-17.96	15.57	-16.81	1.5861	0.1205
5.183333	8.12	17.01	58.85	-14.36	19.72	-12.44	1.5811	0.1196
5.191633	11.16	16.57	68.12	-8.73	23.77	-7.81	1.575	0.1185
5.200033	14.47	16.48	77.46	-2.87	27.87	-3.2	1.5674	0.1173
5.208333	17.14	18.56	87.13	0.39	31.68	0.5	1.5599	0.1161
5.216633	18.38	22.95	95.37	0.43	34.84	2.86	1.5638	0.1156
5.225033	18.22	26.34	101.76	0.78	36	4.84	1.5692	0.1152
5.233333	17.26	27.45	107.19	2.41	35.18	6.59	1.5695	0.1148
5.241633	15.91	27	109.13	4.41	33.79	7.33	1.5644	0.1144
5.250033	14.97	28.18	109.77	4.33	33.62	6.92	1.5592	0.114
5.258333	14.49	31.35	109.82	1.94	34.69	5.47	1.5746	0.1144
5.266633	14.48	35.4	110.34	-1.06	35.28	4.42	1.5908	0.1148
5.275033	14.89	38.65	108.81	-2.72	35.26	4.07	1.5898	0.1152
5.283333	15.66	40.07	104.92	-1.61	34.71	4.52	1.5751	0.1156
5.291633	17.15	41.81	99.61	-0.32	35.05	4.88	1.5612	0.116
5.300033	19.26	44.02	92.9	1.01	36.33	5.07	1.5651	0.1169
5.308333	20.86	46.14	87.18	3	37.07	5.61	1.5691	0.1178
5.316633	21.63	47.6	84.42	6.39	36.18	7.11	1.585	0.1183
5.325033	21.29	47.79	83.59	9.43	33.06	9.1	1.6047	0.1187
5.333333	19.72	46.15	81.13	11.95	29.19	10.36	1.6198	0.119
5.341633	17.52	43.8	78.31	13.66	24.94	10.79	1.6019	0.119
5.350033	15.47	43.2	77.09	12.84	20.72	10.22	1.5839	0.119
5.358333	13.59	44.69	77.56	9.04	16.49	8.61	1.5901	0.1193
5.366633	11.1	44.71	78.81	5.56	12.12	6.81	1.6009	0.1198
5.375033	8.66	42.73	80.92	2.98	7.71	5.2	1.607	0.12
5.383333	7.02	40.07	83.6	-0.38	3.22	3.15	1.607	0.12
5.391633	7.15	38.52	87.5	-4.3	-0.71	0.54	1.607	0.12
5.400033	9.1	38.2	92.79	-8.46	-3.96	-2.56	1.6177	0.1196
5.408333	9.97	37.61	97.36	-11.79	-6.35	-5.13	1.6294	0.1192
5.416633	9.01	35.32	99.6	-13.96	-8.37	-7.07	1.6424	0.1184
5.425033	7.52	31.17	99.79	-14.09	-9.85	-8.43	1.6567	0.1172
5.433333	7.25	28.6	99.04	-14.86	-10.54	-10.03	1.671	0.116
5.441633	7.93	27.65	97.36	-16.75	-10.52	-11.98	1.6693	0.1152
5.450033	7.38	26.02	94.73	-18.92	-10.11	-13.74	1.6677	0.1143
5.458333	4.92	22.48	91.41	-19.83	-9.29	-14.75	1.6725	0.1133
5.466633	0.41	17.93	88.58	-19.61	-8.37	-15.74	1.6817	0.112
5.475033	-3.83	12.96	87.38	-19.08	-7.99	-17.83	1.6953	0.1109
5.483333	-7.08	8.33	86.05	-17.79	-7.7	-20.05	1.727	0.1105
5.491633	-9.95	4.9	82.71	-16.21	-7.24	-21.45	1.7587	0.1101
5.500033	-13.31	2.78	77.15	-14.93	-6.74	-22.01	1.7636	0.1096
5.508333	-16.88	1.22	69.85	-13.17	-5.59	-22.08	1.7618	0.1092
5.516633	-19.27	1.11	61.17	-10.06	-3.36	-21.62	1.772	0.109
5.525033	-20.99	2.29	51.95	-7.35	-1.17	-21.11	1.7932	0.109
5.533333	-22.25	3.79	41.57	-6.08	0.53	-20.13	1.8145	0.109
5.541633	-22.67	5.6	30.12	-5.72	2.36	-18.2	1.839	0.1086
5.550033	-21.61	7.75	20.87	-4.67	6.05	-15.14	1.864	0.1082
5.558333	-19.76	9.53	15.42	-3.33	11.19	-11.85	1.8925	0.1085
5.566633	-18.4	10.19	12.92	-2.67	15.44	-10.08	1.9233	0.1093
5.575033	-18.05	10.37	12.58	-3.67	17.18	-10.27	1.9514	0.1101
5.583333	-18.06	10.35	14.03	-6.18	16.95	-11.52	1.9685	0.1105
5.591633	-16.22	10.65	15.65	-7.84	17.39	-11.15	1.9855	0.1109
5.600033	-12.2	11.37	16.88	-7.47	19.27	-8.83	2.0196	0.1116
5.608333	-7	11.9	18.65	-4.71	21.81	-6.35	2.0617	0.1124
5.616633	-2.2	11.31	19.86	-1.35	22.77	-5.32	2.0972	0.1132
5.625033	1.6	9.92	19.26	0.76	21.77	-5.47	2.1159	0.114
5.633333	5.32	8.72	16.87	1.33	20.89	-4.87	2.1345	0.1148
5.641633	9.48	7.93	13.32	0.91	21.2	-2.76	2.1485	0.1157
5.650033	12.61	6.09	11.41	0.5	21.85	-0.62	2.161	0.1166
5.658333	13.01	2.8	11.9	-0.51	21.3	-0.67	2.182	0.1175
5.666633	11.7	-0.12	12.33	-2.03	20.3	-2.18	2.2085	0.1183
5.675033	9.81	-1.39	10.18	-4.86	19.44	-3.3	2.2355	0.119
5.683333	7.38	-1.36	5.71	-9.21	18.74	-3.7	2.2668	0.1195
5.691633	4.1	-2.79	3.78	-12.85	18.29	-4.34	2.298	0.1199
5.700033	0.37	-5.92	5.19	-14.54	18.35	-5.41	2.3407	0.12
5.708333	-2.37	-8.17	10.06	-15.33	17.8	-6.63	2.3887	0.12
5.716633	-2.85	-7.44	15.99	-16.74	16.54	-7.32	2.4326	0.1201
5.725033	-1.27	-4.1	22.1	-18.25	15.38	-7.18	2.4551	0.121
5.733333	0.7	-1.25	28.13	-18.3	16.14	-6	2.4776	0.1218
5.741633	2.52	0.25	35.33	-17.02	18.28	-4.25	2.5011	0.1223
5.750033	3.69	0.55	44.07	-15.32	19.57	-3.15	2.5249	0.1227
5.758333	5.1	2.11	50.75	-13.59	20.28	-2.03	2.5513	0.123
5.766633	7.09	5.4	55.18	-12.54	21.07	-0.69	2.5861	0.123
5.775033	8.55	8.3	56.85	-11.79	23.59	0.79	2.6182	0.123
5.783333	8.74	9.83	55.63	-11.06	27.88	2.12	2.6201	0.1226
5.791633	6.18	9.14	52.19	-10.93	31.51	1.76	2.6221	0.1222
5.800033	1.51	7.48	49.28	-13.07	31.91	-1.23	2.6466	0.1215
5.808333	-3.85	6.21	48.62	-16.9	30.47	-5.45	2.6887	0.1207
5.816633	-8.45	6.39	50.17	-21.28	30.12	-8.82	2.7251	0.12
5.825033	-12.23	7.43	54.08	-25.88	30.59	-11.45	2.7318	0.12
5.833333	-15.22	7.09	61.08	-28.97	30.29	-13.82	2.7386	0.12
5.841633	-17.73	5.01	71.32	-30	28.7	-16.08	2.7714	0.1203
5.850033	-20.17	1.98	80.76	-29.95	26.93	-17.59	2.8189	0.1207
5.858333	-21.17	-0.57	88	-29.13	26.88	-16.96	2.8606	0.1212
5.866633	-20.25	-2.28	95.55	-27.84	28.05	-14.98	2.884	0.122
5.875033	-18.41	-4.22	103.58	-26.81	28.85	-13.56	2.9074	0.1228
5.883333	-16.39	-7.15	111.08	-26.34	28.6	-13.42	2.9053	0.1237
5.891633	-14.3	-10.82	117.84	-24.37	28.05	-13.09	2.8933	0.1246
5.900033	-12.42	-13.53	123.35	-21.33	28.24	-11.9	2.9089	0.125
5.908333	-10.92	-15.33	127.61	-19.14	29.37	-10.79	2.9462	0.125
5.916633	-9.14	-16.83	134.72	-17.88	30.8	-10.7	2.9835	0.125
5.925033	-6.92	-18.14	146.14	-16.98	32.3	-11.74	2.9851	0.1254
5.933333	-5.7	-18.89	158.29	-14.86	34.99	-12.73	2.9777	0.1258
5.941633	-5.83	-19.35	169.22	-11.3	39.27	-13.04	2.9892	0.126
5.950033	-5.07	-18.51	178.42	-6.08	44.91	-11.36	3.0114	0.126
5.958333	-2.54	-15.62	185.73	-1.49	51.38	-8.55	3.0321	0.126
5.966633	1.23	-11.46	191.72	1.02	58.16	-5.85	3.0413	0.1265
5.975033	5.27	-7.74	197.57	1.49	64.2	-4.2	3.0504	0.1269
5.983333	9.67	-4.42	203.29	1	69.37	-3.08	3.0452	0.127
5.991633	13.82	-0.13	207.65	0.2	73.6	-1.51	3.0344	0.127
6.000033	18.49	4.78	211.38	-2.01	76.28	0.39	3.0255	0.1269
6.008333	23.94	9.5	213.38	-4.95	77.64	2.6	3.0207	0.1265
6.016633	28.27	11.77	212.53	-7.83	78.26	3.79	3.016	0.1261
6.025033	30.62	11.21	209.04	-10.75	78.23	3.44	3.0363	0.1257
6.033333	30.32	8.22	205.9	-13.74	77.36	1.54	3.063	0.1253
6.041633	28.35	4.54	202.41	-15.05	76.42	-0.14	3.0742	0.125
6.050033	24.49	1.5	198.8	-15.72	75.3	-1.75	3.0623	0.125
6.058333	19.21	-0.92	196.68	-17.71	73.9	-4.49	3.0504	0.125
6.066633	12.97	-3.37	195.89	-20.66	72.46	-8.13	3.0435	0.1246
6.075033	6.51	-6.09	195.6	-23.09	71.74	-10.77	3.0373	0.1242
6.083333	-0.51	-7.86	197.44	-26	71.38	-12.37	3.0416	0.1236
6.091633	-7.79	-8.58	201.47	-30.08	70.88	-13.99	3.0574	0.1227
6.100033	-13.95	-7.78	204.13	-34.75	70.59	-15.22	3.071	0.1219
6.108333	-18.8	-5.61	204.67	-40.06	70.39	-16.02	3.0762	0.1215
6.116633	-21.94	-4.46	201.45	-45.78	69.33	-16.83	3.0813	0.1211
6.125033	-23.1	-5.78	194.23	-50.8	67.51	-17.47	3.0852	0.1202
6.133333	-22.35	-9.11	186.7	-53.96	65.24	-17.65	3.0883	0.119
6.141633	-20.63	-13.32	181.8	-56.91	61.71	-19.02	3.0876	0.118
6.150033	-18.3	-17.09	178.11	-59.68	57.94	-20.94	3.0664	0.118
6.158333	-16.08	-19.09	174.06	-61.61	55.53	-21.65	3.0451	0.118
6.166633	-14.02	-19.44	170.03	-62.42	54.53	-20.81	3.0597	0.1173
6.175033	-10.88	-18.87	171.19	-62.34	53.09	-19.9	3.0855	0.1165
6.183333	-6.85	-16.32	178.94	-60.56	52.27	-18.37	3.0896	0.116
6.191633	-2.29	-12.02	189.86	-56.42	52.74	-15.47	3.07	0.116
6.200033	2.31	-6.36	198.07	-51.09	54.48	-11.41	3.0532	0.1159
6.208333	6.71	0.5	202.57	-45.62	57.06	-6.8	3.0687	0.1151
6.216633	10.19	6.78	204.91	-42.72	58.23	-4.31	3.0842	0.1143
6.225033	13.15	11.04	206.63	-42.35	56.88	-4.64	3.081	0.114
6.233333	14.91	13.23	206.3	-42.86	53.44	-6.46	3.063	0.114
6.241633	13.89	14.2	198.45	-42.95	50.12	-7.52	3.0481	0.1141
6.250033	11.26	14.36	185.41	-41.77	47.34	-7.57	3.0485	0.1145
6.258333	8.63	14.4	173.09	-39.08	44.87	-7.11	3.0489	0.1149
6.266633	6.31	14.51	164.19	-35.4	42.19	-6.7	3.041	0.1153
6.275033	5.39	14.49	154.53	-32.32	39.7	-6.08	3.0285	0.1158
6.283333	6.93	14.83	143.8	-27.18	38.67	-3.26	3.0182	0.1166
6.291633	9.55	15.89	131.81	-19.98	38.75	1.24	3.0103	0.1178
6.300033	12.71	18.07	119.42	-12.29	39.44	5.82	3.0023	0.119
6.308333	16.73	21.36	107.41	-5.08	40.59	9.8	2.9888	0.1198
6.316633	20.55	22.84	98.74	-0.47	41.54	12.84	2.9751	0.1206
6.325033	22.9	22.08	90.88	0.66	41.84	14.69	2.9528	0.121
6.333333	24.45	21.21	84.56	-1.07	41.31	15.06	2.9238	0.121
6.341633	24.69	21.71	84.35	-3.16	39.7	13.9	2.895	0.121
6.350033	23.38	23.15	89.69	-5.22	36.89	11.27	2.8713	0.121
6.358333	20.55	21.81	95.44	-5.01	32.49	8.08	2.8475	0.121
6.366633	17.3	17.42	101.76	-2.54	26.76	4.72	2.841	0.121
6.375033	14.58	12.2	109.88	-1.23	21.18	1.32	2.8442	0.121
6.383333	12.34	8.74	114.6	0.06	16.01	-2.03	2.8404	0.121
6.391633	10.23	6.94	116.17	1.07	11.03	-5.49	2.7858	0.121
6.400033	6.2	4.35	114.83	0.07	5.46	-9.5	2.7312	0.121
6.408333	0	-0.23	110.17	-3.05	-0.56	-13.82	2.7147	0.1203
6.416633	-5.18	-5.71	102.91	-2.98	-5.65	-16.43	2.6999	0.1196
6.425033	-7.97	-8.76	98.37	-1.97	-9.08	-17.7	2.6868	0.1187
6.433333	-9.1	-9.33	96.17	-2.19	-10.79	-18.24	2.6808	0.1173
6.441633	-10.22	-9.5	94.52	-2.19	-12.18	-18.69	2.6737	0.116
6.450033	-11.4	-9.43	93.43	-1.75	-13.38	-19.09	2.6424	0.116
6.458333	-12.52	-9.73	93.18	0.05	-14.58	-19.43	2.611	0.116
6.466633	-12.18	-10.05	92.8	4.27	-14.82	-18.99	2.585	0.1158
6.475033	-10.6	-9.92	92.37	9.55	-14.48	-18.21	2.5637	0.1154
6.483333	-10.81	-9.62	91.94	9.53	-15.05	-19.38	2.5432	0.115
6.491633	-12.7	-9.33	91.5	4.92	-16.24	-22.08	2.5281	0.1146
6.500033	-15.09	-9.7	91.39	0.72	-16.96	-24.09	2.513	0.1142
6.508333	-17.29	-10.81	91.94	-1.05	-17.26	-24.86	2.479	0.1142
6.516633	-19.33	-11.88	92.27	-3.05	-17.49	-26.19	2.4323	0.1147
6.525033	-21.02	-11.96	91.44	-7.12	-17.38	-28.77	2.3946	0.1152
6.533333	-22.37	-11.31	90.09	-11.89	-16.82	-31.56	2.3926	0.116
6.541633	-23.29	-10.69	88.7	-15	-15.35	-33.29	2.3906	0.1167
6.550033	-23.74	-10.42	87.24	-15.69	-12.78	-33.71	2.3721	0.1173
6.558333	-23.49	-10.58	84.91	-14.76	-9.84	-33.3	2.3457	0.1178
6.566633	-23	-10.53	81.78	-15.03	-7.66	-33.68	2.3124	0.1184
6.575033	-22.77	-10.24	78.73	-16.64	-6.35	-35.02	2.2727	0.1192
6.583333	-23.06	-10.33	77.19	-17.09	-5.56	-35.58	2.233	0.12
6.591633	-23.8	-11.02	77.39	-15.2	-5.11	-34.47	2.2097	0.1204
6.600033	-24.18	-11.27	76.7	-12.57	-5.21	-32.48	2.1863	0.1208
6.608333	-24.21	-10.82	74.58	-10.45	-5.99	-30.53	2.167	0.1205
6.616633	-23.52	-10.39	73.02	-9.47	-7.42	-29.07	2.1503	0.1197
6.625033	-22.28	-10.11	73.78	-9.85	-9.06	-28.26	2.1328	0.1189
6.633333	-20.58	-9.76	76.87	-11.26	-10.86	-27.94	2.1053	0.1181
6.641633	-18.39	-8.33	81.53	-11.83	-12.56	-27.16	2.0778	0.1173
6.650033	-15.4	-5.84	87.16	-11.48	-14.1	-25.83	2.0523	0.1167
6.658333	-11.67	-3.57	90.93	-10.68	-15.22	-24.19	2.0277	0.1163
6.666633	-8.02	-2.46	94.4	-9.27	-15.82	-22.51	2.0076	0.1159
6.675033	-4.36	-2.35	97.84	-7.17	-15.7	-20.79	2.0111	0.115
6.683333	-0.84	-1.95	100.1	-3.46	-14.22	-18.48	2.0146	0.1141
6.691633	2.37	-0.93	100.23	2.13	-11.39	-15.39	1.9873	0.113
6.700033	4.98	0.38	98.41	9.34	-8.04	-11.75	1.9559	0.1119
6.708333	7.41	0.87	94.56	16.41	-4.49	-8.37	1.9267	0.111
6.716633	9.67	0.57	88.03	22.29	-0.6	-5.59	1.9046	0.111
6.725033	11.79	0.74	81	26.13	3.6	-3.65	1.8825	0.111
6.733333	13.83	1.59	74.33	28.29	7.9	-2.41	1.865	0.1114
6.741633	15.92	3.32	70.14	30.35	11.21	-1.37	1.8483	0.1118
6.750033	17.83	5.39	67.58	32.02	12.89	-0.61	1.8419	0.1126
6.758333	17.97	7.25	64.64	32.8	13.11	-0.16	1.8485	0.1139
6.766633	16.22	8.86	60.48	32.5	12.71	0.06	1.8484	0.1151
6.775033	13.05	10.2	55.36	31.04	11.72	-0.02	1.8134	0.116
6.783333	9.76	11.05	50.92	29.26	9.59	-0.4	1.7784	0.1168
6.791633	6.34	11.37	48	28.51	6.13	-0.61	1.7619	0.1182
6.800033	2.2	11.83	46.7	27.09	1.78	-1.31	1.7511	0.1198
6.808333	-2.96	12.19	44.75	23.06	-2.53	-3.14	1.7402	0.1213
6.816633	-9	12.5	42.64	16.71	-6.64	-5.84	1.7285	0.1226
6.825033	-14	13.41	43.45	9.12	-10.41	-8.87	1.7169	0.1238
6.833333	-17.4	15.02	47.55	0.43	-13.79	-12.25	1.7103	0.124
6.841633	-19.33	16.97	53.27	-9.38	-16.06	-16.13	1.7048	0.124
6.850033	-21.1	19.44	59.63	-20.08	-16.83	-20.18	1.6914	0.1243
6.858333	-22.65	22.4	66.18	-30.55	-16.63	-23.93	1.6613	0.1252
6.866633	-23.41	25.08	72.11	-38.75	-16.02	-26.56	1.6361	0.1259
6.875033	-23.37	27.32	77.07	-44.58	-14.94	-27.99	1.6369	0.1255
6.883333	-23.02	28.9	79.77	-48.88	-13.2	-28.54	1.6377	0.1251
6.891633	-22.66	29.73	79.15	-52.24	-11.11	-28.74	1.6351	0.1247
6.900033	-22.16	30.1	77.6	-56.48	-9.13	-29.24	1.6305	0.1243
6.908333	-21.71	30.49	77.31	-62.25	-7.99	-30.06	1.6218	0.1237
6.916633	-21.47	31.06	77.77	-68.47	-7.68	-30.78	1.5999	0.1225
6.925033	-21.79	32.16	78.35	-73.95	-7.66	-31.01	1.5781	0.1213
6.933333	-22.7	33.82	79.32	-79.34	-7.64	-31.01	1.5693	0.1198
6.941633	-23.75	34.88	80.33	-83	-6.65	-30.76	1.5656	0.1181
6.950033	-24.51	35.2	82.03	-83.98	-4.76	-30.18	1.5596	0.1167
6.958333	-24.73	34.99	87.18	-83.69	-3.67	-29.73	1.5489	0.116
6.966633	-24.45	34.16	95.18	-81.07	-3.97	-28.96	1.5381	0.1152
6.975033	-23.77	32.62	105.21	-75.4	-5.52	-27.61	1.5445	0.1146
6.983333	-22.86	30.95	112.59	-68.25	-7.02	-26.38	1.5552	0.1142
6.991633	-21.47	28.95	117.68	-61.97	-8.32	-26.16	1.5597	0.114
7.000033	-19.83	26.28	120.68	-56.39	-9.43	-26.62	1.5608	0.114
7.008333	-18.39	24.04	122.25	-52.89	-11.43	-27.64	1.5619	0.114
7.016633	-17.03	22.5	122.78	-52.03	-14.7	-29.14	1.5571	0.1144
7.025033	-15.23	21.44	120.58	-53.09	-17.99	-30.48	1.5516	0.1149
7.033333	-13.14	20.74	114.08	-55.3	-20.34	-31.39	1.5497	0.1156
7.041633	-11.62	20.89	102.44	-59	-21.18	-32.42	1.5493	0.1164
7.050033	-10.56	21.29	90.63	-63.79	-21.66	-33.41	1.5538	0.1172
7.058333	-9.91	21.74	79.8	-69.2	-22.14	-34.25	1.5775	0.118
7.066633	-9.44	22.32	70.92	-74.34	-23.11	-35.09	1.6013	0.1188
7.075033	-9.08	23.15	63.9	-79.3	-24.55	-36.07	1.6104	0.1193
7.083333	-8.84	24.61	58.27	-81.41	-24.5	-35.88	1.616	0.1197
7.091633	-9.5	26.77	52.94	-79.63	-22.29	-34.55	1.6205	0.1202
7.100033	-11.09	29.2	47.13	-75.24	-18.59	-32.61	1.6221	0.1211
7.108333	-12.8	30.61	40.26	-70.18	-15.23	-30.48	1.6238	0.1219
7.116633	-14.48	30.83	33.47	-64.08	-12.51	-27.9	1.6132	0.1223
7.125033	-16.42	29.78	30.04	-56.16	-10.92	-24.47	1.6009	0.1227
7.133333	-18.61	27.69	28.8	-47.5	-9.98	-20.38	1.6013	0.1228
7.141633	-18.87	26.21	29.68	-39.13	-8.75	-16	1.6245	0.1224
7.150033	-16.34	25.71	32.86	-34.01	-8.63	-12.83	1.6401	0.122
7.158333	-12.09	25.64	37.77	-32.61	-10.02	-11.23	1.6254	0.122
7.166633	-8.78	25.17	43.68	-33.92	-12.61	-11.01	1.6107	0.122
7.175033	-6.36	25.08	52	-35.65	-15.17	-11.23	1.6026	0.1217
7.183333	-3.88	25.52	62.42	-37.05	-17.33	-11.72	1.5976	0.1213
7.191633	-0.79	26.71	71.4	-38.97	-18.33	-12.86	1.5976	0.121
7.200033	2.69	28.15	78.6	-41.28	-18.54	-14.68	1.6103	0.121
7.208333	3.93	27.34	83.47	-42.73	-19.53	-16.85	1.623	0.121
7.216633	1.92	23.5	86.05	-42.84	-21.75	-19.21	1.6311	0.1207
7.225033	-1.77	18.7	86.58	-41.79	-23.74	-21.41	1.6377	0.1203
7.233333	-4.41	14.29	86.59	-39.32	-25.09	-23.07	1.6399	0.1199
7.241633	-4.6	10.47	87.45	-35.29	-24.93	-23.59	1.6341	0.1194
7.250033	-2.11	7.27	89.64	-30.67	-22.8	-22.79	1.6282	0.119
7.258333	2.65	4.65	92.69	-25.87	-18.85	-20.83	1.6368	0.1178
7.266633	6.41	2.58	90.29	-22.9	-14.55	-19.36	1.646	0.1166
7.275033	9.59	1.96	83.05	-21.96	-9.28	-18.33	1.6551	0.1156
7.283333	12.04	3.49	74.84	-21.67	-2.63	-16.85	1.6642	0.1148
7.291633	13.12	5.99	68.16	-20.95	4.35	-14.62	1.673	0.114
7.300033	13.08	9.39	62.89	-19.76	11.53	-11.62	1.6726	0.1131
7.308333	12.31	13.29	56.6	-17.9	17.75	-8.23	1.6722	0.1123
7.316633	9.69	17.52	48.2	-15.48	22.31	-4.91	1.6867	0.1117
7.325033	4.43	19.76	38.34	-13.75	24.4	-3.21	1.7097	0.1113
7.333333	-0.19	20.08	33.74	-11.08	25.69	-1.78	1.7319	0.1109
7.341633	-3.7	19.92	34.56	-6.78	26.84	0.26	1.7482	0.1105
7.350033	-5.37	20.42	37.12	-1.35	28.28	3.14	1.7644	0.1101
7.358333	-5.11	21.19	39.27	4.44	29.78	6.36	1.7764	0.11
7.366633	-4.21	20.56	41.64	8.49	29.74	8.14	1.7877	0.11
7.375033	-4.55	18.59	45.32	10.33	28.36	8.09	1.7957	0.1102
7.383333	-5.29	15.72	48.52	10.21	26.5	6.65	1.7997	0.1106
7.391633	-4.65	14.69	49.25	9.71	25.85	5.82	1.8037	0.111
7.400033	-2.45	15.96	47.44	9.09	26.57	5.92	1.8247	0.111
7.408333	-1.69	16.01	46.59	7.23	25.6	4.4	1.8472	0.111
7.416633	-2.94	13	46.52	3.25	22.1	0.14	1.8733	0.1114
7.425033	-5.34	7.92	45.31	-1.69	17.34	-5.34	1.9026	0.1122
7.433333	-7.26	3.12	41.19	-4.76	13.81	-9.26	1.932	0.113
7.441633	-8.54	-0.48	35.32	-6.19	11.96	-11.48	1.9699	0.1134
7.450033	-9.9	-1.66	32.04	-7.1	11.62	-12.42	2.0078	0.1138
7.458333	-12.12	-0.82	32.99	-7.72	11.99	-12.48	2.0359	0.1143
7.466633	-15.1	-0.86	38.92	-6.1	12.38	-12.43	2.0574	0.1147
7.475033	-16.25	-1.06	46.55	-0.88	14.88	-10.96	2.0812	0.1152
7.483333	-15.86	-0.51	53.82	4.84	18.75	-8.5	2.11	0.116
7.491633	-15.21	1.15	59.6	5.23	21.6	-7.16	2.1388	0.1168
7.500033	-14.9	3.29	65.17	-0.47	22.6	-7.98	2.1528	0.117
7.508333	-13.85	5.86	72.27	-6.32	23.29	-9.26	2.1598	0.117
7.516633	-12.21	7.23	78.34	-11.45	23	-11	2.1822	0.1172
7.525033	-10.4	7.01	83.46	-16.93	21.42	-13.51	2.2276	0.1176
7.533333	-8.95	7.7	86.99	-25.88	18.94	-16.39	2.273	0.118
7.541633	-7.81	10.38	87.12	-37.76	16.14	-18.9	2.296	0.118
7.550033	-6.5	13.56	82.82	-46.39	14.35	-19.82	2.319	0.118
7.558333	-4.58	15.88	77.15	-47.11	14.65	-18.54	2.3468	0.118
7.566633	-2.55	18.12	73.74	-41.96	17.2	-15.81	2.3796	0.118
7.575033	-1.78	19.91	71.35	-37.45	20.18	-13.69	2.406	0.1179
7.583333	-2.15	20.71	69.91	-32.85	23.26	-11.94	2.4185	0.1175
7.591633	-2.93	19.5	69.19	-25.23	25.89	-9.69	2.431	0.1171
7.600033	-3.66	16.67	69.08	-13.45	28.38	-6.59	2.4662	0.117
7.608333	-3.82	13.24	70.26	-1.49	30.75	-3.52	2.512	0.117
7.616633	-3.41	10.03	75.58	6.73	32.5	-1.43	2.5544	0.1171
7.625033	-2.92	7.93	82.08	11.64	33.18	-0.33	2.5882	0.1175
7.633333	-2.2	6.77	84.16	15.56	32.36	0.54	2.6219	0.1179
7.641633	-1.09	6.04	80.72	19.3	30.01	1.44	2.6293	0.1187
7.650033	-0.41	4.92	78.58	20.32	27	1.15	2.6284	0.1196
7.658333	-0.5	4.8	77.9	16.73	24.18	-0.9	2.6444	0.1205
7.666633	-0.83	4.96	77.48	10.61	21.55	-4.34	2.6718	0.1213
7.675033	-1.79	4.33	77.49	5.48	18.83	-8.51	2.699	0.1221
7.683333	-3.71	2.91	77.75	1.85	15.98	-13.11	2.724	0.1229
7.691633	-6.65	1.14	79.02	-2.23	13.77	-17.44	2.749	0.1237
7.700033	-10.29	-1.58	83.26	-7.03	12.48	-21.51	2.7702	0.1243
7.708333	-13.62	-4.86	92.87	-12.57	12.29	-25.11	2.7897	0.1247
7.716633	-15.65	-7.25	102.02	-17.08	12.71	-27.18	2.8096	0.1251
7.725033	-16.31	-8.96	109.74	-19.82	13.73	-27.82	2.8321	0.1255
7.733333	-15.86	-9.97	114.22	-20.5	15.29	-27.67	2.8546	0.1259
7.741633	-14.57	-9.89	116.35	-20.03	17.46	-26.76	2.882	0.126
7.750033	-12.44	-8.55	120.2	-17.45	20.98	-23.43	2.911	0.126
7.758333	-8.88	-7.28	127.94	-11.24	25.56	-18.36	2.9296	0.126
7.766633	-3.9	-6.27	139.13	-4.1	30.65	-13.24	2.9152	0.126
7.775033	1.59	-5.96	150.38	2.02	35.63	-9.52	2.904	0.126
7.783333	7.08	-6.36	160.07	7.58	40.53	-6.95	2.9286	0.126
7.791633	11.44	-6.83	165.48	13.93	45.76	-4.02	2.9532	0.126
7.800033	14.4	-6.66	169.66	18.72	51.4	-0.45	2.9696	0.126
7.808333	15.79	-6.6	174.6	21.16	56.36	2.42	2.9796	0.126
7.816633	15.6	-7.46	177.96	20.14	59.25	2.13	2.9875	0.126
7.825033	14.32	-8.38	180.1	15.41	60.42	-0.91	2.9843	0.126
7.833333	13.51	-6.39	182.65	8.86	61.41	-3.7	2.9811	0.126
7.841633	13.15	-1.33	185.99	2.61	62.64	-4.93	2.9901	0.126
7.850033	11.45	3.71	187.2	-3.68	63.15	-6	3.006	0.126
7.858333	8.72	7.11	188.54	-12.1	62.16	-8.79	3.0199	0.1259
7.866633	5.68	9.21	190.8	-21.67	60.08	-12.89	3.0278	0.1255
7.875033	3.46	11.14	192.7	-30.4	58.41	-16.6	3.0358	0.1251
7.883333	2.19	13.27	192.92	-37.87	57.74	-19.27	3.0333	0.1247
7.891633	1.39	14.99	191.44	-44.54	57.55	-21.59	3.0267	0.1242
7.900033	-0.5	13.55	187.12	-49.66	56.81	-24.91	3.0281	0.1237
7.908333	-3.3	9.2	179.19	-51.5	56.2	-28.02	3.0396	0.1229
7.916633	-4.87	5.2	170.53	-48.51	57.22	-28.66	3.0511	0.1221
7.925033	-4.43	2.72	162.56	-40.69	60.24	-26.39	3.0378	0.1216
7.933333	-2.37	1.94	157.89	-32.75	63.75	-23.24	3.0224	0.1212
7.941633	0.37	2.43	155.52	-25.92	67.27	-19.71	3.0226	0.1206
7.950033	3.88	3.73	156.38	-19.63	70.35	-15.82	3.0373	0.1198
7.958333	8.13	5.41	160.51	-12.94	73	-11.31	3.052	0.119
7.966633	12.4	7.29	166.93	-6.65	75.28	-6.43	3.0266	0.1181
7.975033	14.97	8.78	174.43	-4.3	76.58	-3.05	3.0011	0.1172
7.983333	15.67	9.64	183.74	-7.52	76.27	-2.28	3.0123	0.1161
7.991633	15.48	10.34	193.96	-14.33	74.59	-3.08	3.0377	0.1148
8.000033	14.3	10.49	201.44	-20.57	72.72	-3.55	3.0555	0.1139
8.008333	12.23	10.09	205.71	-26.83	70.48	-4.13	3.0571	0.1135
8.016633	9.38	9.6	205.11	-34.59	68.07	-5.46	3.0587	0.1131
8.025033	5.72	9.19	199.27	-44.08	65.66	-7.53	3.0387	0.1127
8.033333	1.13	9.19	189.98	-53.36	62.54	-9.76	3.0133	0.1123
8.041633	-2.97	9.93	179.35	-60.46	58.55	-11.48	3.007	0.112
8.050033	-6.15	10.95	167.57	-64.67	53.9	-12.49	3.0297	0.112
8.058333	-8.93	11.29	155.73	-67.16	48.58	-13.6	3.0523	0.112
8.066633	-11.47	11.07	144.2	-68.69	42.56	-15.06	3.0319	0.1116
8.075033	-13.61	11.28	134.06	-69.67	36.21	-16.45	3.0057	0.1112
8.083333	-15.51	11.92	126.03	-69.2	29.77	-17.11	2.9947	0.1112
8.091633	-17.26	12.68	121.88	-67.13	23.99	-17.42	3.0004	0.1116
8.100033	-18.05	13.15	122.16	-64.42	20.11	-17.97	3.0078	0.112
8.108333	-17.69	13.17	125.99	-60.77	17.91	-18.46	3.0218	0.112
8.116633	-16.44	12.88	131.21	-55.74	16.32	-18.34	3.0358	0.112
8.125033	-14.73	12.77	137.62	-50.12	15.11	-17.83	3.0255	0.1125
8.133333	-11.71	13.23	143.01	-44.75	14.25	-17.13	2.9962	0.1134
8.141633	-7.39	13.46	146.13	-38.95	13.55	-16.3	2.972	0.1142
8.150033	-2.44	13.37	148.69	-33.38	13.1	-15.5	2.9613	0.115
8.158333	2.47	13.18	150.79	-28.9	12.27	-14.51	2.9506	0.1158
8.166633	7.26	13.11	150.8	-25.56	10.45	-13.04	2.9477	0.116
8.175033	10.22	13.03	146.82	-22.87	7.73	-11.53	2.9472	0.116
8.183333	11.18	13.29	140.83	-21.99	4.98	-10.77	2.93	0.116
8.191633	10.87	14.08	132.28	-23.1	2.35	-10.84	2.8946	0.116
8.200033	8.96	14.94	122.85	-25.24	-0.02	-11.62	2.8617	0.116
8.208333	5.04	15.34	113.7	-28.08	-2.24	-13.09	2.8573	0.1164
8.216633	-0.76	13.7	105.84	-31.03	-4.93	-15.33	2.8529	0.1168
8.225033	-7.7	10.13	97.42	-33.37	-8.2	-18.18	2.8421	0.1172
8.233333	-14.94	5.98	87.44	-34.42	-11.51	-21.01	2.8263	0.1177
8.241633	-20.43	2.28	77.9	-34.67	-14.33	-23.35	2.8121	0.118
8.250033	-24.24	-0.74	68.9	-34.78	-16.58	-25.4	2.8066	0.118
8.258333	-27.32	-2.51	61.27	-36.63	-18.19	-27.67	2.801	0.118
8.266633	-30.24	-3.2	55.44	-40.1	-19.29	-30.1	2.7761	0.1183
8.275033	-29.64	-2.48	54.23	-41.29	-17.91	-30.51	2.7402	0.1187
8.283333	-24.81	1.32	55.05	-39.96	-13.44	-28.57	2.7085	0.1191
8.291633	-17.25	7.78	56.92	-37.09	-6.84	-24.95	2.6896	0.1195
8.300033	-9.56	15.02	59.76	-34.69	0.14	-21.09	2.6708	0.12
8.308333	-2.15	22.3	64.27	-33.19	7.21	-17.33	2.6536	0.12
8.316633	3.86	28.42	67.64	-30.13	13.73	-13.75	2.6366	0.12
8.325033	8.56	32.56	69.32	-23.25	19.41	-9.75	2.6251	0.1203
8.333333	14.24	35.71	74.01	-13.64	24.65	-4.41	2.6207	0.1211
8.341633	18.35	38.17	79.83	-5.51	27.71	0.45	2.6163	0.1219
8.350033	20.08	39.69	85.26	0.31	28.06	3.97	2.5691	0.122
8.358333	18.71	39.78	86.91	2.6	25.24	4.38	2.5182	0.122
8.366633	16.16	38.99	86.05	2.63	20.5	2.53	2.5018	0.1223
8.375033	13.11	36.39	85.16	3.52	15.56	0.3	2.4962	0.1227
8.383333	10.87	32.73	87.42	4.05	11.34	-1.66	2.4836	0.123
8.391633	9.55	28.65	92.84	3.52	7.37	-3.5	2.4486	0.123
8.400033	6.84	24.3	96.25	1.86	2.15	-6.52	2.4136	0.123
8.408333	2.02	19.37	96.16	-0.58	-4.45	-11	2.38	0.123
8.416633	-3.96	13.7	95.87	-3.08	-9.82	-15.95	2.3467	0.123
8.425033	-8.9	8.14	99.92	-3.46	-12.36	-18.92	2.3121	0.1229
8.433333	-12.71	3.04	106	-1.37	-12.28	-19.57	2.2751	0.1225
8.441633	-15.94	-0.13	108.18	0.64	-11.68	-19.27	2.238	0.122
8.450033	-18.78	-1.27	106.87	1.32	-11.15	-18.73	2.2153	0.1224
8.458333	-21.36	-1.19	105.16	-0.73	-11.01	-18.79	2.1939	0.1228
8.466633	-23.68	-1.06	103.52	-4.38	-10.17	-19.11	2.176	0.123
8.475033	-25.26	-0.5	102.74	-7.67	-8.04	-18.85	2.1635	0.123
8.483333	-26.16	1.09	101.21	-9.88	-6.53	-17.9	2.147	0.1229
8.491633	-26.56	3.63	98.33	-11.54	-5.92	-16.55	2.1181	0.1225
8.500033	-26.9	6.55	95.42	-14.11	-6.15	-15.69	2.0891	0.1221
8.508333	-27.31	9.32	95.95	-18.15	-6.9	-15.82	2.0708	0.1214
8.516633	-27.35	11.37	99.59	-21.99	-8.02	-16.4	2.0566	0.1206
8.525033	-26.79	12.81	103.63	-23.41	-8.71	-16.31	2.0357	0.1197
8.533333	-25.62	13.98	107.39	-22.75	-8.77	-15.54	2.0004	0.119
8.541633	-24.33	15.01	109.02	-22.46	-8.51	-14.85	1.9651	0.1182
8.550033	-23.1	15.74	108.23	-23.31	-8.14	-14.58	1.955	0.1177
8.558333	-21.42	15.9	105.73	-25.66	-8.35	-14.41	1.9512	0.1172
8.566633	-18.88	15.63	102.54	-28.53	-9.07	-13.77	1.9388	0.1172
8.575033	-15.75	14.86	98.61	-30.64	-9.75	-12.81	1.9134	0.1176
8.583333	-12.58	14.17	93.36	-32.2	-9.92	-11.84	1.888	0.118
8.591633	-9.46	13.72	86.64	-33.46	-9.53	-10.92	1.8599	0.1184
8.600033	-6.33	14.98	78.63	-36.15	-9.07	-11.05	1.8314	0.1188
8.608333	-3.16	17.55	70.35	-39.85	-8.88	-12.32	1.8145	0.1188
8.616633	0.1	20.91	63.47	-44.35	-8.62	-13.82	1.8055	0.1184
8.625033	3.14	25.22	58.51	-48.69	-7.41	-15.19	1.7964	0.118
8.633333	5.68	30.23	54.53	-52.79	-5.44	-16.69	1.764	0.118
8.641633	7.4	35.18	49.26	-57.99	-4.02	-18.84	1.7307	0.118
8.650033	8.48	40.13	42.69	-65.13	-3.52	-21.56	1.7132	0.1183
8.658333	9.77	45.49	37.84	-71.99	-2.95	-23.73	1.7032	0.1187
8.666633	11.34	49.47	35.61	-76.23	-1.88	-24.22	1.6898	0.119
8.675033	12.79	51.2	35.84	-77.95	-0.81	-23.54	1.6677	0.119
8.683333	13.38	49.7	36.53	-77.72	-0.93	-23.51	1.6456	0.119
8.691633	13.07	45.21	36.87	-75.64	-2.39	-24.57	1.6332	0.1183
8.700033	12.37	40.41	36.25	-73.37	-4.03	-25.96	1.6221	0.1175
8.708333	11.91	36.58	36.7	-71.15	-4.93	-26.9	1.6103	0.1166
8.716633	11.36	32.92	40.47	-66.6	-4.82	-26.86	1.5972	0.1154
8.725033	9.44	27.99	47.37	-58.91	-4.37	-26.25	1.5841	0.1142
8.733333	6.37	22.12	56.64	-49.29	-3.84	-25.44	1.5855	0.1133
8.741633	4.28	18	66.49	-42.27	-3.38	-24.97	1.5897	0.1125
8.750033	3.84	17.08	77.24	-37.5	-2.09	-23.92	1.5847	0.1118
8.758333	3.43	17.88	85.93	-33.17	0.05	-21.85	1.568	0.1114
8.766633	2.22	17.58	93.14	-27.02	2.21	-19.16	1.5531	0.1109
8.775033	0.49	16.44	99.96	-19.36	4.3	-15.93	1.5472	0.1105
8.783333	-0.41	17.58	106.77	-14.55	6.27	-12.7	1.5414	0.1101
8.791633	-0.07	22.03	110.73	-15.63	7.81	-10.19	1.5463	0.1097
8.800033	0.22	27.07	112.37	-20.61	7.8	-8.78	1.5547	0.1093
8.808333	-1.45	30.37	113.69	-24.53	6.66	-7.48	1.5595	0.1091
8.816633	-5.1	31.94	113.56	-27.61	4.55	-6.46	1.5532	0.1095
8.825033	-9.07	33.3	112.49	-32.09	1.84	-6.45	1.547	0.1099
8.833333	-12.63	34.93	111.55	-38	-1.33	-7.32	1.548	0.1103
8.841633	-15.08	36.11	110.48	-41.92	-4.25	-7.62	1.5504	0.1107
8.850033	-17.43	34.56	106.69	-41.88	-7.14	-7.37	1.5573	0.1113
8.858333	-19.76	30.97	100.54	-38.8	-9.81	-7.11	1.574	0.1122
8.866633	-21.16	28.1	92.09	-34.28	-10.91	-6.54	1.5862	0.1132
8.875033	-21.45	26.39	81.29	-28.54	-10.2	-5.56	1.5751	0.1144
8.883333	-20.85	24.53	68.87	-24.45	-9.24	-4.88	1.564	0.1156
8.891633	-19.39	22.49	57.24	-21.57	-8.42	-4.18	1.5726	0.1165
8.900033	-17.78	20.7	46.87	-18.99	-7.71	-3.72	1.5923	0.1172
8.908333	-17.25	19.28	37.41	-18.95	-7.81	-4.93	1.612	0.118
8.916633	-17.01	18.69	30.96	-21.57	-8.57	-7.52	1.6081	0.1184
8.925033	-15.31	19.19	31.65	-26.19	-9.83	-10.34	1.6041	0.1189
8.933333	-12.1	20.39	39.28	-32.27	-11.71	-13.11	1.6135	0.119
8.941633	-9.12	21.61	46.72	-39.17	-14.33	-16.01	1.6281	0.119
8.950033	-6.59	23.98	52.65	-43.64	-16.38	-18.25	1.6381	0.1189
8.958333	-4.19	26.8	59.29	-44.94	-17.5	-19.5	1.6385	0.1185
8.966633	-1.23	29.27	67.32	-44.13	-17.69	-19.61	1.6389	0.1181
8.975033	2.49	31.21	76.54	-41.75	-17.03	-18.59	1.6453	0.1176
8.983333	6.65	32.95	84.05	-38.06	-15.94	-16.99	1.6532	0.1172
8.991633	9.66	33.6	85.27	-32.86	-14.82	-15.47	1.6551	0.1165
9.000033	11.06	33.12	79.8	-27.2	-12.84	-13.86	1.6536	0.1158
9.008333	12.43	32.14	74.64	-22.17	-9.52	-11.93	1.6522	0.1151
9.016633	14.01	30.86	70.94	-18.11	-5.15	-9.67	1.674	0.1146
9.025033	14.77	30.05	63.99	-16.55	-1.32	-7.62	1.699	0.1141
9.033333	14.54	30.11	52.56	-17.88	1.78	-5.97	1.7089	0.1137
9.041633	13	30.58	41.56	-19.8	4.26	-4.93	1.7128	0.1133
9.050033	9.61	30.59	33.01	-21.37	6.41	-4.29	1.7199	0.113
9.058333	4.64	29.78	26.46	-22.36	8.39	-3.75	1.7395	0.113
9.066633	-0.48	27.55	20.85	-21.23	9.66	-2.76	1.7591	0.113
9.075033	-5.6	23.93	16.32	-17.58	9.89	-1.39	1.7808	0.113
9.083333	-10.94	19.37	15.12	-13.21	9.49	-1.43	1.803	0.113
9.091633	-15.84	13.88	19.92	-7.59	9.7	-2.92	1.8261	0.113
