0
1
2
3
4
5
8
9
1031
1033
1034
1059
1060
1066
1067
1068
1069
1070
1071
1072
1073
1081
1116
1117
1127
1128
1129
1180
1182
1192
1194
1195
1202
1215
1216
1217
1218
1220
1224
1244
1245
1246
1249
1250
1252
1272
1278
1279
1280
1283
1284
1285
1288
1289
1296
1297
1298
1300
1301
1302
1304
1305
1306
1308
1309
1319
1322
1323
1325
1327
1329
1338
1340
1345
1346
1348
1350
1351
1352
1353
1355
1357
1365
1367
1370
1371
1372
1373
1374
1375
1376
1379
1380
1383
1384
1386
1387
1388
1390
1391
1392
1394
1395
1396
1397
1399
1400
1401
1402
1403
1404
1405
1406
1407
1408
1410
1411
1412
1413
1414
1415
1416
1417
1418
1419
1421
1424
1426
1427
1428
1429
1430
1431
1432
1433
1434
1435
1436
1437
1438
1441
1442
1443
1444
1447
1448
1450
1451
1453
1455
1459
1460
1462
1464
1467
1468
1470
1471
1472
1475
1480
2055
2056
2062
2063
2064
2065
2071
2074
2091
2092
2098
2099
2100
2101
2103
2104
2105
2106
2108
2109
2110
2111
2112
2114
2115
2117
2127
2129
2130
2131
2149
2150
2151
2157
2158
2159
2160
2161
2162
2166
2172
2173
2175
2178
2179
2180
2185
2188
2190
2191
2192
2193
2195
2197
2199
2200
2202
2204
2205
2206
2207
2261
2262
2302
2308
2309
2310
2370
2372
2393
2394
2510
2511
2512
2513
2514
2515
2776
2779
2801
2857
2860
2871
2872
2873
2880
2882
2955
2956
2960
2962
3016
3149
3150
3151
3159
3161
3162
3163
3164
3178
3180
3181
3182
3185
3222
3223
3224
3273
3274
3275
3277
3280
3284
3294
3331
3333
3335
3336
3350
3351
3361
3363
3364
3398
3399
3400
3420
3421
3481
3482
3483
3536
3546
3547
3548
3550
3593
3608
3609
3610
3611
3612
3637
3638
3639
3688
3759
3789
3791
3792
3815
3817
3818
3819
3827
4029
4031
4032
4039
4041
4047
5154
5155
5161
5163
5226
5227
5228
5244
5245
5248
5250
5253
5257
5271
5273
5278
5291
5300
5301
5304
5305
5306
5310
5312
5314
5464
5465
5483
5484
5485
5486
5487
5488
5727
5728
5729
5730
5758
5760
5761
6175
6178
6179
6180
6185
6186
6188
6189
6190
6192
6583
6585
6587
6608
6611
6616
6709
6716
6717
6718
6857
6992
7041
7042
7043
7067
7068
7070
7154
7155
7157
7331
7333
7336
8127
8183
8184
8185
8186
8294
8295
8297
8310
9025
9042
9043
9044
9045
9077
9078
9079
9080
9081
9082
9084
9097
9098
9129
9133
9134
9135
9136
9351
9358
9359
9363
9364
9365
9366
9420
9477
9565
9717
9741
9744
9745
9859
9861
9863
9947
9985
10207
10208
10209
10210
10211
10212
10215
10217
10277
10413
10415
10447
10448
10750
10814
10845
10847
10956
10978
10979
10980
11015
11050
11197
11198
27864
27866
27938
27941
27942
27954
27984
27990
28005
28007
28008
28011
28025
28030
28031
28073
28074
28095
28096
28106
28107
28108
28112
28116
28117
28123
28130
28131
28132
28145
28146
28148
28155
28156
28158
28161
28183
28186
28188
28207
28208
28210
28212
28213
28214
28225
28230
28278
28315
28337
28339
28340
28341
28344
28357
28362
28379
28384
28411
28432
28434
28435
28437
28438
28460
28466
28522
28523
28524
28525
28527
28528
28529
28548
28560
28561
28566
28598
28599
28600
28601
28602
28603
28605
28610
28633
28634
28635
28636
28637
28638
28648
28650
28677
28690
28707
28712
28722
28747
28750
28753
28768
28769
28770
28771
28799
28821
28822
28824
28870
28871
28872
28874
28875
28876
28877
28878
28880
28881
28889
28890
28891
28892
28893
28894
28896
28904
28905
28910
28911
28913
28915
28917
28918
28919
28934
28938
28949
28950
28951
28952
28953
28954
28957
28958
28976
28977
28979
28980
28981
28982
28984
28994
28995
28997
28998
28999
29007
29011
29014
29015
29017
29019
29020
29021
29023
29025
29028
29029
29030
29032
29047
29053
29054
29055
29057
29082
29090
29091
29093
29094
29095
29119
29120
29121
29122
29142
29143
29161
29162
29164
29165
29166
29173
29174
29176
29177
29178
29179
29180
29181
29187
29188
29189
29190
29191
29192
29204
29205
29206
29208
29209
29210
29211
29212
29223
29224
29225
29228
29229
29239
29240
29241
29242
29248
29258
29267
29268
29269
29270
29271
29285
29286
29288
29290
29291
29302
29303
29311
29313
29314
29315
29338
29341
29342
29345
29356
29367
29368
29369
29374
29376
29377
29378
29394
29395
29396
29397
29398
29401
29408
29413
29414
29415
29416
29417
29418
29419
29445
29446
29447
29450
29453
29459
29462
29463
29464
29465
29466
29490
29491
29511
29520
29521
29527
29548
29549
29550
29551
29552
29553
29558
29559
29560
29561
29562
29563
29590
29591
29597
29599
29600
29602
29603
29604
29605
29606
29622
29623
29626
29628
29630
29632
29633
29634
29636
29637
29654
29657
29667
29668
29670
29671
29672
29673
29674
29675
29678
29679
29698
29699
29700
29702
29730
29733
29734
29735
29737
29738
29741
29745
29746
29747
29748
29776
29778
29797
29801
29802
29813
29824
29835
29866
29867
29879
29881
29883
29885
29894
29895
29896
29897
29898
29899
29900
29902
29905
29942
29943
29944
29945
29946
29948
29960
29961
29964
29994
29995
30033
30058
30060
30063
30064
30071
30073
30074
30075
30076
30091
30097
30109
30110
30111
30113
30114
30115
30120
30128
30130
30135
30136
30137
30138
30145
30146
30150
30172
30189
30190
30192
30194
30197
30198
30199
30200
30201
30202
30203
30207
30227
30242
30248
30255
30256
30278
30279
30281
30328
30329
30346
30349
30350
30351
30373
30375
30377
30378
30380
30381
30418
30422
30423
30424
30425
30427
30428
30430
30431
30432
30436
30437
30438
30439
30468
30469
30472
30474
30475
30476
30480
30482
30485
30487
30490
30492
30499
30515
30516
30517
30518
30519
30520
30521
30522
30526
30527
30547
30548
30555
30566
30570
30571
30573
30575
30576
30577
30579
30581
30588
30591
30596
30600
30607
30611
30612
30613
30616
30617
30618
30619
30621
30622
30632
30634
30635
30636
30637
30654
30655
30658
30659
30665
30666
30667
30673
30701
30707
30708
30709
30710
30728
30729
30731
30732
30733
30734
30737
30751
30760
30761
30768
30769
30770
30772
30773
30774
30775
30776
30778
30779
30780
30781
30782
30783
30784
30788
30798
30799
30800
30801
30802
30808
30810
30813
30820
30822
30827
30829
30832
30837
30838
30839
30855
30857
30858
30859
30860
30861
30862
30863
30866
30871
30875
30876
30877
30879
30882
30883
30884
30885
30888
30889
30893
30894
30895
30922
30923
30924
30925
30932
30936
30937
30938
30939
30942
30945
30947
30948
30950
30951
30959
30960
30961
30962
30963
30966
30968
30969
30978
30990
30995
30999
31001
31002
31003
31008
31012
31013
31018
31019
31021
31046
31049
31050
31053
31061
31062
31063
31066
31073
31074
31078
31097
31102
31103
31104
31106
31108
31109
31110
31112
31114
31115
31117
31118
31132
31135
31136
31137
31138
31139
31167
31169
31171
31174
31176
31177
31178
31179
31180
31181
31183
31184
31185
31186
31187
31188
31191
31192
31194
31195
31196
31202
31203
31205
31206
31207
31208
31209
31210
31220
31232
31234
31239
31240
31243
31246
31249
31250
31269
31273
31279
31282
31283
31284
31285
31286
31288
31290
31291
31292
31293
31295
31296
31297
31298
31299
31301
31302
31303
31305
31306
31322
31323
31324
31325
31326
31327
31328
31329
31330
31331
31332
31333
31334
31335
31337
31338
31339
31340
31341
31346
31347
31348
31349
31361
31363
31365
31367
31370
31371
31372
31374
31378
31379
31380
31381
31382
31383
31386
31389
31390
31391
31395
31410
31411
31412
31413
31414
31415
31416
31418
31420
31422
31423
31425
31426
31427
31428
31429
31430
31431
31432
31442
31443
31445
31446
31447
31449
31451
31452
31453
31454
31455
31457
31459
31460
31465
31468
31469
31470
31471
31473
31474
31476
31479
31483
31485
31486
31494
31496
31497
31499
31502
31503
31504
31505
31506
31507
31519
31521
31522
31523
31524
31525
31526
31527
31529
31530
31531
31533
31535
31536
31537
31538
31539
31540
31543
31545
31546
31548
31562
31563
31564
31565
31566
31567
31569
31570
31582
31583
31586
31588
31599
31600
31604
31605
31610
31617
31618
31619
31620
31621
31623
31625
31627
31635
31637
31638
31639
31642
31643
31647
31649
31651
31654
31655
31656
31658
31659
31660
31661
31662
31663
31664
31666
31667
31669
31674
31675
31677
31679
31680
31681
31683
31684
31686
31688
31690
31691
31699
31701
31703
31705
31708
31711
31712
31713
31715
31716
31717
31718
31719
31720
31722
31725
31728
31729
31730
31732
31734
31736
31737
31739
31743
31744
31745
31746
31748
31754
31755
31758
31759
31762
31763
31765
31766
31767
31768
31769
31770
31771
31772
31773
31776
31777
31778
31779
31780
31782
31783
31784
31785
31787
31788
31789
31790
31791
31792
31794
31795
31796
31797
31798
31799
31800
31802
31803
31806
31808
31809
31810
31811
31812
31814
31817
31818
31821
31822
31823
31825
31826
31827
31829
31831
31833
31835
31836
31837
31838
31841
31842
31843
31844
31845
31846
31847
31848
31849
31852
31853
31855
31856
31858
31860
31861
31862
31863
31864
31866
31868
31869
31870
31871
31872
31873
31874
31875
31876
31877
31880
31882
31883
31884
31885
31886
31888
31889
31890
31892
31893
31894
31898
31902
31903
31906
31907
31908
31909
31910
31911
31912
31913
31914
31917
31918
31919
31920
31922
31924
31925
31926
31927
31928
31930
31933
31936
31939
31940
31941
31942
31947
31949
31951
31952
31953
31955
31956
31957
31958
31960
31962
31963
31964
31965
31966
31967
31968
31969
31970
31971
31972
31973
31975
31976
31977
31978
31979
31982
31983
31987
31989
31991
31992
31993
31994
31995
31999
32000
32001
32003
32004
32005
32007
32008
32010
32011
32012
32013
32016
32017
32020
32024
32026
32032
32034
32035
32036
32037
32038
32039
32040
32042
32043
32044
32045
32046
32048
32050
32052
32054
32055
32056
32057
32061
32065
32067
32069
32074
32075
32077
32078
32079
32080
32083
32084
32090
32091
32092
32093
32097
32099
32101
32102
32104
32107
32109
32110
32112
32119
32121
32122
32123
32124
32125
32127
32130
32131
32134
32138
32139
32141
32142
32145
32151
32154
32155
32157
32158
32159
32161
32162
32164
32168
32170
32172
32173
32177
32178
32179
32181
32186
32191
32193
32196
32198
32200
32203
32206
32208
32210
32211
32213
32214
32216
32217
32219
32220
32222
32223
32224
32225
32226
32227
32228
32229
32230
32231
32233
32234
32235
32239
32242
32243
32247
32248
32250
32256
32258
32259
32262
32263
32264
32265
32266
32267
32269
32271
32276
32279
32280
32281
32284
32285
32286
32288
32292
32294
32296
32298
32299
32306
32308
32310
32315
32316
32317
32318
32322
32323
32324
32327
32328
32329
32332
32334
32335
32338
32339
32340
32341
32344
32345
32348
32350
32351
32353
32354
32357
32359
32360
32363
32364
32366
32369
32371
32374
32376
32377
32379
32381
32383
32384
32385
32386
32389
32391
32394
32396
32398
32399
32400
32405
32406
32407
32408
32409
32413
32414
32415
32416
32418
32419
32426
32430
32432
32436
32439
32440
32442
32446
32448
32451
32452
32453
32454
32455
32458
32459
32462
32463
32466
32469
32471
32473
32474
32475
32477
32480
32485
32487
32488
32490
32494
32495
32497
32501
32509
32510
32513
32515
32517
32518
32521
32522
32525
32526
32531
32533
32536
32537
32540
32543
32545
32547
32548
32550
32552
32553
32556
32559
32562
32564
32565
32567
32569
32571
32575
32579
32581
32585
32592
32595
32597
32599
32604
32609
32611
32614
32615
32617
32618
32619
32620
32622
32623
32626
32633
32634
32635
32636
32637
32640
32643
32645
32652
32653
32661
32662
32664
32665
32669
32671
32672
32673
32677
32679
32681
32683
32684
32685
32687
32688
32691
32693
32694
32699
32703
32705
32707
32708
32710
32715
32716
32718
32720
32725
32726
32727
32728
32731
32735
32736
32742
32750
32755
32757
32758
32762
32763
32769
32770
32772
32777
32779
32787
32791
32792
32794
32796
32799
32800
32801
32803
32804
32805
32809
32812
32814
32816
32824
32825
32829
32830
32832
32833
32835
32836
32838
32843
32845
32850
32858
32869
32878
32905
32924
32939
32958
33789
33790
33799
33802
33803
33804
33805
33806
33807
33809
33811
33812
33819
33824
33827
33830
33831
33833
34080
34240
34350
34386
34492
34537
34572
34603
34671
34717
34777
34984
35175
35777
35793
35804
35808
35809
35817
35819
35821
35823
35825
35857
35860
35862
35889
35939
36093
36118
36119
36164
36277
36405
36467
36530
36531
36661
36681
36780
36782
36836
36853
36869
37476
37481
37488
37491
37493
37494
37505
37509
37511
37512
37523
37527
37532
37535
37538
37550
37552
37553
37555
37558
37564
37565
37566
37567
37568
37569
37575
37580
37582
37599
37702
37726
37734
