Time(sec)	Fx	Fy	Fz	Tx	Ty	Tz	GON	GRFz
1.683333	0.91	-1.87	305.86	-21	50.62	1.47	3.1134	0.1996
1.691733	5.59	2.75	308.07	-21.6	49.99	2.07	3.1144	0.1979
1.700033	10.48	7.78	308.87	-21.5	50.7	3.05	3.1367	0.1959
1.708333	13.78	12.92	307.28	-21.07	52.62	4.05	3.1572	0.1939
1.716733	15.73	18.12	303.75	-20.23	55.58	5.14	3.1363	0.191
1.725033	17.88	22.72	301.42	-18.84	58.76	6.42	3.1155	0.188
1.733333	19.92	26.57	300.34	-17.59	62.32	7.44	3.1258	0.1842
1.741733	21.54	28.96	300.85	-17.64	66.94	7.77	3.1536	0.1798
1.750033	21.78	29.3	300.02	-15.52	71.74	8.62	3.1744	0.1754
1.758333	20.73	28.15	298.19	-11.44	76.47	9.95	3.1443	0.1708
1.766733	20.89	28.39	300.15	-7.9	79.67	11.41	3.1142	0.1662
1.775033	23.43	30.16	307.71	-5.77	81.14	12.85	3.1137	0.165
1.783333	27.69	30.22	318.1	-5.54	81.23	13.58	3.1144	0.1639
1.791733	31.75	29.04	328.28	-8.22	80.97	12.96	3.1179	0.1629
1.800033	35	26.9	336.54	-13.43	80.59	11.35	3.1322	0.1624
1.808333	37.21	24.75	340.83	-19.5	79.6	9.57	3.1457	0.162
1.816733	38.29	22.73	341.37	-26.42	77.93	7.58	3.1369	0.162
1.825033	37.56	20.85	339.64	-34.42	75.58	4.85	3.1282	0.162
1.833333	34.63	16.77	334.25	-42.56	73.61	1.54	3.1309	0.1622
1.841733	29.32	10.4	324.99	-51.19	70.6	-2.62	3.1443	0.1626
1.850033	21.92	4.87	314.01	-60.22	65.37	-7.22	3.1579	0.1631
1.858333	12.94	0.4	302.14	-69.3	58.74	-11.95	3.1738	0.1639
1.866733	5.05	-2.37	294.39	-77.35	53.66	-15.92	3.1897	0.1647
1.875033	-1.21	-3.72	292.34	-84.76	49.91	-19.46	3.1828	0.1648
1.883333	-5.14	-3.18	296.76	-91.3	46.64	-22.09	3.1607	0.1643
1.891733	-5.83	-1.11	306.27	-96.46	43.68	-23.04	3.1441	0.164
1.900033	-4.03	1.55	318.48	-99.87	41.08	-22.5	3.1497	0.164
1.908333	-0.24	4.16	331.46	-100.81	40.31	-20.34	3.1552	0.164
1.916733	5.64	6.89	345.41	-99.02	42.32	-16.34	3.1532	0.1631
1.925033	11.9	8.82	357.48	-93.47	46.7	-11.47	3.1477	0.1617
1.933333	16.46	9.04	364.36	-85.6	50.24	-6.99	3.1429	0.1606
1.941733	20.19	8.27	366.58	-77.25	52.1	-2.95	3.139	0.1598
1.950033	23.02	6.45	363.5	-69.81	52.6	0.16	3.135	0.159
1.958333	24.57	3.31	354.89	-63.16	52.33	2.21	3.1371	0.1582
1.966733	24.69	-0.27	345.94	-55.76	53.03	3.95	3.1392	0.1573
1.975033	24.07	-3.4	338.88	-47.95	54.67	5.54	3.1493	0.1568
1.983333	22.36	-6.27	330.27	-41.08	55.99	6.64	3.1648	0.1564
1.991733	20.6	-8.29	320.51	-37.19	56.04	7.71	3.1792	0.1558
2.000033	19.09	-9.07	311.34	-36.34	55	8.75	3.1817	0.1538
2.008333	18.59	-7.38	311.43	-36.98	54.8	9.78	3.1842	0.1517
2.016733	18.5	-3.69	320.42	-37.86	55.99	10.85	3.1885	0.1497
2.025033	17.16	-0.38	330.97	-39.24	57.06	11.39	3.1937	0.1477
2.033333	15.46	2.59	340.29	-43.05	56.24	10.83	3.1979	0.1456
2.041733	13.24	5.01	347.42	-49.6	53.6	8.83	3.1969	0.1433
2.050033	10.39	6.34	352.78	-58.57	50.64	4.63	3.196	0.141
2.058333	7.08	6.68	357.98	-69.32	47.94	-1.58	3.1692	0.1414
2.066733	4.73	6.37	363.69	-77.94	45.37	-7.08	3.1424	0.1417
2.075033	1.82	3.5	360.8	-83.98	41.84	-11.69	3.1232	0.1422
2.083333	-1.28	-1.65	350.79	-87.77	37.83	-15.63	3.128	0.1431
2.091733	-2.49	-6.46	341.92	-89.49	35.07	-18.53	3.1328	0.144
2.100033	-1.95	-10.82	333.73	-89.28	33.66	-20.36	3.1358	0.1448
2.108333	-0.19	-13.87	324.71	-87.4	34.08	-20.62	3.1387	0.1456
2.116733	3.24	-14.88	317.9	-82.85	36.09	-18.21	3.1456	0.1458
2.125033	7.48	-14.44	313.41	-76.27	38.4	-13.95	3.1556	0.1453
2.133333	10.5	-13.49	308.87	-71.71	40.55	-10.83	3.1626	0.1446
2.141733	12.51	-11.63	304.52	-69.45	42.54	-8.91	3.1539	0.1421
2.150033	13.96	-7.86	299.95	-69.45	43.83	-7.8	3.1451	0.1396
2.158333	14.56	-2.41	294.02	-71.47	44.05	-7.34	3.1403	0.1351
2.166733	15.64	3.48	288.39	-74.09	44.81	-6.18	3.1367	0.1299
2.175033	18.11	8.96	285.73	-76.47	45.86	-4.23	3.1373	0.1247
2.183333	21.15	14.05	285.65	-79.12	46.77	-2.17	3.1511	0.1193
2.191733	23.9	19.4	287.17	-82.51	47.87	-0.66	3.1648	0.1139
2.200033	26.61	25.19	290.26	-86.43	49.59	0.56	3.1733	0.1123
2.208333	29.11	29.32	292.48	-88.54	51.01	2.23	3.1809	0.1115
2.216733	30.54	30.32	292.58	-88.33	52.09	4.24	3.1844	0.1117
2.225033	31.92	30.18	294.46	-88.05	53.84	6.27	3.1794	0.1138
2.233333	32.62	31.14	299.13	-90.25	55.14	6.77	3.1744	0.1158
2.241733	32.43	33.42	306.37	-95.17	55.65	5.49	3.1635	0.1208
2.250033	31.34	33.23	313.55	-98.21	55.18	4.51	3.1521	0.1261
2.258333	31.09	30.51	321.53	-98.25	54.66	5.31	3.1441	0.1314
2.266733	30.19	26.56	330.54	-96.47	54.35	6.57	3.1381	0.1367
2.275033	28	23.57	342.75	-95.56	55.26	7	3.132	0.142
2.283333	25.36	21.66	357.31	-95.89	57.56	6.7	3.125	0.1442
2.291733	23.07	18.76	368.09	-95.56	60.36	6.37	3.118	0.1464
2.300033	20.56	13.74	372.88	-93.3	63.11	6.19	3.1376	0.1467
2.308333	16.71	8.48	371.66	-90.2	65.42	6.17	3.1676	0.1463
2.316733	12.08	7.2	367.45	-90.6	67.82	4.93	3.1794	0.1465
2.325033	7.09	8.96	361.75	-93.69	70.22	2.29	3.1524	0.1481
2.333333	3.84	11.06	356.61	-97.02	72.19	-0.7	3.1254	0.1497
2.341733	2.93	13.02	351.93	-100.15	73.64	-3.54	3.1263	0.1527
2.350033	4.19	16	347.72	-104.29	75.53	-5.38	3.1342	0.156
2.358333	5.9	20.25	346.06	-109.25	77.84	-6.46	3.135	0.1609
2.366733	7.3	24.79	350.47	-115.15	79.74	-8.14	3.1251	0.168
2.375033	9.2	27.4	362.32	-120.96	81.27	-10.95	3.1152	0.1751
2.383333	12.16	27.75	380.42	-125.86	82.03	-14.42	3.1132	0.2061
2.391733	16.9	27.36	398.38	-128.47	80.11	-16.44	3.1123	0.2404
2.400033	22.78	27.64	413.94	-130.05	75.67	-16.76	3.1226	0.3146
2.408333	26.51	27.41	423.18	-131.67	71.21	-16.3	3.1373	0.4043
2.416733	26.57	25.24	426.17	-132.2	66.3	-16.32	3.1461	0.473
2.425033	23.53	21.24	424.37	-131.79	60.97	-16.86	3.1315	0.458
2.433333	19.88	17.09	417.67	-131.19	56.44	-16.36	3.1169	0.443
2.441733	15.93	13.19	404.7	-130.35	53.04	-14.29	3.1223	0.3879
2.450033	13.18	9.36	387.36	-126.67	52.08	-10.49	3.1326	0.3229
2.458333	10.74	5.01	370.62	-121.92	55.67	-6.78	3.133	0.2683
2.466733	8.41	1.15	354.15	-117.37	62.7	-3.54	3.108	0.2408
2.475033	9.14	0.69	341.28	-114.23	68.73	-0.48	3.083	0.2133
2.483333	13.31	3.24	333.73	-111.71	73.22	2.41	3.1034	0.2142
2.491733	18.48	5.7	333.13	-107.51	76.34	4.22	3.13	0.219
2.500033	22.91	7.36	336.08	-100.75	77.71	4.73	3.1358	0.224
2.508333	26.84	8.02	339.18	-91.16	77.49	5.4	3.1048	0.2296
2.516733	28.59	7.6	340.15	-81.77	74.94	6.29	3.086	0.2329
2.525033	28.26	6.47	338.91	-73.47	70.3	7.01	3.1162	0.2273
2.533333	26.98	4.55	335.83	-66.14	65.58	7.19	3.1463	0.2218
2.541733	25.1	0.1	331.5	-57.54	62.73	7.48	3.1367	0.2166
2.550033	22.46	-5.93	326.69	-49.48	61.22	7.57	3.1084	0.2116
2.558333	20.65	-10.62	318.91	-44.41	60.57	8.12	3.0952	0.2083
2.566733	19.6	-14.27	307.75	-41.42	60.55	9.44	3.121	0.2095
2.575033	18.96	-17.19	295.86	-39.18	60.54	10.6	3.1468	0.2107
2.583333	18.63	-19.29	284.84	-37.81	60.49	10.89	3.1308	0.2123
2.591733	18.94	-19.61	278.89	-37.14	60.9	11.36	3.1017	0.2139
2.600033	19.1	-18.82	278.77	-36.04	61.05	12.9	3.0837	0.2149
2.608333	18.79	-18.31	284.05	-34.3	60.92	14.14	3.0857	0.2145
2.616733	18.47	-19.02	293.04	-30.49	60.97	14.93	3.0877	0.2141
2.625033	18.2	-20.75	304.08	-24.61	61.15	15.57	3.0896	0.2117
2.633333	17.28	-21.74	311.43	-19.82	60.81	16.32	3.0914	0.2089
2.641733	15.85	-21.48	315.83	-17.73	60.38	16.65	3.1044	0.2053
2.650033	15.03	-20.62	320.03	-17.06	60.17	16.34	3.1227	0.2013
2.658333	14.47	-20.7	320.7	-17.15	59.41	14.56	3.1385	0.1974
2.666733	13.94	-21.75	316.84	-18.01	58.05	11.3	3.1414	0.1936
2.675033	12.9	-20.72	307.4	-20.21	57.07	8.76	3.1443	0.1899
2.683333	11.48	-16.96	292.57	-23.87	56.49	7.61	3.1355	0.1861
2.691733	10.5	-11.85	276.2	-29.34	55.94	6.73	3.123	0.1823
2.700033	10.72	-6.91	264.56	-34.38	56.34	5.5	3.1141	0.1785
2.708333	11.61	-2.34	257.5	-38.88	56.92	4.13	3.1317	0.1743
2.716733	11.34	2.27	252.03	-43.92	56.46	3.13	3.1493	0.1702
2.725033	9.59	7.09	247.25	-49.86	54.9	2.54	3.1367	0.167
2.733333	7.32	10.95	242.05	-55.82	52.89	1.88	3.1228	0.1638
2.741733	5.36	12.21	237.88	-61.4	49.47	0.28	3.121	0.1607
2.750033	4.01	11.12	233.93	-67.57	44.83	-2.27	3.1348	0.1578
2.758333	2.87	9.03	226.74	-74.42	39.67	-4.81	3.1478	0.1549
2.766733	1.91	6	216.22	-81.94	34.02	-7.29	3.1435	0.1521
2.775033	2.02	3.54	206.81	-86.27	29.98	-7.76	3.1391	0.1493
2.783333	3.89	1.89	198.72	-87.57	28.49	-6.5	3.1409	0.1461
2.791733	6.49	1.21	192.66	-88.98	28.65	-5.62	3.1485	0.1426
2.800033	8.32	2.52	190.36	-93.41	29.07	-6.16	3.156	0.139
2.808333	9.42	5.1	190.47	-99.51	29.46	-7.68	3.151	0.1348
2.816733	9.66	7.12	190.99	-103.49	28.93	-9.16	3.146	0.1307
2.825033	8.77	8.34	192.68	-104.45	27.32	-10.6	3.1422	0.1266
2.833333	7.65	10.35	196.81	-103.78	26.09	-11.33	3.1391	0.1227
2.841733	6.03	11.99	199.19	-105.56	24.02	-13.5	3.1333	0.1189
2.850033	3.87	13.15	200.12	-108.77	21.41	-16.87	3.1216	0.1156
2.858333	2.17	13.55	199.39	-108.76	19.62	-18.95	3.1099	0.1123
2.866733	1.58	13.11	196.57	-103.48	19.24	-18.3	3.0991	0.1094
2.875033	2.11	11.26	192.2	-96.39	18.74	-16.72	3.0884	0.1067
2.883333	3.62	9.54	189.15	-90.37	18.82	-15.17	3.0923	0.1048
2.891733	5.73	8.87	187.45	-84.66	20.13	-13.23	3.1182	0.1044
2.900033	7.13	8.67	185.91	-77.1	21.93	-11.11	3.144	0.104
2.908333	7.87	8.7	184.42	-67.78	23.99	-8.9	3.1186	0.1044
2.916733	9.26	8.12	182.96	-59.91	24.61	-7.59	3.0932	0.1048
2.925033	11.35	7.08	181.08	-55.05	23.32	-7.54	3.0814	0.1056
2.933333	13.23	6.61	179.06	-51.88	21.39	-7.81	3.0843	0.1068
2.941733	14.61	8.31	177.75	-47.93	20.99	-6.84	3.087	0.1081
2.950033	15.52	11.77	177.16	-43.34	22	-4.89	3.087	0.1089
2.958333	16.47	14.07	177.4	-39.64	23.28	-3.73	3.087	0.1098
2.966733	17.87	14.2	178.4	-37.61	24.08	-3.81	3.1076	0.11
2.975033	19.22	12.6	178.11	-36.35	23.56	-4.57	3.1334	0.11
2.983333	19.16	10.27	175.98	-33.57	22.92	-5.2	3.1521	0.1099
2.991733	17.7	7.59	172.69	-29.97	22.52	-5.67	3.1341	0.109
3.000033	15.79	3.95	168.7	-27.64	21.4	-6.82	3.1162	0.1081
3.008333	13.65	-0.91	163.95	-26.92	19.27	-8.91	3.1045	0.108
3.016733	10.97	-4.91	155.97	-28.56	16.37	-12.1	3.0936	0.108
3.025033	7.58	-5.95	144.53	-31.82	13.18	-15.08	3.0971	0.108
3.033333	4.76	-4.4	133.77	-35.66	10.13	-17.21	3.1162	0.108
3.041733	3.89	-0.9	128.99	-39.98	8.52	-18.49	3.1352	0.108
3.050033	4.88	4.41	130.17	-44.9	8.44	-19.03	3.1396	0.1084
3.058333	4.51	8.55	129.89	-50.59	8.74	-20.09	3.1433	0.1088
3.066733	2.76	11.1	127.43	-56.26	9.07	-21.72	3.1303	0.1097
3.075033	1.89	14.28	126.49	-60.91	9.64	-23.01	3.1041	0.1109
3.083333	3.46	17.64	131.61	-63.03	10.4	-23.01	3.0799	0.1121
3.091733	6.67	20.57	140.82	-63.7	11.16	-22.24	3.1028	0.1133
3.100033	8.77	22.48	146.31	-65.94	11.18	-22.28	3.1258	0.1146
3.108333	8.82	23.6	145.2	-70.28	10.2	-23.58	3.1354	0.1158
3.116733	7.38	23.27	142.16	-73.72	8.75	-25.28	3.1376	0.1172
3.125033	7.66	24.08	143.97	-75.4	7.66	-26.21	3.1333	0.1185
3.133333	9.58	25.96	148.58	-75.53	6.45	-26.16	3.1175	0.1198
3.141733	10.81	26.62	150.66	-75.32	4.52	-25.87	3.1026	0.1211
3.150033	10.18	24.89	148.42	-75.18	2.18	-25.7	3.0974	0.1219
3.158333	9.06	21.73	145.5	-73.17	1.93	-24.35	3.0923	0.1227
3.166733	8.93	18.09	145.55	-67.33	4.09	-20.84	3.0979	0.1239
3.175033	9.48	14.66	150.81	-59.65	7.08	-16.51	3.1121	0.1256
3.183333	10.11	12.55	158.36	-54.11	9.52	-12.83	3.1252	0.1273
3.191733	10.88	11.64	166.26	-50.35	11.32	-9.62	3.1327	0.1293
3.200033	12.11	11.59	170.39	-47.04	12.72	-6.47	3.1403	0.1313
3.208333	13.88	12.47	172.35	-43.99	14.09	-3.54	3.1265	0.1333
3.216733	15.26	12.42	174.1	-41.08	16.15	-1.02	3.1006	0.1354
3.225033	15.56	10.67	174.51	-39.05	16.82	0.29	3.0874	0.1376
3.233333	15.11	8.56	174.26	-38.92	15.34	-0.01	3.1141	0.1401
3.241733	14.6	7.14	171.58	-40.19	12.27	-1.18	3.1407	0.1426
3.250033	14.18	6.05	165.02	-41.9	8.48	-2.51	3.1419	0.1451
3.258333	14	4.24	158.58	-42.11	5.92	-3.21	3.1381	0.1476
3.266733	13.83	1.99	158.58	-41.76	5.01	-3.82	3.1337	0.1499
3.275033	13.39	-1.15	162.87	-41.47	5.3	-4.7	3.1286	0.1519
3.283333	13.22	-3.83	167.18	-42.12	5.23	-6.12	3.1234	0.1538
3.291733	13.47	-5.71	171.09	-43.78	4.56	-8.09	3.1295	0.1548
3.300033	13.63	-7.2	177.4	-45.1	4.55	-9.85	3.1366	0.1556
3.308333	13.29	-9.97	185.26	-44.81	6.16	-10.88	3.1408	0.1562
3.316733	12.59	-13.43	192.44	-44.18	9.35	-11.75	3.1424	0.1566
3.325033	11.36	-16.26	196.46	-45.71	12.24	-13.56	3.144	0.157
3.333333	9.6	-18.3	197.34	-49.46	14.64	-16.24	3.1264	0.1565
3.341733	7.98	-18.48	199.57	-53.22	16.84	-17.92	3.1088	0.1561
3.350033	6.76	-16.36	205.14	-56.39	19.26	-18.25	3.106	0.1554
3.358333	4.77	-13.87	209.03	-60.61	21.35	-19.49	3.106	0.1547
3.366733	2.08	-12.1	207.31	-66.35	22.6	-22.2	3.1075	0.154
3.375033	-0.26	-9.47	201.11	-72.92	23.54	-25.42	3.1265	0.154
3.383333	-0.79	-4.2	194.33	-77.99	25.04	-27.14	3.1455	0.154
3.391733	0.45	3.58	187.42	-81.32	27.1	-27.27	3.1499	0.1544
3.400033	2.4	10.53	184.31	-83.44	29.34	-27.26	3.1531	0.1548
3.408333	4.67	16.04	182.7	-85.95	31.94	-28.63	3.1447	0.1553
3.416733	6.34	19.97	181.54	-88.15	34.84	-30.97	3.1188	0.1562
3.425033	7.55	24.09	184.72	-87.7	38.48	-31.53	3.093	0.157
3.433333	8.4	28.58	192.68	-84.45	42.9	-30.12	3.0922	0.1582
3.441733	9.36	32.81	207.11	-80.46	47.04	-28.44	3.0914	0.1594
3.450033	8.9	34.45	226.45	-76.85	50.07	-27.94	3.0958	0.1611
3.458333	7.16	33.31	246.52	-73.18	52.12	-28.54	3.1057	0.1635
3.466733	5.27	32.52	259.88	-68.67	53.67	-28.82	3.1156	0.1659
3.475033	2.75	31.82	267.15	-63.98	54.41	-28.83	3.1024	0.1688
3.483333	-0.72	30.7	270.99	-61.44	53.62	-29.11	3.0882	0.1717
3.491733	-4.13	29.32	272.54	-61.8	51.39	-30.13	3.0967	0.1752
3.500033	-6.03	28.49	273.43	-63.98	49.3	-31.9	3.1231	0.1792
3.508333	-7.76	27.37	271.08	-66.48	48.12	-33.68	3.1391	0.1828
3.516733	-8.71	26.03	264.78	-67.69	48.35	-34.52	3.1287	0.1857
3.525033	-7.87	24.87	257.67	-65.32	50.77	-32.82	3.1182	0.1887
3.533333	-5.32	24.07	253	-59.72	55.28	-28.66	3.1146	0.1911
3.541733	-3.04	23.45	250.47	-56.09	59.53	-25.01	3.1118	0.1935
3.550033	0.12	23.63	248.48	-53	64.19	-21.88	3.1163	0.1962
3.558333	4.1	24.66	248.28	-49.84	69.36	-19.01	3.1338	0.1995
3.566733	7.36	25.76	249.82	-46.89	73.54	-16.07	3.1513	0.2029
3.575033	9.79	26.78	252.87	-44.25	76.53	-13.02	3.1554	0.2068
3.583333	12.17	26.92	258.01	-41.88	78.46	-10.3	3.159	0.2108
3.591733	13.33	25.98	266.27	-42.55	78.45	-9.57	3.1495	0.2148
3.600033	11.94	24.36	274.39	-48.63	75.37	-11.96	3.1232	0.219
3.608333	10.04	22.63	281.02	-55.07	71.53	-14.84	3.0993	0.2232
3.616733	7.87	20.89	286.66	-61.47	67.27	-17.9	3.1322	0.2276
3.625033	6.55	19.83	293.67	-67.26	64.2	-20.25	3.1651	0.2319
3.633333	6.16	19.39	300.45	-73.25	62.22	-22.19	3.1563	0.2347
3.641733	5.78	18.62	306.87	-77.13	60.74	-23.58	3.1343	0.237
3.650033	3.8	18.03	312.92	-80	59.01	-24.91	3.1181	0.2389
3.658333	0.81	17.53	317.5	-82.47	56.83	-26.36	3.144	0.238
3.666733	-1.07	16.64	322.47	-82.9	55.05	-27.04	3.1699	0.2371
3.675033	-1.44	15.23	328.88	-80.54	54.01	-26.61	3.1747	0.2353
3.683333	-0.37	13.89	335.76	-76.15	53.77	-25.2	3.1755	0.2332
3.691733	1.08	11.99	339.45	-70.96	52.67	-24	3.168	0.2301
3.700033	2.34	9.21	341.02	-64.04	50.82	-22.51	3.1497	0.2257
3.708333	4.06	6.43	340.92	-57.5	48.84	-20.75	3.1315	0.2213
3.716733	6.42	3.84	339.19	-51.77	46.83	-18.75	3.15	0.2172
3.725033	9.26	2.02	338.69	-47.76	44.91	-16.99	3.1718	0.213
3.733333	11.81	1.04	340.82	-44.71	43.36	-15.23	3.1619	0.2073
3.741733	13.05	0.86	343.26	-41.82	42.28	-13.14	3.1419	0.2012
3.750033	12.73	0.76	346.01	-38.35	41.43	-10.64	3.122	0.195
3.758333	11.37	0.39	349.3	-34.16	40.51	-7.7	3.1132	0.1894
3.766733	10.65	-0.57	352.45	-29.95	38.83	-4.68	3.1044	0.1839
3.775033	10.75	-2.01	355.12	-26.02	36.35	-1.74	3.1293	0.179
3.783333	10.43	-1.66	357.36	-24.89	35.77	-0.04	3.1607	0.1742
3.791733	9.14	0.19	357.4	-25.28	37.42	0.98	3.1813	0.1702
3.800033	7.03	2.12	355.33	-26.21	40.11	1.8	3.1793	0.1677
3.808333	5.39	2.07	353.62	-27.01	41.93	2.77	3.1772	0.1652
3.816733	4.4	0.04	352.72	-27.81	42.87	3.81	3.1697	0.1646
3.825033	3.27	-0.79	353.79	-31.02	43.61	4.51	3.1618	0.1642
3.833333	0.9	0.22	356.47	-36.83	44.72	4.75	3.1532	0.1647
3.841733	-2.86	2.24	357.75	-44.94	45.9	3.78	3.1436	0.1663
3.850033	-6.9	2.13	354.33	-52.48	44.08	1.94	3.134	0.168
3.858333	-10.79	0.2	347.83	-59.25	39.62	-0.22	3.1455	0.17
3.866733	-13.97	-1.05	341.58	-66.24	34.95	-2.22	3.157	0.172
3.875033	-16.69	0.52	335.46	-74.91	31.87	-4.77	3.1557	0.1737
3.883333	-18.93	2.62	331.87	-82.15	28.93	-7.23	3.1404	0.1751
3.891733	-20.38	1.83	330.08	-84.86	25.39	-9.07	3.1356	0.1765
3.900033	-21.01	-0.56	327.25	-84.19	22.29	-10.22	3.153	0.1781
3.908333	-20.56	-1.79	322.18	-82.17	21.58	-9.81	3.1705	0.1797
3.916733	-18.88	-0.96	318.13	-79.14	23.58	-7.02	3.172	0.182
3.925033	-16.35	1.22	317.46	-76.14	26.06	-4.2	3.1695	0.1845
3.933333	-13.69	3.65	317.31	-73.32	27.54	-2.53	3.1591	0.187
3.941733	-11.42	5.04	318	-69.78	28.4	-1.64	3.1369	0.1893
3.950033	-10.12	6.25	317.47	-67.69	30.45	-1.76	3.1147	0.1917
3.958333	-9.81	7.85	315.14	-67.82	34.04	-3.05	3.1344	0.1935
3.966733	-9.33	11.17	312	-71.65	36.65	-5.41	3.1598	0.1951
3.975033	-8.73	14.35	312.2	-77.57	36.59	-8.95	3.1696	0.196
3.983333	-8.46	15.46	316.48	-82.31	35.44	-13	3.1624	0.196
3.991733	-8.59	14.2	321.04	-84.02	35.25	-15.52	3.1553	0.196
4.000033	-9.11	10.64	325.3	-82.62	36.21	-16.26	3.1657	0.1938
4.008333	-9.32	7.16	327.81	-80.73	36.96	-16.33	3.1768	0.1915
4.016733	-8.64	5.15	328.23	-79.29	37.11	-16.12	3.1793	0.1884
4.025033	-7.05	5.39	329.24	-80.63	35.97	-16	3.1797	0.1851
4.033333	-5.74	5.38	333.02	-82.46	34.93	-16.19	3.1795	0.1819
4.041733	-5.32	4.46	337.79	-83.81	34.4	-16.68	3.167	0.1781
4.050033	-6.34	3.62	339.51	-86.44	33.44	-18.13	3.1545	0.1744
4.058333	-8.69	3.35	338	-91.15	31.65	-20.72	3.1624	0.1719
4.066733	-10.77	4.88	335.86	-96.85	29.54	-23.78	3.1731	0.1695
4.075033	-12.7	7.18	334.3	-101.77	28.1	-26.59	3.1743	0.1674
4.083333	-14.56	9.81	333.24	-106.07	27.13	-29.06	3.1585	0.1657
4.091733	-16.45	11.49	329.93	-107.63	27.02	-30.75	3.1426	0.1641
4.100033	-18.4	12.09	323.99	-106.12	27.91	-31.6	3.1351	0.1629
4.108333	-20.05	11.96	317.67	-102.17	29.86	-32.05	3.128	0.1617
4.116733	-20.4	12.03	314.27	-97.28	32.26	-32.11	3.1207	0.1605
4.125033	-19.31	12.98	314.94	-92.67	34.31	-31.17	3.1132	0.1592
4.133333	-18.24	14.14	318.17	-90.5	34.84	-29.32	3.1072	0.158
4.141733	-17.18	15.16	322.44	-90.12	34.33	-26.99	3.137	0.1568
4.150033	-15.83	15.51	323.32	-89.19	34.63	-25.62	3.1667	0.1556
4.158333	-14.11	15.71	320.89	-87.51	36.03	-25.32	3.181	0.1543
4.166733	-12.67	15.48	316.8	-85.92	37.2	-25.37	3.181	0.153
4.175033	-11.44	14.96	310.98	-84.8	37.44	-25.23	3.1806	0.1513
4.183333	-10.33	14.07	304.12	-84.47	37.04	-24.69	3.1789	0.1484
4.191733	-9.33	11.98	296.6	-84.38	37.33	-23.85	3.1773	0.1455
4.200033	-8.57	8.05	287.36	-83.39	39.07	-23.27	3.1647	0.141
4.208333	-8.43	4.3	276.8	-82.91	40.66	-23.8	3.15	0.1362
4.216733	-9.15	1.8	269.32	-85.18	40.39	-24.18	3.1355	0.1313
4.225033	-10.48	0.12	264.45	-89.21	38.58	-23.77	3.1213	0.1259
4.233333	-11.33	-1.11	259.86	-92.7	37.02	-22.28	3.1071	0.1204
4.241733	-11.58	-1.83	255.22	-95.5	35.94	-19.84	3.1308	0.1182
4.250033	-11.74	-2.6	250.55	-98.45	34.59	-17.83	3.1578	0.1162
4.258333	-11.98	-3.24	244.32	-100.87	32.42	-16.74	3.172	0.115
4.266733	-11.75	-1.89	238.24	-103.44	30	-16.45	3.167	0.115
4.275033	-10.57	0.47	233.99	-105.74	28.61	-15.64	3.162	0.115
4.283333	-8.5	3.51	231.5	-107.52	28.3	-14.22	3.1681	0.1159
4.291733	-7.09	5.32	229.67	-107.82	28.12	-13.28	3.1743	0.1168
4.300033	-6.75	6.58	229.18	-108.11	27.59	-13.79	3.1569	0.1178
4.308333	-7.07	8.48	230.62	-109.79	26.58	-15.01	3.1304	0.119
4.316733	-7.54	11.93	233.43	-112.03	25.56	-15.59	3.1084	0.1201
4.325033	-7.67	16.75	237.23	-114.49	24.96	-15.67	3.1387	0.1209
4.333333	-7.24	20.78	239.78	-115.92	24.87	-15.58	3.1689	0.1218
4.341733	-6.47	23.29	240.41	-116.07	25.08	-15.35	3.1653	0.1213
4.350033	-6.23	24.31	240.98	-114.76	24.79	-15.18	3.1533	0.1205
4.358333	-5.24	26.18	243.1	-113.96	24.61	-14.65	3.1497	0.1192
4.366733	-3.57	28.82	246.51	-113.81	24.81	-13.64	3.1588	0.1171
4.375033	-1.64	30.99	250.47	-113.01	25.66	-12.8	3.168	0.115
4.383333	0.44	32.24	254.72	-111.02	27.17	-12.34	3.1418	0.1154
4.391733	2.2	31.06	258.46	-105.94	28.76	-12.38	3.1155	0.1158
4.400033	2.91	27.77	262.24	-98.32	29.75	-12.71	3.1171	0.1174
4.408333	2.5	23.81	265.48	-90.38	30.34	-13.26	3.1374	0.1198
4.416733	1.9	20.06	266.17	-83.52	31.5	-13.77	3.1556	0.1224
4.425033	1.3	16.3	264.92	-77.32	33.09	-13.99	3.1511	0.1274
4.433333	1.67	11.57	265.09	-69.48	34.28	-12.79	3.1465	0.1324
4.441733	3.05	5.92	266.84	-59.9	34.91	-10.23	3.1428	0.137
4.450033	5.44	1.42	267.03	-49	37.55	-6.94	3.1397	0.1413
4.458333	8.81	-0.22	266.83	-39.03	42.37	-2.64	3.1346	0.1455
4.466733	12.65	0.74	266.31	-31.12	48.62	2.06	3.1193	0.1488
4.475033	16.07	2.39	266.12	-25.04	54.78	6.08	3.104	0.152
4.483333	19.13	4.04	266.56	-19.72	60.74	9.37	3.1332	0.1501
4.491733	22.78	5.76	268.72	-12.2	66.52	13.62	3.1623	0.1482
4.500033	26.16	8.6	269.56	-4.5	72.73	17.66	3.1789	0.1454
4.508333	28.8	12.49	268.03	2.16	79.18	20.67	3.1731	0.1408
4.516733	30.11	15.43	266.05	6.41	83.07	22.25	3.1672	0.1362
4.525033	30.13	17.29	264.23	8.15	84.1	22.55	3.154	0.1349
4.533333	29.54	17.97	264.06	8.25	82.25	22.54	3.1406	0.1337
4.541733	29.27	17.92	265.43	8.72	78.83	23.26	3.1383	0.1359
4.550033	29.35	17.58	268.24	10.78	74.61	24.92	3.1503	0.1423
4.558333	28.66	17.22	270.74	11.45	69.9	25.65	3.1534	0.1497
4.566733	27.11	16.46	272.82	10.24	64.55	25.2	3.1336	0.1592
4.575033	25.09	14.68	275.5	7.82	58.46	24.12	3.1138	0.1687
4.583333	23.2	11.96	280.1	5.76	51.84	23.41	3.1112	0.1786
4.591733	22	9.82	286.44	4.2	45.77	23.26	3.1141	0.1886
4.600033	21.47	8.88	293.07	3.39	41.14	23.34	3.12	0.1979
4.608333	21.08	8.85	298.97	2.75	38.25	23.19	3.1311	0.2058
4.616733	20.11	8.94	302.96	0.26	36.68	22	3.1422	0.2137
4.625033	18.54	9.01	305.08	-4.46	36.22	19.7	3.1419	0.2136
4.633333	18.57	9.77	306.82	-8.15	38.66	17.85	3.1394	0.2119
4.641733	20.45	11.94	308.33	-9.97	44.44	16.86	3.1321	0.2054
4.650033	22.15	14.27	306.12	-12.62	50.86	14.97	3.1186	0.1927
4.658333	22.44	15	298.64	-16.99	56.3	11.3	3.1051	0.18
4.666733	21.18	13.85	285.8	-23.08	60.63	5.79	3.1244	0.1679
4.675033	19.68	11.33	271.21	-28.91	63.28	-0.39	3.1467	0.1559
4.683333	18.62	7.78	256.15	-33.71	63.91	-6.66	3.1481	0.1505
4.691733	18.81	4.37	244.07	-36.73	64.12	-11.49	3.1431	0.1473
4.700033	18.28	0.96	234.14	-40.74	62.56	-15.97	3.138	0.144
4.708333	16.71	-2.32	225.9	-46.38	59.17	-20.48	3.1519	0.1482
4.716733	15.6	-3.65	221.45	-52.44	56.98	-24.23	3.1658	0.1523
4.725033	15.65	-2.69	221.9	-57.94	56.82	-26.61	3.1594	0.1584
4.733333	18.43	-0.58	227.12	-59.28	57.83	-26.45	3.1492	0.1648
4.741733	23.17	2.45	234.56	-57.83	60.29	-24.43	3.1446	0.1709
4.750033	28.53	6.96	244.06	-53.88	64.31	-20.45	3.1627	0.1756
4.758333	32.44	12.32	252.06	-48.45	68.42	-15.94	3.1793	0.18
4.766733	34.76	18.3	257.91	-41.69	72.3	-11.17	3.1623	0.1796
4.775033	36.73	23.45	261.7	-36.2	73.78	-7.58	3.1452	0.1792
4.783333	38.86	27.16	264.82	-30.49	72.51	-4.22	3.1298	0.1778
4.791733	41.33	29.48	266.54	-23.86	69.42	-0.55	3.1159	0.1754
4.800033	42.76	31.55	266.47	-19.35	65.93	2.61	3.102	0.173
4.808333	43.02	33.4	264.78	-17.1	62.05	5.17	3.1203	0.1713
4.816733	42.2	34.74	263.54	-18.36	57.74	5.97	3.1387	0.1697
4.825033	41.51	35.05	262.88	-22.88	52.88	4.93	3.1415	0.168
4.833333	41.25	34.23	259.81	-30.91	47.79	1.97	3.1339	0.1665
4.841733	40.42	33.53	253.2	-39.62	44.69	-1.25	3.1264	0.1649
4.850033	39.29	32.93	244.82	-47.6	43.59	-3.97	3.1189	0.1636
4.858333	38.03	32.37	238.06	-53.65	43.6	-5.58	3.1114	0.1624
4.866733	36.47	31.85	233.44	-58.3	44.12	-6.48	3.1102	0.162
4.875033	33.34	31.62	230.41	-63.44	44.38	-7.9	3.1119	0.162
4.883333	29.48	31.51	226.93	-68.15	44.03	-9.22	3.1222	0.1623
4.891733	26.04	30.61	223.8	-71.3	43.26	-10.23	3.1453	0.1631
4.900033	23.97	28.04	224.89	-71.39	41.96	-10.67	3.1685	0.1638
4.908333	23.11	24.13	231.28	-68.57	40.03	-10.51	3.1667	0.165
4.916733	22.44	21.98	237.46	-67.2	37.91	-10.59	3.157	0.1663
4.925033	21.58	21.66	240.78	-69.34	35.59	-12.05	3.1516	0.1676
4.933333	20.09	22.21	241.23	-73.17	33.01	-14.43	3.1508	0.1688
4.941733	19.01	22.61	239.15	-75.25	30.91	-16.03	3.1506	0.17
4.950033	18.73	22.53	234.67	-75.06	29.49	-16.54	3.1581	0.1704
4.958333	17.76	21.52	227.06	-74.33	28.47	-16.77	3.1657	0.1708
4.966733	14.87	20.58	215.44	-74.3	27.64	-16.92	3.1709	0.1708
4.975033	11.27	20.32	200.88	-73.85	27.6	-16.43	3.1742	0.1704
4.983333	8.3	18.18	187.53	-69.53	28.3	-14.94	3.1722	0.1699
4.991733	5.75	14.49	175.98	-62.22	29.81	-12.6	3.1425	0.1695
5.000033	3.38	11.31	168.15	-56.6	32.43	-10.41	3.1127	0.1691
5.008333	1.53	9.39	164.07	-54.09	36.19	-8.73	3.1143	0.1685
5.016733	-0.12	6.24	159.91	-54.29	37.49	-8.78	3.1334	0.1676
5.025033	-1.27	3.07	155.47	-56.58	36.28	-10.03	3.1508	0.1669
5.033333	-1.15	2.27	154.04	-58.53	35.07	-10.62	3.1627	0.1665
5.041733	-0.35	4.8	157.47	-59.08	35.15	-9.68	3.1745	0.166
5.050033	0.49	10.08	165.25	-58.81	36.12	-7.57	3.1766	0.1652
5.058333	0.98	15.66	173.87	-59.28	36.26	-5.6	3.1783	0.1644
5.066733	1.79	20.42	181.45	-57.67	35.37	-3.23	3.1617	0.1638
5.075033	3.18	23.59	187.19	-52.75	33.13	-0.21	3.1307	0.1634
5.083333	5.74	27.21	194.16	-43.68	32.92	5.04	3.1015	0.1629
5.091733	9.5	31.83	201.36	-31.47	35.31	12.14	3.1138	0.1613
5.100033	13.65	36.38	201.75	-21.76	39.08	17.92	3.1261	0.1598
5.108333	17.62	39.02	192.74	-16.48	42.27	20.92	3.1404	0.1581
5.116733	20.62	39.57	181.01	-13.14	43.71	21.87	3.1567	0.1563
5.125033	23.08	40.09	170.69	-8.84	44.79	22.34	3.1626	0.1546
5.133333	25.35	40.42	161.78	-4.55	45.38	22.17	3.1359	0.1529
5.141733	27.89	40.98	155.04	-3.57	45.57	20.79	3.1093	0.1513
5.150033	30.47	42.46	151.21	-7.03	45.62	17.95	3.1153	0.1503
5.158333	32.45	44.91	149.82	-12.63	45.62	14.39	3.1276	0.1495
5.166733	33.84	47.02	154.44	-17.07	44.33	11.49	3.1396	0.149
5.175033	34.42	47.78	164.83	-19.98	41.77	8.89	3.1509	0.149
5.183333	34.72	45.93	174.03	-23.19	39.24	5.45	3.1621	0.149
5.191733	34.85	41.76	180.25	-27.04	37.02	1.27	3.1404	0.1486
5.200033	34.11	37.29	179.39	-29.77	35.66	-1.76	3.1158	0.1482
5.208333	31.81	32.85	171.44	-29.3	35.39	-3.31	3.114	0.148
5.216733	28.42	29.25	160.95	-28.15	35.59	-4.64	3.1464	0.148
5.225033	24.88	26.55	152.58	-29.3	35.37	-6.9	3.1719	0.148
5.233333	21.12	24.14	145.7	-32.24	34.64	-9.85	3.1457	0.148
5.241733	16.86	20.67	137.45	-34.93	33.24	-12.17	3.1195	0.148
5.250033	12.39	17.66	128.22	-37.9	31.13	-13.35	3.1128	0.1485
5.258333	9.2	16.83	118.73	-40.71	29.52	-13.03	3.119	0.1493
5.266733	8.3	17.28	113.18	-43.89	28.59	-12.67	3.1257	0.1503
5.275033	9.39	18.77	113.8	-48.23	27.87	-12.77	3.1345	0.1519
5.283333	11.71	20.3	118.15	-51.96	27.55	-12.55	3.1432	0.1535
5.291733	14.95	21.33	123.19	-53.41	28.03	-11.18	3.1539	0.1553
5.300033	18.32	21.28	128	-53.45	28.37	-9.79	3.1654	0.1571
5.308333	22.3	22.49	135.68	-54.5	28.68	-9.36	3.1716	0.159
5.316733	26.39	25.36	144.57	-55.56	30.09	-8.9	3.1728	0.161
5.325033	28.84	28.21	153.36	-56.52	32.03	-8.36	3.174	0.163
5.333333	29.07	30.03	162.28	-57.65	33.83	-8.11	3.1636	0.1642
5.341733	28.61	30.21	172.45	-58.38	35.07	-8.76	3.1532	0.1655
5.350033	27.74	28.97	181.81	-57.96	36.16	-9.83	3.1407	0.1665
5.358333	25.45	26.59	187.34	-56.91	36.82	-11.42	3.1268	0.1673
5.366733	22.19	24.38	189.31	-55.21	37.9	-12.68	3.1142	0.168
5.375033	18.14	22.46	188	-52.9	39.48	-13.6	3.1171	0.1684
5.383333	14.8	21.02	186.47	-51.15	40.86	-15	3.1201	0.1689
5.391733	12.51	19.78	185.83	-50.64	41.31	-17.56	3.1199	0.1687
5.400033	11.22	17.15	187.49	-49.03	41.67	-20.04	3.1183	0.1683
5.408333	9.69	13.96	188.05	-46.07	42.83	-21.36	3.1182	0.1681
5.416733	7.89	10.88	187.08	-42.64	43.73	-21.77	3.1256	0.1691
5.425033	6.77	8.33	187.11	-39.13	43.5	-21.51	3.133	0.17
5.433333	6.81	6.2	189.55	-35.3	42.29	-20.54	3.1338	0.1704
5.441733	8.55	5.47	194.44	-30.83	42.61	-18.56	3.1346	0.1708
5.450033	11.03	5.57	200.39	-25.52	44.16	-15.71	3.1285	0.1712
5.458333	13.88	5.55	207.29	-18.83	46.71	-11.52	3.115	0.1716
5.466733	16.76	6.32	213.39	-12.68	49.34	-6.77	3.1015	0.172
5.475033	19.69	7.89	218.69	-7.16	51.94	-1.56	3.1014	0.1724
5.483333	23.33	9.81	223.99	-3.47	53.13	1.88	3.1018	0.1728
5.491733	27.73	11.37	229.77	-0.68	54.06	3.84	3.1016	0.173
5.500033	33	14.02	236.79	0.61	56.38	5.08	3.1008	0.173
5.508333	38.48	17.48	245.21	-0.2	58.42	5.69	3.1	0.173
5.516733	44	21.22	254.59	-2.58	60.07	5.76	3.1009	0.1726
5.525033	48.95	22.69	262.01	-3.07	61.38	5.75	3.1017	0.1722
5.533333	53.62	22.64	267.56	-2.09	62.51	5.3	3.102	0.1712
5.541733	56.05	22.08	270.43	-2.28	61.61	3.51	3.102	0.17
5.550033	54.91	21.18	269.96	-2.62	60.35	2.49	3.1026	0.1692
5.558333	51.4	20.44	268.75	-3.69	59.63	2.12	3.1081	0.1709
5.566733	46.95	19.07	269.31	-5.63	58.91	1.44	3.1135	0.1725
5.575033	41.46	16.17	271.07	-7.99	57.26	0.1	3.1339	0.1771
5.583333	34.59	10.57	270.52	-8.26	54.71	-0.62	3.1603	0.1828
5.591733	27.33	5.8	270.69	-10.43	51.44	-1.6	3.1754	0.1897
5.600033	20.87	3.76	273.72	-14.76	48.09	-2.95	3.1762	0.198
5.608333	18.25	5.18	282.34	-18.77	47.24	-3.77	3.1763	0.2063
5.616733	19.76	9.29	296.32	-21.79	49.4	-3.9	3.1576	0.2134
5.625033	20.91	12.75	309.09	-26.19	51.7	-4.91	3.139	0.2206
5.633333	20.15	14.9	317.36	-31.23	53.05	-6.62	3.14	0.2257
5.641733	18.45	17.46	323.56	-35.86	54.5	-8	3.1591	0.2291
5.650033	16.91	23.2	333.13	-42.36	56.75	-9.73	3.1736	0.232
5.658333	15.44	31.09	345.44	-50.11	59.39	-11.85	3.1533	0.2316
5.666733	12.59	35.21	355.81	-56.38	60.12	-14.41	3.1331	0.2312
5.675033	7.23	33.82	362.29	-60.95	58.33	-17.31	3.1282	0.2288
5.683333	1.61	30.16	366.37	-65.77	55.29	-19.83	3.1337	0.225
5.691733	-0.84	27.32	372.11	-68.14	53.03	-20.21	3.1416	0.221
5.700033	-0.63	24.99	378.36	-67.77	51.74	-18.8	3.1596	0.2162
5.708333	0.83	21.25	381.8	-65.6	50.52	-17.05	3.1776	0.2114
5.716733	2.91	15	380.9	-62.41	48.64	-15.67	3.1526	0.2068
5.725033	5.18	7.29	375.32	-59.33	45.18	-14.54	3.1238	0.2022
5.733333	7.9	2.13	367.59	-58.83	41.77	-13.49	3.1249	0.1973
5.741733	12.12	1.28	359.81	-60.82	40.64	-12.28	3.1534	0.1922
5.750033	16.76	3.04	352.44	-62.82	42.26	-11.22	3.182	0.187
5.758333	21.4	6.93	344.95	-64.68	46.32	-10.45	3.1774	0.1837
5.766733	23.58	10.49	333.12	-66.96	49.93	-10.5	3.1728	0.1803
5.775033	23.79	14.01	318.01	-69.92	52.9	-11.03	3.1658	0.1773
5.783333	24.44	17.34	304.82	-72.24	55.32	-11.12	3.157	0.1746
5.791733	27.18	20.4	296.97	-72.78	58.58	-10.43	3.1476	0.1719
5.800033	30.88	23.63	293.81	-72.14	63.21	-9.19	3.1306	0.1711
5.808333	32.79	25.94	292.25	-71.37	67.84	-7.99	3.1135	0.1703
5.816733	32.2	26.17	290.88	-70.54	70.98	-7.01	3.1262	0.1703
5.825033	29.01	23.36	287.94	-69.2	70.64	-6.67	3.1529	0.1707
5.833333	26.08	19.89	288.04	-66.92	68.82	-6.22	3.1642	0.1722
5.841733	24.56	16.32	294.19	-63.92	66.51	-5.42	3.152	0.1752
5.850033	23.32	13.39	304.43	-61.75	64.69	-4.9	3.1399	0.1783
5.858333	21.11	11.17	315.89	-61.04	63.32	-5.05	3.131	0.1813
5.866733	17.79	9.48	324.18	-61.14	61.55	-5.14	3.1231	0.1844
5.875033	15.04	7.65	330.28	-61.13	58.57	-4.81	3.1182	0.1876
5.883333	12.51	4.53	334.71	-60.8	54.14	-4.92	3.1165	0.1909
5.891733	10.26	0.44	340.12	-60.42	50.31	-5.62	3.1157	0.194
5.900033	9.07	-3.45	347.47	-60.48	48.02	-6.21	3.1249	0.1944
5.908333	8.79	-6.46	354.14	-61.32	46.61	-6.14	3.134	0.1948
5.916733	8.15	-9.21	356.9	-62.7	45.02	-5.68	3.1349	0.1955
5.925033	6.32	-12.08	353.37	-65.07	42.96	-5.1	3.1293	0.1964
5.933333	4.06	-15.5	347.03	-68.69	40.49	-5.02	3.1325	0.1974
5.941733	1.49	-19.44	340.09	-72.46	38.01	-5.74	3.1488	0.1985
5.950033	-0.89	-22.7	334.45	-75.39	36.18	-6.7	3.1651	0.1996
5.958333	-2.79	-24.37	329.7	-77.66	35.16	-7.24	3.1553	0.2003
5.966733	-4.05	-24.19	326.73	-78.43	35.16	-6.43	3.1308	0.2008
5.975033	-5.65	-23.33	325.24	-77.14	35.87	-5.01	3.1296	0.2004
5.983333	-7.51	-22.49	326.17	-75.16	37.01	-4.25	3.1538	0.1992
5.991733	-8.64	-21.84	333.09	-73.15	38.7	-4.9	3.178	0.198
6.000033	-8.62	-21.13	346.72	-70.7	41.1	-6.66	3.1826	0.1972
6.008333	-8.12	-20.12	360.36	-68.07	43.6	-8.22	3.1863	0.1964
6.016733	-7.28	-18.87	371.61	-66.47	45.78	-9.28	3.1854	0.1941
6.025033	-6.35	-17.42	380	-66.72	47.5	-10.33	3.1809	0.1908
6.033333	-6.28	-16.88	384.22	-69.53	48.32	-13.02	3.1737	0.1875
6.041733	-6.89	-17.27	384.41	-74.16	48.11	-17.01	3.1533	0.1841
6.050033	-7.6	-17.9	380.19	-76.86	46.87	-19.82	3.1329	0.1808
6.058333	-8.46	-18.22	370.8	-76.52	44.79	-20.47	3.1428	0.1767
6.066733	-8.31	-18.24	359.68	-74.53	43.66	-19.62	3.1622	0.1723
6.075033	-6.37	-18.26	351.78	-71.93	44.04	-18.4	3.1724	0.1682
6.083333	-3.09	-17.58	345.37	-69.26	45.59	-17.08	3.1532	0.1649
6.091733	0.89	-14.69	337.22	-66.77	47.79	-15.79	3.1341	0.1615
6.100033	5.63	-9.66	327.67	-64.19	50.62	-14.36	3.1303	0.1587
6.108333	10.66	-4.04	320.91	-61.7	53.02	-13.04	3.1295	0.1559
6.116733	15.33	2.15	316.35	-61.68	55.26	-13.08	3.1384	0.1529
6.125033	19.59	8.66	312.37	-63.11	58.12	-13.75	3.1678	0.1494
6.133333	22.28	15.04	303.96	-63.25	61.02	-13.52	3.196	0.1458
6.141733	23.16	21.08	291.26	-62.04	63.42	-12.46	3.1956	0.1409
6.150033	22.32	24.66	280.79	-60.24	64.11	-11.45	3.1952	0.136
6.158333	20.7	24.31	276.24	-56.74	63.76	-9.86	3.1839	0.1305
6.166733	18.46	22.13	275.39	-53	63.08	-7.81	3.1563	0.1244
6.175033	15.96	20.46	273.08	-50.16	63.49	-5.46	3.1333	0.1184
6.183333	13.26	18.98	269.53	-48.11	64.79	-2.82	3.1446	0.1134
6.191733	10.67	16.69	267.29	-47.45	65.4	-0.62	3.1558	0.1084
6.200033	8.29	13.97	268.79	-49.74	64.15	0.07	3.1536	0.1087
6.208333	6.6	11.93	273.51	-53.86	61.96	0.08	3.146	0.1111
6.216733	6.06	12.22	276.72	-58.3	60.53	0.76	3.144	0.1136
6.225033	6.62	14.31	278.86	-62.84	59.98	2.06	3.164	0.1165
6.233333	8.03	14.8	283.08	-65.43	59.92	3.98	3.184	0.1194
6.241733	10.22	12.9	290.17	-65.54	60.09	6.56	3.1655	0.1197
6.250033	12.81	11.55	298.73	-64.96	59.48	8.9	3.1373	0.1193
6.258333	15.48	12.37	307.71	-64.35	58.74	10.9	3.1183	0.1177
6.266733	18.37	13.69	312.97	-63.17	58.51	12.65	3.1229	0.1131
6.275033	21.1	13.5	311.62	-61.99	58.51	13.51	3.1274	0.1086
6.283333	23.14	11.81	305.46	-62	58.29	12.84	3.1261	0.1057
6.291733	22.88	10.01	301.32	-67.23	56.7	8.78	3.1239	0.1031
6.300033	20.41	9.49	298.08	-78.26	53.45	1.44	3.1228	0.103
6.308333	16.96	10.63	296.47	-89.51	48.23	-6.41	3.1223	0.1047
6.316733	13.42	11	297.99	-96.63	42.1	-12.54	3.1249	0.1237
6.325033	9.89	10.03	301.77	-101.3	36.54	-17.16	3.1391	0.2122
6.333333	6.49	8.87	309.3	-108.99	34.31	-21.25	3.1534	0.3007
6.341733	3.12	8.64	323.32	-120.05	34.98	-24.85	3.1433	0.378
6.350033	-1.15	7.66	338.89	-131.78	35.39	-28.34	3.1216	0.4501
6.358333	-4.87	4.88	348.31	-140.15	36.13	-29.93	3.1038	0.4873
6.366733	-6.72	1.75	353.44	-143.77	38.12	-29.47	3.0959	0.4348
6.375033	-6.51	-0.55	355.58	-146.73	42.63	-29.56	3.088	0.3823
6.383333	-4.83	-2.2	354.39	-151.69	49.84	-31.5	3.1002	0.3272
6.391733	-3.06	-4.74	348.88	-157.41	57.43	-33.77	3.1152	0.2718
6.400033	-1.5	-7.71	341.6	-158.99	61.97	-35.43	3.122	0.235
6.408333	0.01	-9.89	333.55	-154.98	62.98	-35.39	3.1201	0.2183
6.416733	2.92	-8.89	328.63	-145.97	63.53	-31.95	3.1181	0.2017
6.425033	7.33	-4.63	327.12	-132.29	64.06	-25.16	3.122	0.2046
6.433333	9.45	-1.19	323.55	-118.01	63.35	-19.02	3.1262	0.2083
6.441733	7.86	-0.14	315.9	-104.61	60.41	-13.71	3.1204	0.21
6.450033	4.56	-0.46	306.77	-92.62	57.54	-8.21	3.107	0.21
6.458333	1.98	0.18	299.62	-81.65	57.02	-3.11	3.0942	0.21
6.466733	0.67	2.22	296.34	-71.08	57.96	1.6	3.0979	0.2091
6.475033	1.37	5.11	299.16	-61.36	59.13	4.95	3.1017	0.2083
6.483333	3.95	7.88	307.31	-53.64	60.9	6.1	3.1013	0.2102
6.491733	4.12	7.53	308.36	-50.64	62.64	3.47	3.0987	0.2138
6.500033	4.14	6.56	305.39	-49.81	64.65	0.81	3.1018	0.2172
6.508333	4.85	5.82	301.14	-50.32	67.34	-1.3	3.1151	0.2205
6.516733	5.31	5.36	296.54	-50.59	68.9	-3.17	3.1285	0.2239
6.525033	4.43	4.62	290.11	-50.28	68.04	-5.37	3.1126	0.2255
6.533333	2.46	3.46	279.76	-49	65.61	-7.3	3.0956	0.2271
6.541733	-1.48	1.23	262.28	-47.8	63.29	-9.1	3.0911	0.2271
6.550033	-6.46	-2.22	240.7	-46.73	61.6	-10.2	3.1028	0.225
6.558333	-7.23	-3.88	230.36	-43	61.67	-8.35	3.1138	0.2229
6.566733	-4.1	-3.6	230.53	-36.6	63.5	-3.82	3.1099	0.2213
6.575033	0.53	-2.16	234.46	-28.64	66.66	1.77	3.1059	0.2198
6.583333	5.59	-0.62	238.63	-20.18	70.65	7.7	3.1008	0.2185
6.591733	11.25	1.32	243.28	-12.3	75.01	13.69	3.0947	0.2177
6.600033	16.86	3.53	248.8	-6.34	79.67	18.98	3.0948	0.2172
6.608333	22.16	5.6	254.48	-2.63	84.17	23.33	3.1146	0.218
6.616733	25.69	6.75	255.86	-1.76	87.04	25.61	3.1344	0.2188
6.625033	26.61	7.1	250.15	-3.67	87.81	25.33	3.1277	0.2205
6.633333	24.23	6.05	243.65	-6.87	86.64	22.99	3.1106	0.2226
6.641733	19.85	3.39	241.63	-10.69	83.62	19.71	3.0984	0.225
6.650033	15.58	-0.14	240.85	-16.71	79.2	15.86	3.0964	0.2282
6.658333	12.44	-4.43	239.26	-24.78	74.09	11.91	3.0944	0.2314
6.666733	10.26	-9.45	236.97	-34.23	68.45	7.97	3.0933	0.235
6.675033	8.8	-13.64	235.96	-42.81	62.58	4.24	3.0923	0.2387
6.683333	8.59	-16.07	237.69	-49.85	57.44	1.28	3.0986	0.2415
6.691733	8.58	-18.07	243.32	-54.21	53.82	-0.71	3.1089	0.2439
6.700033	9.54	-19.56	248.26	-56.84	51.86	-1.83	3.1202	0.2461
6.708333	12.01	-19.76	251.01	-58.86	51.44	-2.05	3.139	0.2474
6.716733	14.77	-16.77	253.85	-61.73	51.78	-1.48	3.1578	0.2487
6.725033	16.62	-11.02	258.59	-64.56	52.63	-0.32	3.1627	0.2487
6.733333	17.56	-4.66	264.86	-65.49	54.02	0.49	3.1623	0.2483
6.741733	18.1	0.67	271.29	-65.93	56.11	0.77	3.1624	0.2477
6.750033	17.77	4.54	276.59	-65.85	58.7	0.77	3.1645	0.246
6.758333	16.51	7.17	276.26	-66.36	60.5	0.9	3.1666	0.2443
6.766733	14.71	9.07	269.84	-67.91	61.2	1.09	3.1673	0.2421
6.775033	14.01	11.39	264.75	-69.77	61.74	1.72	3.1677	0.2397
6.783333	13.47	11.5	261.96	-68.92	62.44	2.51	3.1635	0.2376
6.791733	13.23	9.42	260.09	-65.58	63.33	3.01	3.1472	0.2363
6.800033	13.62	7.22	256.89	-62.3	64.46	3.34	3.131	0.235
6.808333	14.54	5.35	252.41	-59.56	65.73	3.84	3.1238	0.2335
6.816733	15.29	3.87	247.71	-56.8	66.41	5.4	3.1166	0.232
6.825033	16.99	3.87	246.12	-54.07	67.01	7.4	3.1207	0.2308
6.833333	20.11	6.17	249.25	-52.05	68.21	8.96	3.1448	0.2304
6.841733	23.02	9.37	250.67	-51.03	69.47	9.2	3.167	0.2299
6.850033	25.62	13.27	249.89	-50.99	70.68	8.28	3.1675	0.2282
6.858333	27.3	16.88	245.74	-51.58	71.18	7.46	3.1679	0.2265
6.866733	27.83	20.14	240.65	-52.39	70.91	7.54	3.1567	0.2249
6.875033	27.03	21.56	237.06	-51.69	69.63	8.49	3.14	0.2233
6.883333	25.98	21.03	235.96	-49.51	68.17	9.18	3.1273	0.2218
6.891733	24.93	19.12	236.89	-46.45	66.58	9.44	3.1352	0.2206
6.900033	24.24	16.79	236.78	-43.73	64.36	9.56	3.1431	0.2193
6.908333	23.68	13.65	234.88	-41.04	61.21	9.96	3.1372	0.2178
6.916733	23.21	10.34	231.71	-38.32	58.04	10.61	3.1268	0.2162
6.925033	23.26	7.92	229.84	-35.7	55.66	10.73	3.1187	0.2148
6.933333	23.65	6.31	228.21	-32.69	54.2	10.74	3.1175	0.214
6.941733	24.52	6.97	223.59	-30.69	54.11	10.89	3.1162	0.2131
6.950033	26.01	9.99	216	-30.11	55.26	11.15	3.1097	0.2123
6.958333	28.24	12.64	210.02	-29.53	56.39	11.61	3.1023	0.2114
6.966733	30.4	13.15	207.14	-27.06	57.31	12.87	3.1149	0.211
6.975033	32.05	13.72	207.99	-24.77	58.37	14.59	3.1432	0.211
6.983333	33.1	15.13	212.94	-23.91	58.95	16.48	3.1666	0.2111
6.991733	33.25	16.63	219.89	-24.15	58.56	18.24	3.1642	0.2115
7.000033	31.63	16.24	223.34	-24.92	56.06	18.63	3.1619	0.2119
7.008333	28.39	14	224.11	-26.59	51.35	17.34	3.1549	0.2128
7.016733	26.11	11.55	227.61	-27.16	46.88	16.47	3.1453	0.214
7.025033	25.46	11.5	232.12	-26.58	44.76	16.91	3.1348	0.2154
7.033333	25.81	13.55	236.77	-26.05	44.56	18.05	3.1213	0.217
7.041733	26.3	14.91	239.11	-25.98	45.09	18.85	3.1078	0.2186
7.050033	27.15	14.35	238.61	-25.19	46.09	19.49	3.1238	0.2196
7.058333	28.2	12.6	233.95	-23.54	46.26	19.86	3.1513	0.2204
7.066733	30.48	11.75	231.7	-22.06	46.61	20.78	3.1613	0.2209
7.075033	34.4	12.55	233.21	-20.44	48.05	22.49	3.1341	0.2204
7.083333	37.89	14.92	234.34	-20.33	49.67	23.24	3.1087	0.22
7.091733	39.75	17.99	233.1	-22.66	50.52	22.13	3.1269	0.2188
7.100033	39.35	19.28	233.39	-26.91	50.39	19.16	3.1451	0.2177
7.108333	37.99	19.39	237	-30.58	50.15	15.66	3.1579	0.2163
7.116733	36.98	20.34	241.06	-33.02	49.5	12.16	3.1628	0.2145
7.125033	37.28	22.81	247.78	-34.45	49.88	9.21	3.1633	0.2126
7.133333	38.56	26.15	256.85	-34.63	51.65	7.04	3.132	0.2093
7.141733	39.04	26.99	265.68	-32.89	55.23	6.41	3.1008	0.2059
7.150033	38.19	24.3	272.26	-29.78	59.17	6.94	3.092	0.203
7.158333	37.79	21.29	276.97	-26.59	61.57	7.86	3.092	0.2002
7.166733	39.07	20.75	276.78	-22.66	63.05	9.8	3.0949	0.1973
7.175033	41.29	22.25	271.96	-18.52	63.43	12.57	3.1092	0.1936
7.183333	41.17	22.66	266.23	-16.15	62.69	15.17	3.1226	0.1899
7.191733	38.29	21.14	260.63	-15.74	61.07	17.36	3.1121	0.1862
7.200033	33.32	17.81	254.38	-17.1	59.05	18.54	3.1016	0.1826
7.208333	27.66	15.3	248.69	-21.23	55.31	17.73	3.1037	0.1788
7.216733	21.87	14.28	242.45	-28.53	49.56	14.89	3.1384	0.1747
7.225033	14.79	12.47	234.11	-37.94	43.57	10.83	3.1677	0.1706
7.233333	6.79	10.01	224.28	-49.02	37.67	5.68	3.1566	0.1674
7.241733	0.17	7.9	215.12	-59.59	33.41	0.19	3.1454	0.1643
7.250033	-3.1	7.25	205.93	-68.3	31.19	-5.14	3.129	0.1612
7.258333	-4.54	6.2	195.47	-73.96	29.79	-9.7	3.109	0.1583
7.266733	-5.18	4.37	184.16	-76.43	27.89	-12.86	3.099	0.1555
7.275033	-4.75	2.31	173.1	-76	25.73	-14.8	3.1292	0.1531
7.283333	-3.23	0.62	166.23	-72.96	24.34	-15.91	3.1593	0.1508
7.291733	-1.02	-1.22	164.28	-67.01	23.97	-16.14	3.1693	0.15
7.300033	1.45	-1.41	166.32	-61.47	24.56	-15.57	3.1697	0.15
7.308333	2.66	0.1	169.83	-58.94	24.84	-14.73	3.1699	0.1499
7.316733	2.55	1.54	174.95	-57.1	25.15	-13.5	3.1695	0.1495
7.325033	2.56	3.68	183.16	-55.68	26.86	-12.32	3.1691	0.1491
7.333333	3.39	7.42	195.13	-55.27	30.47	-11.46	3.1444	0.1486
7.341733	4.06	11.3	209.43	-54.25	33.78	-10.95	3.112	0.1482
7.350033	3.86	13.88	223.25	-51.8	36.02	-10.32	3.0997	0.1473
7.358333	3.22	15.4	233.11	-49.88	37.45	-10.15	3.1008	0.1462
7.366733	2.29	13.94	238.45	-46.07	37.83	-10.65	3.102	0.145
7.375033	1.09	8.94	239.54	-39.44	37.1	-11.8	3.1362	0.1441
7.383333	0.09	3.22	239.86	-32.04	35.46	-13.06	3.1719	0.1432
7.391733	-0.68	-2.03	239.32	-25.41	32.7	-14.51	3.181	0.143
7.400033	-0.48	-6.48	238.07	-19.57	29.55	-15.94	3.1836	0.143
7.408333	1.47	-9.17	236.45	-15.86	28.1	-17.11	3.1853	0.1431
7.416733	4.6	-10.18	234.38	-14.77	28.12	-18.17	3.1687	0.1449
7.425033	7.41	-9.97	235.18	-15.12	28.79	-18.83	3.152	0.1468
7.433333	9.78	-8.6	239.72	-16.43	30.06	-18.93	3.1524	0.1512
7.441733	10.61	-7	249.3	-17.88	30.58	-18.33	3.1552	0.156
7.450033	9.43	-6.28	260.34	-19.72	29.71	-17.69	3.1555	0.1614
7.458333	6.93	-6.4	271.09	-22.89	27.82	-17.55	3.1513	0.1681
7.466733	3.29	-7.64	279.15	-28.62	24.63	-18.76	3.1472	0.1747
7.475033	-1.61	-9.93	284.51	-36.84	20.09	-21.3	3.1398	0.1803
7.483333	-6.91	-10.76	287.94	-45.66	16.22	-23.6	3.1322	0.1859
7.491733	-11.54	-9.92	289.57	-54.33	13.59	-25.37	3.1401	0.1905
7.500033	-14.9	-8.49	289.35	-61.43	12.03	-26.14	3.1676	0.1938
7.508333	-15.33	-6.56	285.75	-66.48	12.71	-25.65	3.1934	0.197
7.516733	-13.22	-3.81	279.15	-70.17	15.35	-24.35	3.1796	0.1974
7.525033	-10.67	0.63	272.7	-73.7	18.52	-23.08	3.1657	0.1978
7.533333	-8.57	6.69	268.65	-75.82	21.74	-21.2	3.1558	0.1973
7.541733	-5.96	13.03	265.96	-74.45	26.46	-18.06	3.1497	0.196
7.550033	-2.91	17.01	263.78	-70.62	31.26	-14.96	3.1425	0.194
7.558333	0.54	18.8	262.43	-65.22	35.36	-12.07	3.1321	0.1898
7.566733	3.69	19.8	262.64	-61.52	37.27	-10.25	3.1217	0.1857
7.575033	5.98	21	264.47	-60.84	37.14	-9.94	3.135	0.181
7.583333	8.6	23.32	267.95	-61.26	38.42	-10.28	3.1529	0.1762
7.591733	13.03	25.94	271.73	-60.52	42.45	-9.86	3.1662	0.1715
7.600033	19.04	28.19	275.85	-58.64	48.34	-8.6	3.1699	0.167
7.608333	25.34	30.27	281.4	-57.82	53.24	-7.06	3.1737	0.1624
7.616733	31.74	32.44	288.58	-58.46	56.86	-5.4	3.166	0.1587
7.625033	36.4	34.4	293.21	-60.36	58.59	-4.54	3.1572	0.1551
7.633333	39.42	35.85	294.62	-61.67	60.07	-4.11	3.1542	0.152
7.641733	41	35.89	296.11	-62.9	61.62	-3.98	3.1596	0.1495
7.650033	40.45	32.99	298.48	-65.53	60.24	-4.55	3.165	0.147
7.658333	37.79	27.73	301.65	-69.12	56.12	-5.74	3.1703	0.1466
7.666733	33.42	22.29	305.45	-72.51	51.12	-7.37	3.1755	0.1461
7.675033	27.68	17.7	309.8	-75.65	46.57	-9.59	3.1815	0.1463
7.683333	21.26	13.11	315.84	-77.95	42.18	-11.78	3.1877	0.1467
7.691733	16.22	8.42	327.69	-78.54	39.25	-12.67	3.1865	0.1474
7.700033	12.65	4.18	342.94	-77.94	37.26	-12.39	3.1695	0.1486
7.708333	10.44	2.06	354.64	-76.35	35.09	-11.24	3.1524	0.1498
7.716733	9.53	2.41	361.51	-73.57	32.6	-9.28	3.1427	0.1533
7.725033	9.97	4.17	366.86	-70.31	30.97	-6.94	3.1348	0.1575
7.733333	11.62	5.8	371.22	-67.75	29.43	-4.5	3.1332	0.1616
7.741733	13.81	7.09	373.35	-66.22	27.34	-1.9	3.1411	0.1656
7.750033	15.43	8.78	371.24	-66.55	24.55	0.29	3.149	0.1695
7.758333	16.31	11.09	364.82	-68.95	21.2	1.87	3.1562	0.1719
7.766733	16.4	13.75	358.75	-73.57	18.46	2.52	3.1632	0.1741
7.775033	15.6	15.95	356.7	-79.68	17.11	2.42	3.1665	0.1757
7.783333	14.83	17.69	359.09	-84.92	17.74	2.48	3.1673	0.1769
7.791733	14.39	19.32	362.91	-88.01	19.01	3.43	3.1679	0.178
7.800033	13.91	20.69	367.23	-89.52	20.42	4.97	3.1671	0.1784
7.808333	12.27	20.96	370.87	-92.21	21.21	5.12	3.1663	0.1789
7.816733	9.91	20.27	374.68	-95.84	21.8	3.85	3.1763	0.1787
7.825033	8.8	20.53	380.41	-97.51	23.6	2.99	3.1913	0.1783
7.833333	8.9	21.48	385.81	-96.57	25.97	3	3.2039	0.1778
7.841733	9.67	22.54	388.83	-94.22	28.43	3.28	3.2035	0.1764
7.850033	9.56	23.1	386.82	-94.09	29.84	2.3	3.203	0.175
7.858333	8.15	23.18	379.55	-97.28	29.95	-0.39	3.1994	0.173
7.866733	6.46	23.18	369.72	-101.65	29.21	-3.87	3.1959	0.171
7.875033	6.4	24.2	360.22	-103.84	29.07	-6.16	3.1909	0.1695
7.883333	8.29	26.53	354.84	-103.38	30.17	-7.04	3.1845	0.1683
7.891733	10.45	28.48	354.63	-102.78	31.57	-8.17	3.178	0.1672
7.900033	12.47	29.78	356.5	-102.29	32.93	-9.46	3.1671	0.1674
7.908333	13.94	30.37	354.57	-101.41	33.94	-10.18	3.1552	0.1678
7.916733	15.44	30.87	351.05	-98.83	35.16	-9.69	3.1441	0.1682
7.925033	16.75	30.83	351.26	-93.08	36.53	-7.99	3.1336	0.1687
7.933333	17.09	29.88	354.68	-85.27	37.87	-5.63	3.1329	0.1688
7.941733	16.85	28.18	359.18	-76.97	38.99	-2.93	3.1575	0.168
7.950033	16.59	25.79	357.91	-70.99	38.99	-0.47	3.1821	0.1672
7.958333	16.03	22.48	347.9	-67.65	37.37	1.58	3.1684	0.1667
7.966733	15.03	18.84	335.64	-65.34	34.92	3.2	3.1425	0.1663
7.975033	14.48	15.57	329.74	-63.12	32.55	4.24	3.1317	0.1657
7.983333	14.37	12.86	329.06	-60.86	30.37	4.67	3.1476	0.1649
7.991733	14.91	11.4	326.85	-59.86	28.6	4.44	3.1635	0.1641
8.000033	16.18	11.33	321.43	-60.59	27.24	3.56	3.1597	0.1623
8.008333	18.02	12.54	314.56	-63.24	26.86	2.34	3.1522	0.1602
8.016733	19.56	14.69	309.27	-65.6	27.78	1.19	3.1534	0.1583
8.025033	20.16	16.99	303.78	-67.31	29.4	0.16	3.1657	0.1567
8.033333	20.17	18.84	294.12	-69.62	31.06	-0.77	3.178	0.1551
8.041733	19.78	19.9	281.21	-72.76	32.56	-1.84	3.159	0.1537
8.050033	19.28	19.03	271.22	-76.82	33.41	-3.86	3.1372	0.1523
8.058333	18.69	16.01	265.58	-81.95	33.43	-6.76	3.1531	0.1514
8.066733	17.7	12.86	263.35	-86.22	33.43	-8.81	3.1809	0.1506
8.075033	15.9	9.89	264.28	-87.77	33.13	-9.77	3.1966	0.1495
8.083333	13.22	6.7	266.95	-87.97	31.72	-10.49	3.1741	0.1474
8.091733	10.22	3.32	270.07	-90.39	28.12	-12.85	3.1516	0.1453
8.100033	7.08	0	274.21	-95.14	22.51	-16.86	3.1573	0.1423
8.108333	4.25	-3.67	279.26	-97.17	16.82	-20.37	3.1684	0.1392
8.116733	1.48	-6.79	280.32	-96.08	11.57	-22.41	3.1695	0.1355
8.125033	-1.35	-7.59	275.96	-93.82	7.48	-23.13	3.1491	0.131
8.133333	-4.02	-6.43	265.82	-94.14	4.41	-24.43	3.1286	0.1264
8.141733	-6.48	-3.71	250.07	-97.39	2.22	-26.64	3.127	0.1233
8.150033	-8.69	-2.35	234.93	-99.71	0.68	-28.59	3.127	0.1204
8.158333	-10.57	-1.58	223.45	-97.92	1.46	-28.46	3.1425	0.1194
8.166733	-11.68	-0.58	216.31	-92.56	4.69	-26.51	3.1722	0.1202
8.175033	-12.27	1.89	212.49	-89.06	8.63	-24.83	3.202	0.121
8.183333	-12.4	5.83	211.78	-87.99	13.07	-23.64	3.1703	0.1264
8.191733	-12.02	8.7	214.5	-88.94	16.78	-23.51	3.1387	0.1318
8.200033	-11	8.86	221.97	-90.09	19.07	-24.28	3.1384	0.1369
8.208333	-9.37	6.73	233.94	-90.88	20.02	-25.45	3.159	0.1416
8.216733	-7.13	5.71	245.56	-93.53	20.65	-27.21	3.1783	0.1462
8.225033	-4.13	6.37	255.9	-96.86	21.29	-28.8	3.1818	0.1488
8.233333	-0.55	8.69	262.88	-98.61	22.35	-28.83	3.1853	0.1515
8.241733	3.31	12.14	266.03	-98.41	23.76	-27.12	3.1717	0.15
8.250033	6.75	15.76	265.91	-96.66	24.79	-24.5	3.1538	0.1475
8.258333	9.63	19.96	263.74	-92.03	25.77	-20.5	3.15	0.1446
8.266733	11.91	23.95	260.02	-85.02	26.56	-15.39	3.1674	0.1412
8.275033	13.56	26.44	255.55	-76.76	26.95	-9.98	3.1848	0.1378
8.283333	14.64	27.47	250.35	-67.29	27.02	-4.38	3.1743	0.1357
8.291733	15.57	28.16	244.94	-56.61	27.33	0.8	3.155	0.1339
8.300033	16.12	27.7	240.71	-46.46	27.38	4.44	3.146	0.1336
8.308333	16.62	25.47	238.22	-36.47	27.22	6.6	3.1481	0.1348
8.316733	18.02	22.01	237.46	-25.78	27.65	8.21	3.1492	0.1365
8.325033	20.23	17.89	238.57	-14.99	28.81	9.52	3.1397	0.1424
8.333333	21.55	15.14	242.54	-7.59	30.26	10.59	3.1302	0.1484
8.341733	22.02	14.63	248.85	-3.02	32.16	11.72	3.1335	0.1566
8.350033	22.53	14.71	255.25	-0.01	33.47	12.21	3.1468	0.1666
8.358333	23.03	12.84	260.91	1.06	32.73	11.56	3.1601	0.176
8.366733	23.75	10.22	266.63	-0.01	30.75	10.07	3.1732	0.1824
8.375033	25.09	11.31	274.38	-4.25	30.08	8.69	3.1863	0.1887
8.383333	26.77	16.56	283.73	-11.95	30.66	7.36	3.1894	0.191
8.391733	26.59	22.26	291.38	-20.3	31.26	5.99	3.1869	0.191
8.400033	26.15	27.02	295.7	-25.21	32.39	4.77	3.1848	0.1903
8.408333	25.62	29.81	294.92	-27.32	33.16	3.4	3.1839	0.1872
8.416733	24.14	31.31	289.89	-28.49	33.88	2.31	3.183	0.1841
8.425033	21.29	32.54	282.01	-29.5	35.11	1.9	3.1742	0.19
8.433333	18.75	35.82	273.54	-29.97	37.12	2.62	3.165	0.1962
8.441733	15.81	37.34	261.92	-29.26	37.31	3.48	3.1588	0.205
8.450033	12.21	35.97	249.6	-27.75	36.15	4.07	3.1548	0.2157
8.458333	10.33	34.59	240.94	-27.7	35.26	4.31	3.1514	0.2255
8.466733	10.22	33.41	235.45	-29.1	34.69	4.22	3.161	0.2121
8.475033	11.24	34.09	230.39	-30.6	35.26	4.35	3.1705	0.1988
8.483333	13.27	37.41	227.16	-31.69	37.67	4.94	3.1809	0.1836
8.491733	15.17	41.61	226.81	-32.22	40.48	5.7	3.1916	0.1673
8.500033	14.63	42.49	226.78	-32.29	42.05	5.75	3.1982	0.152
8.508333	12.54	40.7	227.9	-31.86	42.91	5.15	3.1744	0.1432
8.516733	10.36	38.2	228.8	-30.49	43.24	4.33	3.1507	0.1345
8.525033	8.24	35.58	228.12	-27.99	42.78	3.53	3.1431	0.1311
8.533333	5.79	33.38	225.99	-25.83	41.8	2.65	3.1417	0.1297
8.541733	3.42	31.13	226.84	-25.08	40.4	1.46	3.1418	0.1303
8.550033	1.18	28.42	230.24	-24.54	38.75	0.43	3.1437	0.1334
8.558333	0.2	26.51	234.62	-23.27	38.36	0.26	3.1456	0.1364
8.566733	0.98	26.26	239.44	-21.51	39.69	1.03	3.1506	0.1416
8.575033	3.42	28.58	243.42	-20.56	41.5	2.44	3.1563	0.1473
8.583333	6.34	32.65	245.5	-20.5	43.13	4.47	3.1536	0.1528
8.591733	8.3	36.48	246.76	-21.66	44.53	6.55	3.1432	0.1582
8.600033	8.79	38.16	248.39	-22.89	45.37	8.36	3.1343	0.1633
8.608333	8.9	38.62	249.9	-23.13	45.71	10.33	3.1367	0.1657
8.616733	9.85	39.65	250.95	-22.66	45.55	12.51	3.139	0.168
8.625033	11.57	41.63	251.92	-22.59	44.75	14.45	3.1569	0.169
8.633333	13.66	43.36	252.36	-21.96	43.08	16.08	3.1852	0.169
8.641733	15.15	42.79	252.51	-19.13	41.1	17.61	3.1903	0.1682
8.650033	15.38	39.8	252.9	-15.76	38.76	18.5	3.166	0.1664
8.658333	15.15	36.24	252.97	-13.07	36.1	18.8	3.1418	0.1646
8.666733	15.44	33.43	252	-10.8	33.15	18.88	3.1428	0.1634
8.675033	16.66	33.48	250.56	-10.65	30.8	19.09	3.1558	0.1624
8.683333	17.55	35	249.42	-13.53	28.9	18.9	3.163	0.1616
8.691733	17.71	35.75	249.22	-17.19	26.93	18.6	3.165	0.1608
8.700033	17.18	35.22	250.88	-20.93	24.89	18.47	3.167	0.16
8.708333	16.12	34.08	254.34	-25.4	22.96	18.41	3.1612	0.1575
8.716733	15.35	34.92	255.45	-32.18	21.26	17.29	3.1553	0.155
8.725033	15.49	37.88	253.7	-39.72	19.85	15.6	3.1504	0.1519
8.733333	16.03	41.31	250.8	-46.8	18.67	13.9	3.146	0.1483
8.741733	15.29	41.27	247.58	-51.88	16.69	11.7	3.1439	0.1447
8.750033	13.67	38.1	244.1	-54.77	13.96	9.03	3.1681	0.1405
8.758333	13.55	35.89	240.09	-56.77	11.28	5.72	3.1923	0.1363
8.766733	15.22	36.13	235.12	-59.37	9	1.6	3.1795	0.1337
8.775033	16.55	35.43	225.97	-61.56	8.02	-2.21	3.1493	0.1317
8.783333	17.4	31.34	216.22	-60.08	8.24	-4.04	3.1249	0.1298
8.791733	17.84	25.1	206.33	-55.79	9.38	-4.03	3.1304	0.1284
8.800033	18.44	19.72	195.11	-50.84	11.19	-2.95	3.136	0.127
8.808333	19.44	15.96	181.75	-45.8	13.69	-1.06	3.1308	0.1262
8.816733	21.15	13.72	169.27	-41.03	16.71	1.07	3.1257	0.1254
8.825033	21.59	11.18	157.42	-37.49	19.98	3.29	3.1247	0.1246
8.833333	20.94	7.88	146.65	-34.5	23.1	5.81	3.1283	0.1238
8.841733	21.42	6.63	140.81	-32.29	24.87	7.79	3.1319	0.123
8.850033	22.97	7.5	139.86	-30.91	25.33	9.23	3.1316	0.1226
8.858333	24.14	10.34	142.17	-30.72	25.74	9.62	3.1312	0.1222
8.866733	24.85	13.81	147.25	-30.82	26.41	9.14	3.1363	0.1218
8.875033	25.97	16.51	154.65	-29.85	26.69	8.49	3.1459	0.1214
8.883333	27.3	17.43	161.02	-26.89	26.31	8.57	3.1555	0.121
8.891733	28.65	16.92	165.94	-22.49	25.52	9.17	3.1684	0.121
8.900033	29.54	16.08	168.38	-18.31	25.14	9.63	3.1813	0.121
8.908333	29.85	15.29	168.02	-14.86	25.45	9.78	3.1894	0.1207
8.916733	28.62	16.81	167.47	-14.29	26.73	9.41	3.1946	0.1203
8.925033	27.22	19.6	168	-15.45	28	9.14	3.1972	0.1201
8.933333	26.03	22.24	169.16	-16.84	28.89	9.32	3.1952	0.1206
8.941733	24.7	24.26	170.87	-17.86	29.56	9.7	3.1931	0.121
8.950033	22.7	26.44	173.36	-19.32	30.34	9.87	3.1953	0.1218
8.958333	19.35	28.22	176.63	-22.47	30.23	9.4	3.1977	0.1226
8.966733	14.94	28.96	181.25	-26.33	28.8	8.72	3.1983	0.1239
8.975033	10.13	29.27	188.03	-30.11	26.87	7.97	3.1966	0.126
8.983333	6.54	27.42	195.16	-30.87	24.85	7.49	3.1942	0.1281
8.991733	4.15	23.31	202.25	-28.66	22.66	7.37	3.1731	0.1301
9.000033	2.06	18.3	207.61	-25.91	20.03	7.68	3.1521	0.132
9.008333	-0.22	14.23	211.79	-24.56	17.44	8.01	3.1483	0.1347
9.016733	-1.9	12.32	214.23	-25.52	15.35	7.57	3.1604	0.1381
9.025033	-2	13	215.14	-27.2	14.61	6.91	3.1695	0.1413
9.033333	-0.68	15.74	214.67	-29.36	15	6.02	3.1568	0.1435
9.041733	0.73	17.82	212.56	-31.85	14.87	4.77	3.144	0.1456
9.050033	1.62	18.64	208.04	-35.41	13.48	3.05	3.1528	0.1476
9.058333	3.11	20.33	200.89	-41.95	11.34	1.08	3.1657	0.1495
9.066733	5.96	23.48	193.11	-51.05	9.2	-1.52	3.1716	0.1511
9.075033	8.8	26.65	183.59	-61.26	7.36	-4.73	3.1495	0.1515
9.083333	8.81	26.41	171.28	-69.4	5.86	-7.72	3.1274	0.1519
9.091733	6.31	22.8	156.95	-75.32	4.62	-10.3	3.1263	0.1523
9.100033	4.74	18.31	145.27	-79.59	4.02	-12.22	3.1305	0.1527
9.108333	4.78	15.04	135.71	-83.15	4.89	-13.47	3.143	0.1535
9.116733	5.73	13.18	127.34	-85.43	7.11	-13.22	3.168	0.1548
9.125033	6.3	10.69	120.33	-84.17	10.21	-11.42	3.1902	0.1562
9.133333	6.02	6.92	114.53	-79.17	13.89	-8.56	3.1919	0.1579
9.141733	5.48	2.77	109.93	-73.15	17.11	-6.4	3.1935	0.1595
9.150033	6.73	0.44	108.17	-68.27	19.42	-4.94	3.1931	0.1611
9.158333	9.86	-0.14	111.99	-62.95	21.09	-3.38	3.192	0.1627
9.166733	11.72	-0.87	117.41	-56.44	22.06	-1.78	3.1855	0.1643
9.175033	12.5	-1.38	123.66	-49.37	22.2	0.07	3.158	0.166
9.183333	13.36	-0.85	129.69	-43.89	21.31	1.89	3.1305	0.1677
9.191733	14.56	0.63	135.86	-40.22	19.42	3.36	3.1291	0.169
9.200033	14.39	1.76	144.88	-38.67	16.41	3.39	3.1343	0.1701
9.208333	13.37	2.88	158.21	-38.07	12.95	3.5	3.1372	0.171
9.216733	12.64	4.36	173.2	-37.25	9.56	4.34	3.1343	0.171
9.225033	12.41	6.24	184.71	-36.97	6.28	5.51	3.1314	0.171
9.233333	12.35	8.25	191.94	-37.92	2.81	6.54	3.1275	0.171
9.241733	11.42	9.23	195.86	-40.74	-1.54	6.2	3.1236	0.171
9.250033	9.15	8.19	198.43	-43.83	-6.45	3.95	3.1253	0.1707
9.258333	5.97	6.24	200.78	-46.11	-10.35	1.12	3.1307	0.1703
9.266733	4.14	5.68	201.34	-46.11	-11.69	0.27	3.1398	0.1698
9.275033	3.7	5.99	198.92	-45.33	-11.33	0.68	3.1636	0.1691
9.283333	3.21	5.69	194.89	-47.35	-11.14	0.3	3.1875	0.1683
9.291733	1.9	4.54	190.99	-52.95	-11.47	-1.28	3.197	0.1667
9.300033	1.25	4.61	188.4	-59.11	-9.92	-3.01	3.1951	0.1644
9.308333	2.27	6.97	187.1	-64.22	-5.38	-3.73	3.1862	0.1619
9.316733	4.26	10.88	186.71	-68.83	0.88	-3.53	3.1668	0.1591
9.325033	6.04	14.5	185.72	-74.61	5.92	-3.84	3.1473	0.1563
9.333333	7.25	16.94	183.24	-82.41	8.5	-5.7	3.1413	0.1542
9.341733	9.15	18.27	179	-87.31	9.84	-7.07	3.1372	0.1521
9.350033	12.1	19.57	174.24	-86.76	11.31	-6.53	3.1453	0.1504
9.358333	15.33	21.33	171.42	-82.6	13.11	-4.77	3.1667	0.1492
9.366733	16.97	22.05	171.25	-78.99	13.21	-3.19	3.1881	0.148
9.375033	16.83	21.46	173.3	-76.38	11.33	-1.91	3.1702	0.148
9.383333	15.22	20.13	171.35	-76.12	9.07	-1.54	3.1506	0.148
9.391733	12.89	18.82	165.79	-77.61	7.81	-2	3.1373	0.1482
9.400033	11.47	17.24	161.06	-76.92	7.46	-1.75	3.129	0.1486
9.408333	10.14	16.02	158.89	-76.88	7.68	-1.69	3.1224	0.1491
9.416733	8.48	14.85	158.65	-78.24	8.36	-2.43	3.1566	0.1504
9.425033	6.57	12.63	156.68	-80.29	9.09	-4.25	3.1909	0.1518
9.433333	5.03	8.98	151.04	-81.58	9.72	-6.59	3.195	0.153
9.441733	4.5	7.08	145.01	-82.79	10.49	-8.23	3.195	0.1542
9.450033	5.4	7.21	145.31	-82.04	11.1	-8.44	3.1839	0.1553
9.458333	7.55	8.25	149.9	-78.95	11.53	-7.38	3.1531	0.1561
9.466733	9.1	9.04	151.78	-76.98	11.84	-6.82	3.1222	0.157
9.475033	9.75	9.54	150.34	-76.66	11.96	-6.99	3.121	0.1574
9.483333	7.8	7.85	146.5	-77.24	9.82	-8.48	3.121	0.1578
9.491733	3.94	4.58	141.44	-77.61	5.63	-10.31	3.1296	0.1576
9.500033	0.27	3.03	137.69	-78.39	1.73	-11.36	3.1492	0.1568
9.508333	-1.92	3.06	134.56	-79.42	0.01	-11.78	3.1682	0.156
9.516733	-2.94	3.95	131.62	-80.33	0.07	-11.73	3.1734	0.1556
9.525033	-4.67	2.44	128.69	-78.98	-1	-11.85	3.1785	0.1552
9.533333	-6.88	-0.04	128.36	-75.87	-3.17	-11.91	3.1819	0.1546
9.541733	-8.74	-0.94	130.47	-73.59	-5.11	-12.06	3.1835	0.1537
9.550033	-7.89	2.95	134.7	-73.26	-4.14	-11.25	3.1824	0.153
9.558333	-4.33	11.21	141.01	-74.3	-0.29	-9.33	3.1603	0.1525
9.566733	-0.18	18.92	146.59	-73.68	3.99	-6.91	3.1382	0.1521
9.575033	2.62	23.01	149.12	-70.85	6.53	-5.02	3.15	0.152
9.583333	2.3	22.55	144.23	-67.88	6.23	-5.23	3.175	0.152
9.591733	0.43	21.53	132.96	-67.72	5.63	-7.17	3.191	0.1519
9.600033	-1.63	21.06	120.13	-69.91	5.87	-9.84	3.171	0.1515
9.608333	-3.34	19.7	110.34	-71.44	6.77	-12.15	3.151	0.1511
9.616733	-4.98	16.48	103.64	-71.31	7.84	-14.01	3.1561	0.1514
9.625033	-7.25	11.62	96.98	-69.24	8.36	-15.48	3.1675	0.1518
9.633333	-10.21	6.73	90.19	-67.49	8.34	-17.09	3.1657	0.1524
9.641733	-14.04	1.84	82.01	-67.19	7.05	-19.47	3.1517	0.1532
9.650033	-16.79	-1.48	76.28	-67.33	5.55	-21.35	3.1377	0.1539
9.658333	-17.6	-2.63	74.87	-67.29	4.67	-22.05	3.131	0.1552
9.666733	-16.43	-1.78	75.79	-66.76	5.06	-21.46	3.1253	0.1565
9.675033	-14.53	0.04	74.57	-66.14	5.68	-20.51	3.14	0.158
9.683333	-13	1.89	73.41	-65.08	5.85	-19.74	3.1683	0.1597
9.691733	-11.62	3.55	76.45	-64.24	6.03	-19.46	3.1858	0.1614
9.700033	-10.41	5.01	82.28	-64.06	6.14	-19.61	3.16	0.1634
9.708333	-9.42	6.17	87.34	-64.25	6.43	-19.34	3.1343	0.1654
9.716733	-8.54	7.01	92.48	-64.07	7.38	-18.21	3.1376	0.1671
9.725033	-7.05	8.36	100.01	-62.6	9.44	-16.56	3.1547	0.1688
9.733333	-6.24	9.46	107.52	-60.45	10.92	-15.5	3.1707	0.1703
9.741733	-6.07	9.96	114.07	-57.67	11.75	-14.91	3.1841	0.1716
9.750033	-5.46	10.44	116.45	-54.68	12.53	-14.12	3.1974	0.1729
9.758333	-3.9	11.32	113.62	-51.66	13.58	-12.87	3.1759	0.1741
9.766733	-1.93	12.78	108.5	-48.6	14.33	-11.48	3.1497	0.1753
9.775033	0.64	14.87	105.92	-44.7	15.22	-10.15	3.1354	0.1764
9.783333	3.49	17.04	105.2	-40.18	16.57	-9.02	3.1342	0.1772
9.791733	5.31	17.77	102.82	-36.33	17.75	-8.1	3.133	0.178
9.800033	6.51	17.11	99.67	-33.34	18.49	-7.23	3.1378	0.178
9.808333	8.5	15.92	100.1	-31.31	18.51	-6.17	3.1428	0.178
9.816733	11.26	14.57	105.13	-30.19	17.88	-5.03	3.1568	0.178
9.825033	13.24	12.84	111.67	-29.3	16.36	-4	3.1778	0.178
9.833333	14.2	10.5	116.94	-27.94	14.58	-2.93	3.19	0.1779
9.841733	14.89	8.32	121.86	-26.36	13.62	-1.89	3.1794	0.1775
9.850033	16.9	8.31	128.78	-24.84	15.02	-0.89	3.1688	0.1771
9.858333	20.49	10.91	138.23	-23.19	18.53	0.15	3.1731	0.1773
9.866733	23.67	13.38	146.31	-21.24	21.44	1.52	3.1859	0.1777
9.875033	24.93	15.11	149.54	-18.87	23.99	2.86	3.1844	0.1781
9.883333	24.39	16.18	148.83	-16.73	25.85	3.72	3.1577	0.1786
9.891733	23.76	16.92	148.46	-16.33	26.8	3.68	3.1311	0.179
9.900033	23.91	17.51	150.09	-18.01	27.07	2.86	3.1551	0.1798
9.908333	24.06	18.64	150.56	-20.11	27.86	2.1	3.1813	0.1806
9.916733	22.94	18.88	148.16	-22.14	27.28	1.52	3.1823	0.1815
9.925033	20.75	17.39	144.8	-24.15	24.73	1.32	3.151	0.1828
9.933333	19.12	15.91	144.82	-26.29	22.49	1.29	3.122	0.1841
