Time(sec)	Fx	Fy	Fz	Tx	Ty	Tz	GON	GRFz
2.925	23.1	5.78	204.2	20.07	70.83	18.59	3.0271	0.1997
2.9334	18.39	4.9	214.4	21.42	68.27	16.3	3.0385	0.2019
2.9417	13.64	4.52	218.84	20.64	66.15	12.62	3.043	0.2032
2.95	10.48	5.12	224.64	19.63	65.79	8.61	3.0472	0.2044
2.9584	9.22	5.3	231.83	18.96	66.97	5.44	3.0514	0.2057
2.9667	9.48	4.47	237.54	18.38	67.62	3.38	3.0558	0.2069
2.975	9.96	5.85	237.35	15.57	66.68	2.9	3.0601	0.2081
2.9834	10.57	9.69	231.44	10.31	64.46	3.87	3.0626	0.2106
2.9917	11.5	15.27	227.01	3.52	62.81	4.89	3.0651	0.2131
3	13.1	21.57	227.98	-3.15	61.64	5.72	3.0668	0.2158
3.0084	15.62	27.47	234.39	-9.22	60.68	6.37	3.068	0.2186
3.0167	17.51	31.98	239.17	-16.4	58.56	6.15	3.073	0.2216
3.025	18.58	35.16	242.13	-23.66	54.93	5.52	3.1063	0.2262
3.0334	18.96	37.69	245.89	-29.44	51.47	4.82	3.1397	0.2308
3.0417	18.84	39.89	252.06	-33.6	49.34	3.91	3.1322	0.234
3.05	18.18	41.09	258.21	-37.06	48.03	2.03	3.1231	0.2372
3.0584	17.24	40.54	261.63	-38.95	45.47	0.08	3.111	0.2403
3.0667	15.97	38.54	262.88	-39.78	42.39	-1.79	3.0951	0.2434
3.075	14	36.47	262.17	-40.56	39.67	-3.47	3.0792	0.2464
3.0834	11.33	34.36	259.47	-41.32	37.33	-4.97	3.0788	0.2484
3.0917	9.08	32.68	255.1	-40.62	35.63	-5.75	3.0823	0.2502
3.1	7.5	31.35	249.31	-39.75	34.99	-6.4	3.0914	0.251
3.1084	7.01	30.23	243.86	-39.26	35.15	-7.23	3.1057	0.251
3.1167	8	29.86	242.06	-38.38	36.14	-7.57	3.12	0.251
3.125	10.03	30.22	244.05	-37.02	37.82	-7.04	3.1083	0.2498
3.1334	12.2	30.68	248.39	-35.05	39	-5.51	3.0967	0.2485
3.1417	14.57	30.97	254.57	-32	39	-3.11	3.0865	0.2475
3.15	17.68	30.76	259.48	-26.77	39.13	0.27	3.0773	0.2466
3.1584	20.86	29.37	261.59	-21.32	40.05	3.69	3.0795	0.2456
3.1667	23.98	27.76	262	-17.6	41.15	6.64	3.106	0.2445
3.175	26.37	27.5	260.64	-18.04	41.77	8.68	3.1325	0.2434
3.1834	27.74	28.67	256.32	-22.28	42.11	10.02	3.1279	0.2415
3.1917	28.09	29.72	249.18	-26.51	43.3	11.15	3.1086	0.2393
3.2	28.4	31	240.07	-30.38	45.8	11.78	3.102	0.2357
3.2084	28.27	31.91	228.73	-34.76	48.98	11.56	3.1145	0.2298
3.2167	26.72	32.15	217.96	-41.67	50.84	10.01	3.127	0.224
3.225	23.92	32.33	209	-50.88	51.02	7.33	3.1052	0.2165
3.2334	21.73	33.32	199.92	-57.4	51.21	5.05	3.0833	0.2089
3.2417	20.4	33.68	189.05	-58.28	52.32	3.93	3.0874	0.2006
3.25	18.38	32.31	178.17	-55.49	52.26	2.92	3.1194	0.1914
3.2584	15.44	30.41	168.39	-53.58	49.11	0.92	3.1429	0.1821
3.2667	12.1	28.11	159.06	-53.07	43.61	-1.79	3.1321	0.1726
3.275	10.11	26.26	148.75	-54.43	38.34	-4.12	3.1214	0.163
3.2834	9.9	25.52	137.75	-56.72	33.96	-5.69	3.1004	0.1535
3.2917	12.16	26.36	130.57	-55.65	30.67	-5.34	3.0746	0.1439
3.3	15.55	27.26	129.38	-52.67	27.56	-3.61	3.0529	0.1351
3.3084	18.86	27.59	132.23	-48.63	24.18	-1.13	3.0418	0.1284
3.3167	21.5	27.37	133.86	-43.09	21.83	2.09	3.0307	0.1216
3.325	24.25	27	133.47	-35.35	21.47	6.42	3.016	0.1162
3.3334	27.3	25.08	132.25	-27.57	21.87	10.43	3.0001	0.1112
3.3417	29.29	21.33	131.89	-18.4	21.13	13.37	2.9966	0.1077
3.35	30.6	17.93	133.33	-7.65	19.73	15.92	3.0151	0.1068
3.3584	30.58	16.75	133.49	-0.08	17.89	17.49	3.0311	0.1063
3.3667	28.93	17.06	131.01	2.32	15.43	17.4	3.0193	0.1101
3.375	26.99	17.32	127.92	-1.73	12.61	14.98	3.0076	0.1139
3.3834	26.89	18.61	127.69	-10.7	10.25	11.32	2.9834	0.1177
3.3917	27.65	20.56	129.48	-22.28	8.38	7.01	2.9435	0.1217
3.4	28.07	24.15	132.32	-32.63	7.48	3.48	2.9077	0.1254
3.4084	28.11	29.28	135.54	-42.3	6.96	0.47	2.8934	0.1282
3.4167	27.32	33.55	137.04	-52.45	5.31	-3.13	2.8791	0.131
3.425	25.25	34.17	135.59	-63.36	1.87	-8.19	2.8872	0.1328
3.4334	23.07	32.4	133.84	-73.15	-1.12	-13.2	2.9078	0.1342
3.4417	21.1	30.74	132.76	-79.17	-2.61	-16.4	2.9082	0.1349
3.45	18.97	28.53	131.14	-80.58	-3.25	-17.84	2.8726	0.1345
3.4584	17.11	25.46	128.21	-78.41	-3.86	-18.07	2.837	0.1341
3.4667	16.02	21.83	124.4	-73.99	-4.44	-17.4	2.8346	0.1327
3.475	15.35	18.62	120.06	-70.06	-3.99	-16.55	2.8451	0.131
3.4834	15.14	16.04	116.36	-65.66	-1.5	-15.06	2.8437	0.1291
3.4917	15.48	13.71	114.07	-59.8	2.25	-12.95	2.827	0.127
3.5	15.22	10.43	111.26	-52.99	4.32	-11.5	2.8097	0.1249
3.5084	13.89	5.88	106.82	-45.92	3.98	-11.18	2.7759	0.1225
3.5167	11.87	0.9	101.53	-40.25	2.92	-11.77	2.7422	0.1201
3.525	9.62	-3.68	96.92	-37.02	1.93	-13.2	2.7299	0.1197
3.5334	7.34	-6.48	92.93	-36.75	1.39	-15.05	2.7374	0.1209
3.5417	5.52	-7.42	89.83	-36.61	1.13	-16.05	2.7424	0.1223
3.55	4.23	-7.15	89.09	-36.47	1.21	-16.76	2.7289	0.1251
3.5584	3.51	-6.67	93.1	-37.15	2.59	-18.28	2.7154	0.1279
3.5667	3.29	-5.62	101.13	-39.57	5.98	-20.6	2.6866	0.1306
3.575	1.83	-5.27	110.97	-44.97	9.04	-22.92	2.6475	0.1332
3.5834	-1.31	-6.11	122.49	-52.84	10.19	-25.18	2.6176	0.1368
3.5917	-4.81	-7.02	134.1	-61.68	10.65	-27.2	2.6069	0.1423
3.6	-6.9	-7.76	143.52	-68.56	11.87	-29.09	2.5961	0.1479
3.6084	-7.69	-9.3	150.78	-73.05	13.61	-31.12	2.5763	0.1553
3.6167	-7.37	-11.2	158.99	-78.54	15.9	-33.81	2.5542	0.1633
3.625	-6.06	-12.12	165.59	-85.67	18.6	-36.19	2.5466	0.1709
3.6334	-5.35	-12.74	170.78	-93.67	20.24	-37.79	2.5604	0.178
3.6417	-5.19	-12.54	177.02	-100.36	21.41	-38.97	2.5743	0.1851
3.65	-4.79	-11.12	184.38	-105.44	23.11	-39.98	2.5602	0.1886
3.6584	-3.93	-9.21	192.51	-110.59	25.78	-41.2	2.5423	0.1915
3.6667	-4.56	-8.46	203.76	-118.07	27.58	-42.94	2.5223	0.1943
3.675	-5.75	-7.9	217.45	-126.2	28.13	-44.65	2.4999	0.1969
3.6834	-7.28	-7.22	228.95	-131.55	27.29	-45.21	2.4771	0.1996
3.6917	-9.05	-6.9	238.34	-134.02	25.53	-44.48	2.4525	0.2027
3.7	-9.37	-7.03	246.53	-134.89	25.08	-42.9	2.428	0.2058
3.7084	-6.54	-6.89	253.31	-135.01	27.53	-40.96	2.4169	0.2093
3.7167	-2.31	-7.25	259.26	-133.74	32.15	-39.05	2.407	0.2129
3.725	1.64	-8.59	266.32	-130.82	37.22	-37.03	2.398	0.2167
3.7334	5.06	-10.14	275.09	-127.21	42.33	-35.24	2.3904	0.2211
3.7417	6.6	-11.52	287.31	-126.25	47.18	-34.85	2.3829	0.2255
3.75	6.29	-12.83	302.73	-127.9	51.85	-35.78	2.3851	0.2312
3.7584	5.24	-13.9	317.33	-129.57	56.19	-36.75	2.3887	0.2372
3.7667	3.32	-13.94	330.04	-130.75	59.45	-37.77	2.382	0.2421
3.775	0.83	-13.87	341.84	-131.85	61.61	-39.3	2.357	0.2452
3.7834	-0.78	-13.44	353.15	-133.63	62.96	-41.1	2.333	0.2483
3.7917	-1.41	-12.51	363.79	-136.14	63.65	-43.11	2.321	0.2516
3.8	-1.36	-11.59	372.38	-138.23	64.58	-44.83	2.3089	0.2549
3.8084	-0.23	-12.03	377.86	-138.23	66.45	-45.67	2.2953	0.2579
3.8167	1.77	-13.16	379.5	-137.1	69.01	-45.5	2.281	0.2607
3.825	3.41	-14.44	380.28	-137.33	71.84	-45.55	2.2713	0.2635
3.8334	5.19	-16.02	381.06	-138.13	75.06	-45.7	2.2854	0.2664
3.8417	8.44	-17.52	383.56	-136.58	79.08	-45.16	2.2996	0.2693
3.85	13.03	-18.52	387.29	-132.51	83.92	-43.7	2.2756	0.2718
3.8584	16.18	-17.61	388.71	-130.05	89.39	-41.66	2.2394	0.2742
3.8667	17.87	-14.77	387.89	-130.2	94.98	-39.23	2.2111	0.2769
3.875	19.27	-11.22	386.61	-130.42	100.37	-36.08	2.2074	0.2806
3.8834	21.39	-8.55	387.26	-127.96	105.54	-32.16	2.2036	0.2844
3.8917	24.2	-6.66	389.93	-123.42	110.43	-27.87	2.1919	0.2861
3.9	26.89	-3.76	392.42	-122.03	114.31	-25	2.1788	0.2874
3.9084	27.85	0.67	392.03	-126.31	116.81	-23.91	2.1721	0.2887
3.9167	25.92	5.49	389.87	-133.17	118	-23.69	2.1704	0.29
3.925	23.31	8.6	390.29	-136.77	117.98	-23.55	2.1707	0.2909
3.9334	20.87	9.93	393.25	-137.04	116.85	-23.44	2.1814	0.2905
3.9417	18.33	11.34	394.62	-138.83	115.16	-23.72	2.1921	0.2901
3.95	14.78	13.78	393.04	-144.11	113.15	-24.65	2.1824	0.2897
3.9584	10.14	16.5	390.37	-150.71	111.17	-26.03	2.1611	0.2893
3.9667	4.63	17.7	388.61	-153.67	109.94	-26.22	2.1402	0.2884
3.975	-0.52	17.89	389.04	-152.91	109.71	-25.12	2.1204	0.286
3.9834	-1.54	19.32	393.33	-151.38	110.96	-23.47	2.1006	0.2837
3.9917	2.06	22.52	400.59	-150.82	113.62	-21.78	2.1055	0.2815
4	6.03	24.73	405.23	-150.42	116.5	-20.33	2.1201	0.2794
4.0084	9.47	25.28	409.63	-147.88	119.38	-19.08	2.1283	0.2779
4.0167	13.14	24.68	415.3	-142.94	122.21	-17.97	2.1231	0.2774
4.025	18.35	24.14	422.91	-136.56	124.69	-16.77	2.1175	0.277
4.0334	24.93	23.75	431.87	-129.56	126.63	-15.57	2.1042	0.2766
4.0417	30.17	22.57	441.23	-124.22	127.22	-15.3	2.091	0.2762
4.05	31.45	19.51	448.23	-120.66	125.88	-16.12	2.0797	0.2764
4.0584	30.23	16.69	452.9	-117.81	123.63	-16.87	2.0713	0.2772
4.0667	30.98	17.48	461.49	-115.32	121.95	-16.81	2.0635	0.2781
4.075	33.28	21.22	473.57	-113.32	120.52	-16.15	2.0598	0.2785
4.0834	34.79	24.81	486	-112.51	118.2	-15.79	2.0561	0.2789
4.0917	34.37	27.48	496.47	-113.26	115.07	-15.85	2.0459	0.2776
4.1	33	29.97	502.57	-114.13	112.57	-15.69	2.0332	0.2756
4.1084	32.42	32.87	503.36	-112.61	111.62	-14.32	2.0202	0.2735
4.1167	32.73	36.45	499.83	-109.35	111.85	-11.84	2.006	0.271
4.125	32.93	39.38	494.81	-107.06	111.36	-9.59	1.9918	0.2685
4.1334	32.55	40.87	488.38	-106.16	109.76	-8.02	1.9909	0.2674
4.1417	32.07	40.36	480.22	-104.63	106.12	-7.38	1.9933	0.2666
4.15	33.12	40.3	471.85	-101.73	101.48	-6.89	1.9927	0.2658
4.1584	34.94	40.41	464.74	-97.89	96.65	-6.24	1.9843	0.2649
4.1667	36.24	39.82	462.22	-94.54	90.79	-5.73	1.976	0.2641
4.175	36.87	38.5	463.43	-92.05	83.56	-5.52	1.9515	0.2617
4.1834	36.98	36.73	461.49	-90.18	75.22	-5.58	1.9247	0.2591
4.1917	36.25	33.84	453.82	-87.29	66.74	-5.71	1.9162	0.256
4.2	35.31	29.47	443.71	-83.88	58.46	-6.35	1.92	0.2527
4.2084	34.33	24.67	433.45	-82.13	51.77	-7.22	1.919	0.2496
4.2167	33.06	19.61	422.67	-81.98	46.54	-8.24	1.8987	0.2476
4.225	31.62	14.6	408.67	-82.25	41.17	-9.65	1.8785	0.2456
4.2334	30.52	9.83	390.48	-82.64	35.12	-11.65	1.8864	0.2436
4.2417	30.06	6.98	372.44	-84.24	29.94	-13.93	1.9077	0.2415
4.25	30.1	6.04	361.3	-87.02	26.17	-16.34	1.916	0.239
4.2584	30.29	6.42	355.2	-90.27	22.96	-18.69	1.891	0.2354
4.2667	29.37	7.36	347.52	-92.18	18.42	-20.26	1.866	0.2319
4.275	27.05	8.96	337.12	-92.62	12.55	-20.91	1.8575	0.2291
4.2834	23.59	10.5	329.17	-93.15	7.59	-21.46	1.8541	0.2266
4.2917	19.62	11.96	324.92	-94.57	4.32	-21.97	1.8574	0.2244
4.3	15.65	13.76	323.6	-96.42	2.45	-22.25	1.8723	0.2226
4.3084	11.97	14.63	321.38	-96.96	0.12	-22.36	1.8856	0.221
4.3167	8.58	13.9	317.47	-95.83	-3.1	-22.32	1.8811	0.2206
4.325	6.53	11.64	314.3	-93.66	-6.1	-21.91	1.8765	0.2202
4.3334	6.44	8.93	315.18	-91.75	-7.32	-21.45	1.8736	0.2204
4.3417	6.56	6.23	317.22	-91.2	-6.9	-21.69	1.8727	0.2213
4.35	6.28	4.36	314.92	-91.12	-6.75	-22.14	1.8746	0.2222
4.3584	6.33	3.77	310.06	-91.37	-6.79	-22.53	1.8909	0.2235
4.3667	8.51	5.45	309.02	-92	-6.46	-22.21	1.9071	0.2247
4.375	12.16	8.86	312.77	-93.58	-5.43	-21.42	1.9122	0.2262
4.3834	15.85	12.21	320.18	-94.6	-4.02	-20.47	1.9138	0.2278
4.3917	18.65	15.69	330.51	-94.88	-2.53	-19.81	1.915	0.2294
4.4	20.33	18.99	341.99	-93.96	-1.19	-19.49	1.915	0.2311
4.4084	22.32	21.33	354.91	-90.09	-0.34	-18.75	1.915	0.2327
4.4167	25.18	22.6	370.03	-83.07	-0.02	-17.35	1.9129	0.2341
4.425	27.56	22.8	385.34	-77.3	-0.75	-15.88	1.9104	0.2353
4.4334	27.17	20.5	395.2	-73.2	-2.81	-15.16	1.9059	0.236
4.4417	24.4	15.76	399.69	-68.72	-5.62	-15.04	1.8988	0.236
4.45	20.76	10.53	399.86	-64.22	-8.55	-15.17	1.8926	0.2359
4.4584	16.61	5.17	396.23	-59.94	-11.57	-15.49	1.9072	0.2347
4.4667	12.88	0.16	392.9	-56.01	-14.43	-15.79	1.9218	0.2334
4.475	9.91	-4.09	392.12	-52.97	-16.84	-16	1.9173	0.2317
4.4834	6.98	-6.66	389.76	-52.73	-18.29	-16.12	1.9023	0.2297
4.4917	4.4	-7.61	384.47	-51.82	-18.11	-15.83	1.891	0.2277
4.5	2.34	-7.12	377.14	-49.9	-16.45	-15.21	1.9072	0.2252
4.5084	1.13	-6.03	371.3	-47.69	-14.39	-14.75	1.9235	0.2227
4.5167	0.55	-4.39	366.91	-46.35	-12.24	-14.53	1.9294	0.2197
4.525	0.39	-3.17	361.64	-46.97	-10.45	-15.34	1.9314	0.2165
4.5334	-0.08	-2.81	352.64	-50.14	-9.11	-17.54	1.9313	0.2132
4.5417	-1.44	-2.25	339.85	-55.6	-8.09	-20.26	1.923	0.2095
4.55	-3.51	-1.49	327.37	-61.04	-7.77	-22.68	1.9147	0.2057
4.5584	-5.73	-1.08	317.45	-65.17	-8.2	-24.75	1.9197	0.2022
4.5667	-6.22	-2.14	313.91	-64.77	-8.21	-25.98	1.928	0.1987
4.575	-5.69	-3.9	313.14	-61.18	-7.29	-26.04	1.9324	0.1951
4.5834	-4.79	-6.06	312.62	-56.51	-6.12	-25.4	1.9333	0.1913
4.5917	-3.83	-7.44	312.67	-51.09	-4.75	-23.57	1.935	0.1876
4.6	-2.85	-7.84	314.24	-45.14	-3.07	-20.69	1.9438	0.184
4.6084	-1.54	-8.38	319.2	-40.79	-1.29	-18.88	1.9525	0.1804
4.6167	0.67	-10.02	327.59	-38.28	0.48	-18.94	1.9732	0.177
4.625	4.37	-11.93	337.23	-35.29	2.69	-19.31	2.002	0.1737
4.6334	7.97	-12.51	342.65	-34.05	4.56	-19.64	2.0231	0.1704
4.6417	10.85	-12.05	344.07	-34.91	5.82	-20.32	2.0136	0.1677
4.65	12.08	-11.58	344.51	-36.61	6.42	-21.89	2.004	0.1649
4.6584	12.09	-11.32	345.67	-37.75	6.81	-24.06	2.0137	0.1632
4.6667	11.15	-11.95	346.64	-37.9	6.89	-26.07	2.0325	0.1619
4.675	9.54	-13.39	345.6	-35.18	6.72	-26.65	2.0433	0.1608
4.6834	8.14	-14.19	342.83	-31.11	6.51	-25.95	2.0336	0.1599
4.6917	7.68	-12.43	340.37	-31.14	6.03	-25.83	2.024	0.159
4.7	7.55	-8.69	338.94	-36.15	4.98	-26.89	2.0456	0.1579
4.7084	6.41	-5.69	338.34	-40.44	3.43	-26.89	2.0672	0.1567
4.7167	5.83	-2.69	338.04	-43.15	2.1	-24.83	2.0846	0.1557
4.725	5.93	-0.61	335.29	-44.78	1.61	-21.87	2.0947	0.1548
4.7334	6.58	0.85	329.22	-45.5	2.38	-19	2.1048	0.154
4.7417	8.02	2.26	321.21	-45.63	4.33	-16.16	2.1143	0.1544
4.75	10.66	5.24	318.23	-45.27	6.99	-12.99	2.1239	0.1549
4.7584	12.91	7.22	319.77	-41.74	9.97	-9.23	2.1346	0.1555
4.7667	13.14	6.12	320.57	-36.52	12.77	-6.24	2.1457	0.1563
4.775	12.76	4.22	318.97	-35.26	15.45	-6.26	2.1543	0.1574
4.7834	12.15	1.36	315.75	-37.02	18.36	-8.78	2.1497	0.1599
4.7917	12.42	-2.05	316.07	-38.3	21.97	-11.09	2.1451	0.1624
4.8	13.5	-5.6	321.24	-38.87	26	-12.64	2.1654	0.1657
4.8084	16.03	-5.61	329.69	-41.04	30.61	-13.65	2.1936	0.1693
4.8167	18.86	-4.34	334.15	-43.7	36.11	-14.38	2.2174	0.1728
4.825	20.43	-3.52	332.58	-46.33	42.21	-15.06	2.2274	0.1761
4.8334	21.3	-2.16	328.68	-47.53	49.18	-14.65	2.2374	0.1795
4.8417	22.46	0.25	325.23	-46.86	56.93	-12.8	2.2316	0.1829
4.85	25.77	2.59	327.42	-44.6	63.73	-10.02	2.2229	0.1865
4.8584	30	5.4	332.83	-43.76	68.46	-7.86	2.2281	0.1892
4.8667	33.8	10.37	336.81	-46.62	71.55	-6.51	2.2443	0.1912
4.875	35.5	14.2	336.94	-51.85	73.12	-5.87	2.2598	0.1931
4.8834	34.89	15.43	333.49	-58.19	72.92	-6.09	2.2713	0.1939
4.8917	33.38	13.67	329.24	-63.75	70.57	-7.51	2.2829	0.1947
4.9	32.2	10.27	325.8	-68.92	66.28	-9.96	2.2974	0.1953
4.9084	31.76	5.94	324.36	-73.92	61.62	-13.07	2.3137	0.1957
4.9167	30.1	2.13	319.88	-79.41	58.48	-16.69	2.3345	0.1958
4.925	26.65	-0.3	311.81	-85.33	56.11	-20.22	2.3698	0.195
4.9334	21.48	-1.22	303.66	-89.18	52.58	-22.29	2.4051	0.1942
4.9417	15.46	-1.74	297.78	-89.72	47.71	-22.83	2.433	0.1931
4.95	10.22	-5.03	288.06	-87.92	43.55	-22.24	2.458	0.1918
4.9584	5.92	-8.96	273.72	-86.18	40.79	-19.97	2.4782	0.1904
4.9667	3.41	-12.35	260.59	-84.39	38.99	-17.38	2.4883	0.1887
4.975	2.34	-15.01	249.63	-82.37	36.63	-15.6	2.4986	0.187
4.9834	2.13	-16.88	239.73	-80.33	33.38	-14.53	2.5132	0.187
4.9917	1.35	-17.07	230.07	-79.91	31.13	-13.1	2.5277	0.187
5	1.28	-17.41	221.81	-81.33	31.44	-12.54	2.5388	0.186
5.0084	2.42	-19.95	214.78	-83.86	31.93	-13.44	2.548	0.1844
5.0167	3.4	-21.73	214.69	-87.02	29.89	-15.47	2.5595	0.1831
5.025	4.51	-22.09	220.9	-90.23	26.72	-18.43	2.5891	0.1844
5.0334	5.47	-20.81	226.21	-92.39	25.84	-20.53	2.6187	0.1856
5.0417	5.82	-18.55	227.36	-93.59	27.5	-20.99	2.6432	0.1869
5.05	4.9	-17.49	225.13	-94.55	29.56	-20.88	2.6657	0.1881
5.0584	4.66	-19.55	220.94	-93.77	30.66	-21.91	2.6878	0.1903
5.0667	5.29	-23.84	216.82	-90.77	31.06	-23.28	2.709	0.1945
5.075	6.49	-26.87	216.25	-85.51	33.46	-23.11	2.7303	0.1987
5.0834	8.05	-27.78	219.39	-78.25	38.76	-21.15	2.7473	0.2019
5.0917	8.78	-27.65	221.45	-72.91	44.69	-19.4	2.764	0.2051
5.1	7.94	-27.95	223.05	-71.15	48.14	-18.51	2.7826	0.2084
5.1084	6.58	-28.92	226.56	-71.71	49.35	-18.5	2.804	0.212
5.1167	6.71	-28.91	233.9	-72.3	50.55	-18.54	2.8254	0.2156
5.125	8.42	-27.74	245.04	-72.84	51.9	-18.57	2.8317	0.2193
5.1334	11.37	-25.88	253.66	-72.41	54.44	-17.53	2.8358	0.223
5.1417	15.27	-24.6	256.53	-71.69	57.84	-16.58	2.8395	0.2271
5.15	19.36	-22.97	254.58	-72.9	60.02	-16.6	2.8427	0.2315
5.1584	24.37	-20.34	253.45	-73.25	61.34	-16.01	2.8459	0.2358
5.1667	30.07	-16.97	253.63	-71.71	62.25	-14.5	2.854	0.2396
5.175	34.56	-13.43	252.05	-68.06	63.4	-11.89	2.8623	0.2433
5.1834	36.73	-9.47	246.17	-63.65	64.54	-8.2	2.8777	0.2459
5.1917	36.54	-5.05	238.45	-62.11	64.35	-5.02	2.8947	0.2483
5.2	34.11	-0.59	233.51	-65.33	61.36	-4.44	2.9182	0.2502
5.2084	30.28	3.96	231.79	-71.84	56.38	-5.75	2.9582	0.2511
5.2167	27.27	7.77	232.87	-76.74	53.06	-6.66	2.9982	0.2519
5.225	25.27	10.61	236.5	-79.47	51.93	-6.96	3.017	0.2517
5.2334	23.44	12.12	240.74	-80.71	52.94	-7.43	3.0328	0.2513
5.2417	22.61	13.12	246.2	-81.94	55.24	-8.25	3.04	0.2511
5.25	21.85	13.59	251.1	-84.86	57.37	-9.73	3.0317	0.2516
5.2584	20.77	13.5	252.12	-86.64	59.97	-10.39	3.0233	0.252
5.2667	19.42	12.88	249.05	-86.74	63.23	-9.99	3.0344	0.2537
5.275	18.25	13.02	244.96	-85.39	66.51	-9.08	3.0462	0.2554
5.2834	15.8	13.79	239.37	-85.3	68.25	-9.06	3.066	0.2565
5.2917	12.99	14.32	233.87	-84.68	68.47	-10.39	3.0895	0.2573
5.3	11.29	14.99	231.22	-82.85	66.87	-12.5	3.1121	0.258
5.3084	10.8	16.34	232.24	-80.01	63.99	-14.71	3.1143	0.2575
5.3167	12.58	19.31	240	-74.83	62.29	-15.53	3.1165	0.2571
5.325	17.06	23.91	255.37	-66.5	62.45	-14.82	3.1053	0.2554
5.3334	23.06	29.62	270.65	-55.7	64.44	-12.92	3.0899	0.2533
5.3417	29.11	35.05	281.08	-43.82	68	-10.15	3.0874	0.2511
5.35	35.33	39.72	289.23	-32.38	71.8	-7.28	3.1081	0.2488
5.3584	41	43.91	296.77	-25.12	74.14	-4.88	3.1287	0.2464
5.3667	45.81	47.91	303.19	-22.6	75.01	-2.8	3.1162	0.2446
5.375	47.73	51.04	304.4	-22.75	75.88	-0.72	3.0975	0.2429
5.3834	46.47	52.38	298.82	-25.07	75.94	0.25	3.09	0.2417
5.3917	43.21	51.39	288.02	-27.88	75.38	0.6	3.0967	0.2409
5.4	40.13	48.04	281	-29.01	74.41	1.12	3.1035	0.2401
5.4084	37.26	42.68	278.93	-28.94	72.69	1.56	3.1178	0.2396
5.4167	33.82	36.71	278.37	-28.06	70.46	1.77	3.1328	0.2392
5.425	29.64	30.72	276.04	-24.41	69.4	2.77	3.1418	0.239
5.4334	25.76	25.42	273.17	-21.35	69.48	3.67	3.1453	0.239
5.4417	24.37	21.1	273.35	-21.36	68.66	3.35	3.1428	0.2387
5.45	25.08	17.26	275.61	-22.19	66.92	2.38	3.1211	0.2375
5.4584	25.51	13.36	275.69	-20.31	64.36	1.7	3.0995	0.2362
5.4667	24.58	9.91	272.16	-17.27	60.83	0.84	3.1083	0.2347
5.475	23.73	8.16	272.92	-16.3	57.02	-0.76	3.123	0.2331
5.4834	23.71	7.37	279.53	-15.85	54.04	-2.23	3.1367	0.2312
5.4917	24.3	7.94	288.05	-16.48	52.07	-3.7	3.1484	0.2287
5.5	24.16	9.78	291.34	-15.73	51.37	-4.53	3.1601	0.2262
5.5084	23.08	12.77	289.18	-12.94	51.96	-4.54	3.1347	0.2242
5.5167	21.58	14.46	285.74	-9.38	51.7	-4.4	3.1061	0.2222
5.525	20.9	15.93	283.69	-10.24	50.29	-5.54	3.0977	0.2203
5.5334	20.63	18.56	283.52	-15.33	49.11	-7.17	3.1193	0.2187
5.5417	19.39	21.33	277.77	-20.74	48.35	-8.09	3.141	0.217
5.55	17.07	23.84	265.24	-26.57	47.44	-8.64	3.1274	0.2179
5.5584	13.86	25.12	248.74	-33.15	45.11	-9.47	3.1138	0.2188
5.5667	10.07	24.57	234.17	-39.63	41.11	-10.39	3.1253	0.2196
5.575	6.48	21.19	221.76	-44.9	36.29	-10.69	3.1466	0.2204
5.5834	3.32	17.67	208.65	-49.88	32.86	-10.17	3.1605	0.2202
5.5917	0.35	15.36	195.12	-54.98	30.33	-9.09	3.1589	0.2179
5.6	-2.41	14.84	181.11	-61.04	26.62	-8.62	3.1573	0.2155
5.6084	-4.82	15.57	166.44	-68.13	21.18	-9.08	3.1283	0.211
5.6167	-5.96	16.5	151.3	-72.95	16.52	-9.59	3.0925	0.206
5.625	-5.7	17.98	136.77	-74.21	14.05	-9.29	3.0662	0.2011
5.6334	-4.31	19.97	123.61	-72.9	13.31	-8.45	3.0543	0.1963
5.6417	-2.86	23.4	112.42	-71.21	12.96	-8.13	3.0424	0.1916
5.65	-1.54	28.53	103.15	-69.41	12.77	-8.49	3.034	0.1888
5.6584	-0.36	33.84	96.15	-66.83	13.97	-8.9	3.0261	0.1863
5.6667	1.04	37.34	91	-62.8	17.29	-8.97	3.0199	0.1854
5.675	2.23	38.4	88.26	-57.96	21.28	-9.06	3.0155	0.1862
5.6834	1.95	37.88	88.68	-55.68	22.81	-9.95	3.0112	0.187
5.6917	0.47	36.38	92.34	-55.61	22.18	-11.33	2.9866	0.1882
5.7	-0.92	35.13	98.55	-54.9	21.27	-12.02	2.9612	0.1894
5.7084	-1.95	34.15	106.5	-52.46	20.57	-11.71	2.9414	0.1895
5.7167	-3.02	33.03	114.8	-49.93	19.79	-10.71	2.9261	0.1886
5.725	-3.93	31.87	122.62	-47.78	18.13	-9.43	2.9152	0.1874
5.7334	-4.33	30.76	130.61	-45.69	15.85	-7.97	2.9161	0.1853
5.7417	-3.17	30.49	139.43	-42.44	14.92	-6.1	2.9169	0.1833
5.75	-0.11	31.54	148.65	-37.51	16.48	-3.53	2.9027	0.1813
5.7584	3.9	33.69	156.89	-32.74	19.28	-0.72	2.8864	0.1793
5.7667	7.83	35.82	164.01	-30.05	21.85	1.45	2.864	0.1774
5.775	11.19	36.59	168.43	-29.22	23.11	2.75	2.8307	0.1757
5.7834	13.78	34.78	169.54	-28.38	21.96	3.23	2.7973	0.1741
5.7917	15.64	30.94	167.92	-27.39	19.08	2.89	2.7728	0.1721
5.8	16.38	27.68	164.98	-27.16	17.51	1.65	2.7486	0.1701
5.8084	15.37	24.84	159.53	-28.3	16.73	-0.36	2.7296	0.1696
5.8167	13.5	21.67	152.72	-31.04	15.42	-3.03	2.7173	0.1709
5.825	11.6	17.69	146.27	-34.35	13.87	-6.23	2.7089	0.1723
5.8334	9.78	13.41	140.21	-37.99	12.2	-9.61	2.721	0.1744
5.8417	8.76	11.79	135.99	-41.49	11.83	-11.86	2.7331	0.1765
5.85	9.16	14.51	135.63	-45.1	14.15	-12.71	2.7236	0.1758
5.8584	9.83	18.69	137.89	-46.35	18.47	-12.53	2.7074	0.1742
5.8667	10.59	21.2	140.53	-44.23	21.46	-11.25	2.6922	0.1718
5.875	11.67	22.49	143.82	-39.97	22.76	-9.1	2.6805	0.1668
5.8834	12.72	24.3	147.2	-35.97	22.92	-6.67	2.6689	0.1618
5.8917	13.46	26.86	150.28	-32.14	22.37	-4	2.6347	0.1583
5.9	13.39	28.06	153.68	-26.14	21.74	-0.75	2.5962	0.1552
5.9084	12.23	26.13	157.57	-18.4	20.77	2.06	2.5653	0.1533
5.9167	10.83	22.16	162.48	-10.31	20.05	4.43	2.5508	0.1541
5.925	10.83	19.15	169.55	-5.02	19.94	6.76	2.5362	0.1549
5.9334	11.98	17.21	177.86	-3.28	20	8.72	2.5269	0.1566
5.9417	12.61	14.8	183.77	-4.79	19.12	9.27	2.5182	0.1584
5.95	12.19	10.93	186.71	-6.92	18.05	8.88	2.5145	0.1603
5.9584	11.02	7.16	188.65	-11.37	17.14	7.41	2.5136	0.1624
5.9667	9.6	5.66	189.78	-21.36	15.77	4.09	2.507	0.1651
5.975	7.97	6.29	191.38	-35.75	14.27	-0.76	2.482	0.1699
5.9834	5.29	7.33	195.72	-50.2	12.9	-6.36	2.457	0.1747
5.9917	1.09	8.17	202.51	-63.95	11.34	-12.71	2.4449	0.1784
6	-3.53	8.05	209.84	-76.36	10.01	-18.8	2.4378	0.1817
6.0084	-6.94	7.79	220.35	-86.4	10.36	-23.19	2.4274	0.1851
6.0167	-9.35	7.9	232.24	-95.91	12.09	-26.79	2.41	0.1887
6.025	-11.36	7.6	240.85	-105.98	14.35	-30.83	2.3925	0.1923
6.0334	-12.97	6.3	246.28	-115.24	17.23	-34.91	2.3737	0.1987
6.0417	-13.47	4.36	253.67	-119.84	21.85	-36.78	2.3545	0.2057
6.05	-12.86	2.39	260.22	-122.74	27.36	-37.22	2.3481	0.2126
6.0584	-11.39	-0.54	266.11	-124.18	32.82	-37.15	2.3608	0.2192
6.0667	-9.94	-4.37	274.52	-124.78	37.21	-38.17	2.3705	0.2259
6.075	-8.4	-8.15	285.3	-124.97	40.75	-40.23	2.3576	0.2331
6.0834	-5.37	-9.72	296.71	-124.3	44.59	-41.56	2.3447	0.2403
6.0917	-0.54	-9.85	311.43	-119.98	49.21	-40.78	2.3201	0.2463
6.1	4.56	-9.85	329.47	-113.25	53.78	-38.78	2.2828	0.2511
6.1084	8.86	-10.13	344.56	-109.46	56.63	-38.31	2.2517	0.2558
6.1167	11.97	-10.65	356.71	-108.74	57.85	-39.55	2.2455	0.2595
6.125	13.1	-10.38	365.79	-111.24	58.62	-42.08	2.2392	0.2633
6.1334	12.52	-8.3	371.57	-116.68	59.96	-44.9	2.2275	0.2659
6.1417	11.18	-6.54	374.41	-121.87	62.04	-46.79	2.2144	0.2683
6.15	8.08	-7.94	377.78	-125.07	64.06	-48.39	2.2091	0.2705
6.1584	3.5	-11.8	381.82	-126.9	65.51	-49.81	2.2237	0.2721
6.1667	-0.67	-15.53	385.92	-127.98	66.1	-50.72	2.2383	0.2738
6.175	-4.07	-18.79	389.86	-128.17	65.99	-50.96	2.2121	0.2761
6.1834	-7.36	-20.15	394.17	-129.57	66.43	-50.96	2.1803	0.2785
6.1917	-9.58	-19.62	398.82	-131.9	67.25	-50.25	2.1608	0.2805
6.2	-10.06	-19.04	402.11	-132.28	69.28	-48.34	2.1628	0.2817
6.2084	-9.77	-17.83	403.76	-132.2	72.56	-46.44	2.1649	0.2829
6.2167	-9	-15.5	404.3	-132.71	76.59	-44.87	2.1578	0.2834
6.225	-8.27	-12.05	404.75	-134.94	80.78	-43.88	2.1504	0.2839
6.2334	-8.07	-8.74	404.85	-137.75	86.03	-43.24	2.1381	0.2834
6.2417	-7.58	-5.81	405.13	-140	91.75	-43.02	2.1235	0.2826
6.25	-5.47	-4.81	405.19	-139.07	96.42	-42.62	2.1107	0.2818
6.2584	-2.3	-5.51	404.64	-135.14	100.2	-42	2.1023	0.281
6.2667	0.22	-5.56	404.51	-131.56	102.65	-41.6	2.094	0.2802
6.275	1.79	-4.1	405.61	-129.68	103.39	-41.64	2.1078	0.2784
6.2834	3.89	-0.76	407.82	-130.81	102.45	-42.55	2.1287	0.2763
6.2917	7.03	3.85	410.06	-133.59	100.88	-44.08	2.1343	0.2741
6.3	9.9	8.4	410.49	-136.24	98.79	-45.95	2.1129	0.2718
6.3084	9.98	11.42	406.27	-137.64	96.91	-47.75	2.0914	0.2694
6.3167	7.62	13.51	398.37	-138.55	95.49	-49.41	2.0775	0.2673
6.325	6.62	17.11	393.05	-140.78	94.58	-50.59	2.065	0.2652
6.3334	8.02	21.71	391	-143.85	93.79	-51.36	2.0603	0.2632
6.3417	11.37	26.67	391.85	-146.6	93.24	-51.36	2.0656	0.2615
6.35	14.91	30.75	394.9	-145.97	93.45	-49.73	2.0693	0.2599
6.3584	17.99	33.33	399.89	-141.91	94.23	-46.7	2.0652	0.2596
6.3667	20.78	34.23	408.02	-137.3	94.73	-43.57	2.061	0.2592
6.375	24.97	35.13	421.61	-134.39	94.8	-40.71	2.0576	0.2588
6.3834	30	37.17	436.94	-133.06	94.33	-37.62	2.055	0.2583
6.3917	32.67	37.93	447.61	-131.28	93.01	-34.53	2.0493	0.2575
6.4	33.08	37.05	453.03	-128.19	91.39	-31.26	2.0339	0.2554
6.4084	31.85	34.39	452.34	-123.14	90.49	-27.75	2.0185	0.2533
6.4167	29.39	30.56	445.87	-117.19	90.19	-24.31	2.0173	0.252
6.425	26.5	27	437.28	-111.33	89.01	-21.07	2.0189	0.2508
6.4334	24.38	25.31	427.51	-104.58	87.56	-17.05	2.0192	0.2496
6.4417	22.86	25.22	416.25	-97.13	85.97	-12.41	2.0167	0.2484
6.45	21.61	24.68	405.65	-89.01	84.5	-7.93	2.0142	0.2471
6.4584	20.62	23.35	396.21	-80.18	83.16	-3.73	2.0103	0.2463
6.4667	18.86	20.95	389.46	-74.17	80.78	-1.44	2.0064	0.2455
6.475	16.02	18.15	386.79	-73.15	76.13	-1.64	1.9996	0.245
6.4834	13.45	16.63	390.39	-77.39	69.85	-4.32	1.9884	0.245
6.4917	11.24	16.12	397.66	-85.67	63.89	-9	1.9773	0.245
6.5	9.2	16.35	406.99	-96.78	58.61	-15.04	1.9768	0.2458
6.5084	6.94	16.91	413.39	-106.21	54.69	-19.8	1.9777	0.2467
6.5167	4.74	18.19	417.29	-113.65	51.95	-23.06	1.9711	0.2479
6.525	1.96	19.43	421.27	-121.99	49.04	-26.91	1.9616	0.249
6.5334	-0.6	21.07	425.03	-129.27	46.27	-30.43	1.9537	0.2504
6.5417	-2.72	23.28	428.62	-134.95	43.74	-33.35	1.9525	0.2525
6.55	-5.47	24.48	430.36	-138.35	40.88	-35.5	1.9513	0.2546
6.5584	-9.37	24.01	429.38	-139.36	37.43	-36.89	1.945	0.2569
6.5667	-13.89	21.79	425.39	-138.39	34.3	-37.66	1.9374	0.2593
6.575	-18.46	18.51	423.67	-139.77	30.68	-40.27	1.9304	0.2616
6.5834	-22.15	15.14	423.95	-143.4	26.61	-44.5	1.9247	0.2638
6.5917	-23.33	13.51	423.34	-146.27	23.48	-48.04	1.919	0.266
6.6	-22.03	13.61	421.11	-147.56	21.66	-50.31	1.9265	0.2668
6.6084	-20.43	12.9	416.17	-146.52	21.44	-50.92	1.9341	0.2676
6.6167	-18.81	11.24	407.99	-143.55	22.79	-50.06	1.9354	0.2682
6.625	-17.05	8.8	399.7	-139.46	24.34	-49.02	1.93	0.2686
6.6334	-15.51	5.87	393.71	-135.12	24.65	-48.61	1.9238	0.269
6.6417	-13.94	2.73	390.17	-130.21	24.27	-48.55	1.9089	0.2685
6.65	-12	-0.17	390.21	-123.22	26.14	-47.51	1.894	0.2681
6.6584	-10.69	-3.91	394.13	-114.27	30.19	-45.75	1.8958	0.2677
6.6667	-10.27	-9.39	397.85	-105.48	33.94	-44.47	1.9019	0.2673
6.675	-8.82	-14.49	400.97	-98.44	36.28	-44.53	1.9065	0.2669
6.6834	-6.72	-18.91	405.42	-92.51	37.23	-45.5	1.9036	0.2665
6.6917	-4.79	-22.27	411.5	-85.75	38.17	-45.3	1.9007	0.2661
6.7	-3	-24.52	418.04	-77.97	39.58	-43.6	1.9209	0.2651
6.7084	-0.73	-25.05	420.4	-69.59	42.43	-40.33	1.9484	0.2638
6.7167	0.77	-25.27	417.75	-62.25	43.74	-37.04	1.9611	0.2625
6.725	0.99	-25.47	413.19	-57.97	42.21	-34.85	1.9475	0.2612
6.7334	0.18	-24.67	412.37	-55.66	39.67	-33.1	1.9363	0.2598
6.7417	-1.61	-22.65	415.47	-54.09	37.23	-31.29	1.953	0.2573
6.75	-4.41	-20.41	414.76	-50.79	36.6	-29.08	1.9697	0.2548
6.7584	-7.52	-18.52	406.81	-46.9	37.76	-27.24	1.9755	0.2527
6.7667	-9.7	-16.38	398.74	-45.55	39.45	-26.19	1.9763	0.2507
6.775	-11.37	-14.67	397.15	-47.62	39.78	-26.38	1.9775	0.2486
6.7834	-12.4	-13.67	401.67	-52.21	38.79	-27.77	1.9809	0.2461
6.7917	-11.9	-13.95	408.06	-54.46	37.96	-29.1	1.9842	0.2436
6.8	-9.62	-15.35	414.86	-53.4	37.91	-29.84	1.9823	0.2424
6.8084	-7.52	-16.23	417.5	-51.84	39.18	-29.86	1.9787	0.2416
6.8167	-5.53	-15.59	420.71	-53.3	40.21	-29.88	1.9758	0.2407
6.825	-2.48	-13.49	428.18	-57.17	40.74	-30.07	1.975	0.2395
6.8334	1.25	-10.66	436.1	-59.8	41.68	-30.19	1.9741	0.2382
6.8417	5.14	-7.4	442.06	-60.16	43.34	-30.13	1.9906	0.2373
6.85	6.3	-5.58	439.6	-58.08	44.65	-30.24	2.0103	0.2364
6.8584	4.32	-4.33	429.88	-56.39	45.46	-30.65	2.0223	0.236
6.8667	0.19	-2.57	417	-56.3	46.81	-30.89	2.0283	0.236
6.875	-3.15	-0.79	410.45	-56.68	48.8	-30.75	2.0343	0.236
6.8834	-5.16	0.61	411.13	-57.21	50.99	-30.45	2.0423	0.236
6.8917	-5.86	0.98	414.02	-59.2	51.43	-30.81	2.0502	0.236
6.9	-6.18	0.38	416.22	-63.14	50.34	-31.71	2.0629	0.2364
6.9084	-7.55	-3.09	413.06	-67.12	48.83	-33.17	2.08	0.2373
6.9167	-7.54	-7.67	410.4	-71.82	48.11	-34.9	2.0941	0.2381
6.925	-5.94	-12.08	409.67	-77.15	48.56	-36.36	2.0862	0.2385
6.9334	-3.45	-15.82	408.57	-81.79	49.59	-37.37	2.0783	0.2389
6.9417	-1	-19.88	403.29	-84.65	50.21	-38.39	2.0927	0.2397
6.95	1.65	-24.41	394.06	-87.74	50.38	-40.14	2.1115	0.2405
6.9584	3.36	-28.7	382.23	-90.56	52.24	-41.68	2.1293	0.2408
6.9667	4.3	-33.17	369.06	-90.85	55.14	-42.27	2.146	0.2404
6.975	6.22	-36.23	360.68	-88.49	57.4	-41.18	2.1627	0.24
6.9834	9.4	-37.47	358.04	-83.84	58.82	-38.38	2.1648	0.2408
6.9917	12.71	-36.54	357.25	-79.87	61.62	-34.56	2.1656	0.2416
7	15.88	-35.02	356.5	-76.7	65.33	-30.39	2.1674	0.242
7.0084	18.91	-33.93	357.45	-73.38	68.25	-26.47	2.1702	0.242
7.0167	21.43	-33.68	361.14	-67.15	69.6	-22.36	2.173	0.242
7.025	23.18	-34.01	366.08	-58.38	69.64	-17.84	2.2059	0.2428
7.0334	23.55	-33.96	367.81	-50.48	69.48	-13.4	2.2388	0.2437
7.0417	22.35	-33.15	365.15	-45.53	69.75	-9.73	2.2502	0.2443
7.05	20.77	-31.48	361.52	-43.08	70.89	-6.78	2.2471	0.2447
7.0584	20.28	-30.56	360.99	-40.05	70.55	-4.38	2.2496	0.2452
7.0667	20.47	-30.78	362.47	-36.84	68.13	-2.81	2.264	0.246
7.075	20.75	-31.7	362.69	-35.01	64.43	-1.89	2.2784	0.2468
7.0834	21.12	-32.67	360.55	-35.21	60.6	-1.19	2.2845	0.2467
7.0917	21.32	-34.04	357.98	-36.14	58.32	-0.8	2.2867	0.2463
7.1	21.72	-36.37	358.23	-36.54	57.39	-0.98	2.3002	0.246
7.1084	23.13	-38	362.03	-37.24	58.27	-1.6	2.3308	0.246
7.1167	25.25	-37.2	366.78	-39.57	60.96	-2.58	2.3613	0.246
7.125	27.51	-34.02	370.86	-43.76	65.24	-3.94	2.3621	0.2464
7.1334	29.09	-32.07	374.35	-45.93	69.53	-4.56	2.3587	0.2468
7.1417	30.54	-30.95	378.83	-45.31	74.62	-3.99	2.3677	0.2472
7.15	31.39	-29.89	384.81	-42.74	80.49	-2.49	2.3899	0.2476
7.1584	31.77	-28.15	392.24	-39.6	85.21	-0.32	2.4121	0.248
7.1667	32.12	-25.61	399.8	-36.36	88.85	2.27	2.4414	0.2496
7.175	32.64	-23.71	403.5	-33.09	91.78	4.48	2.471	0.2513
7.1834	32.45	-24.24	402.52	-28.91	93.53	6.19	2.4796	0.2532
7.1917	31.3	-26.66	399.38	-23.73	93.05	7.57	2.4717	0.2554
7.2	30.38	-26.88	395.44	-21.01	92.4	7.81	2.477	0.2572
7.2084	29.64	-24.42	390.56	-21.23	91.6	7.1	2.5161	0.2581
7.2167	29.32	-19.47	383.94	-24.2	90.59	6.09	2.5553	0.2589
7.225	29.77	-12.62	375.18	-29.24	89.37	5	2.5548	0.2583
7.2334	30.58	-5.04	367.05	-34.53	87.31	3.88	2.5488	0.2575
7.2417	30.75	2.97	362.86	-39.09	83.58	3.38	2.5523	0.2557
7.25	29.63	10.6	360.34	-42.89	78.11	3.26	2.5728	0.2519
7.2584	26.66	16.27	354.1	-46	71.88	3.06	2.5932	0.2482
7.2667	22.01	20.03	343.94	-48.45	65.1	2.8	2.6081	0.2415
7.275	18.9	24.91	333.5	-50.54	59.05	3.77	2.6228	0.2348
7.2834	17.54	30.32	323.07	-51.67	53.84	5.55	2.6429	0.2272
7.2917	15.43	32.38	310.66	-50.74	49.23	6.36	2.67	0.2184
7.3	11.82	30.92	294.13	-48.92	45.45	5.87	2.6977	0.2097
7.3084	7.51	26.96	274.33	-46.13	42.77	4.72	2.7393	0.2027
7.3167	4.6	23.08	255.11	-42.16	41.68	4.31	2.781	0.1957
7.325	3.9	20.29	239.34	-37.05	42.27	4.93	2.7897	0.1896
7.3334	4	18.52	228.03	-31.86	43.79	5.9	2.7881	0.1837
7.3417	1.53	14.4	217.93	-26.14	44.86	5.64	2.7916	0.1783
7.35	-2.33	8.3	208.52	-19.72	45.56	4.26	2.8043	0.1735
7.3584	-3.63	4.55	201.15	-13.43	46.26	3.72	2.817	0.1688
7.3667	-1.56	4.38	196.46	-7.61	47.02	4.58	2.8554	0.1649
7.375	0.62	5.5	192.54	-5.28	46.49	5.09	2.8987	0.1611
7.3834	1.25	6.06	187.73	-6.91	44.12	3.98	2.9291	0.1571
7.3917	1.09	6.47	182.36	-10.8	39.87	2.08	2.943	0.1527
7.4	2.11	7.07	175.6	-14.29	34.4	0.75	2.9569	0.1483
7.4084	4.45	7.72	167.2	-17.62	28.12	-0.16	2.9699	0.1457
7.4167	6.62	7.63	157.56	-22.32	21.88	-1.6	2.9828	0.1432
7.425	7.14	6.36	147.35	-28.65	15.56	-3.76	2.9787	0.1404
7.4334	6.15	4.34	137.69	-35.69	9.72	-6.17	2.959	0.1373
7.4417	6.12	2.96	129.81	-40.4	5.59	-7.64	2.95	0.1343
7.45	6.9	2.35	123.91	-42.67	3.52	-8.06	2.975	0.1314
7.4584	7.02	2.16	119.91	-44.52	4.14	-8.18	3	0.1285
7.4667	5.77	2	117.51	-47.52	7.49	-8.76	3.0183	0.1257
7.475	4.72	2.14	119.48	-50	12.23	-9.81	3.0354	0.1229
7.4834	4.56	3.05	126.64	-50.3	17.18	-10.57	3.0499	0.1201
7.4917	4.79	4.32	136.49	-49.15	22.1	-11.19	3.059	0.1173
7.5	4.81	5.16	145.59	-48.18	26.22	-12.23	3.0682	0.1146
7.5084	4.65	5.52	153.46	-47.38	29.5	-13.63	3.0721	0.1119
7.5167	4.99	5.54	158.05	-45.43	32.13	-14.29	3.0747	0.1093
7.525	6.57	5.18	159.1	-42.01	33.52	-14.24	3.0682	0.1076
7.5334	9.16	4.92	158.7	-37.8	33.78	-13.83	3.0532	0.1067
7.5417	11.15	4.97	155.47	-34.47	33.99	-12.98	3.0411	0.1061
7.55	12.24	5.1	148.71	-32.27	34.36	-11.67	3.0502	0.1069
7.5584	13.19	4.99	140.81	-30.25	34.91	-9.87	3.0593	0.1077
7.5667	14.47	4.98	134.07	-27.7	35.85	-7.48	3.0757	0.1082
7.575	15.29	5.18	130.56	-25.99	36.3	-5.56	3.097	0.1087
7.5834	14.95	5.48	133.07	-26.9	35.41	-5.7	3.114	0.1093
7.5917	13.9	6.15	141.73	-29.24	34.05	-7.3	3.114	0.1109
7.6	13.43	7.49	154.85	-29.37	34.36	-8.53	3.114	0.1125
7.6084	13.71	9.15	171.04	-26.85	36.28	-9.18	3.1148	0.115
7.6167	13.75	10.23	186.8	-23.56	38.26	-9.28	3.1161	0.1179
7.625	13.27	11.46	202.21	-19.71	40.53	-8.7	3.1112	0.1212
7.6334	12.38	12.9	217.27	-16.03	43.06	-7.99	3.0906	0.1256
7.6417	12.02	14.55	230.11	-12.63	46.59	-7.23	3.07	0.13
7.65	12.44	16.32	239.7	-8.94	51.41	-5.96	3.0882	0.1345
7.6584	12.1	17.46	243.68	-6.12	55.38	-4.7	3.1064	0.1391
7.6667	9.92	17.19	241.66	-7.15	56.26	-4.96	3.1068	0.1434
7.675	6.25	15.96	235.41	-12.34	54.38	-6.71	3.0756	0.1474
7.6834	2.18	15.04	229.29	-19.99	51.52	-9.88	3.0486	0.1514
7.6917	-1.89	14.52	223.13	-29.63	47.93	-14.12	3.0681	0.1568
7.7	-3.89	14.74	216.13	-37.99	44.97	-17.08	3.0877	0.1623
7.7084	-4	15.59	208.31	-43.76	42.7	-17.75	3.0945	0.1689
7.7167	-3.57	17.2	200.15	-49.44	40.7	-17.32	3.0953	0.176
7.725	-1.95	20.07	193.92	-55.84	40.05	-16.24	3.0945	0.1831
7.7334	0.99	23.93	191.01	-62.19	40.88	-14.32	3.0849	0.1902
7.7417	5.31	27.55	193.97	-65.75	43.21	-11.04	3.0753	0.1973
7.75	10.86	30.71	201.97	-66.39	46.89	-6.41	3.063	0.2035
7.7584	16.44	32.96	209.66	-66.17	50.54	-1.74	3.05	0.2095
7.7667	19.73	33.8	216.81	-67.93	52.61	0.95	3.0409	0.2151
7.775	20.44	33.03	223.8	-72.02	52.52	0.76	3.0447	0.2197
7.7834	19.79	30.38	230.64	-76.21	50.38	-1.86	3.0484	0.2243
7.7917	18.28	25.95	237.35	-79.69	46.46	-6.44	3.0671	0.2272
7.8	16.94	22.83	244.62	-82.9	43.49	-10.8	3.0885	0.2298
7.8084	15.38	21.84	248.11	-88.28	41.11	-15.48	3.0909	0.2308
7.8167	13.53	21	246.93	-93.97	38.89	-20.84	3.0782	0.2304
7.825	12.15	19.58	246.1	-97.34	37.74	-26.07	3.0645	0.23
7.8334	11.05	17.66	246.13	-98.58	37.7	-31.05	3.0261	0.2309
7.8417	8.1	15.46	242.84	-100.81	38.09	-35.28	2.9878	0.2317
7.85	3.53	13.15	235.92	-103.77	39.37	-38.04	2.9692	0.2338
7.8584	-1.65	12.16	228.31	-106.8	42.07	-38.89	2.9616	0.2366
7.8667	-8.19	10.27	219.1	-109.98	43.62	-39.99	2.9545	0.2393
7.875	-14.98	7.15	210.29	-111.44	44.6	-40.9	2.9499	0.2418
7.8834	-20.57	4.36	205.34	-110.69	46.18	-40.75	2.9453	0.2443
7.8917	-24.97	3.02	204.56	-108.9	48.53	-39.4	2.9279	0.2463
7.9	-28.9	3.06	203.61	-108.85	50.37	-38.33	2.9055	0.248
7.9084	-29.93	4.44	206.31	-107.06	52.97	-37.15	2.8908	0.2501
7.9167	-28.1	7.62	213.49	-103.06	56.33	-35.42	2.8858	0.2526
7.925	-24.52	11.48	222.87	-97.07	59.8	-33.31	2.8804	0.255
7.9334	-19.45	15.21	233.12	-89.39	63.07	-30.99	2.8657	0.2562
7.9417	-12.9	17.72	240.96	-82.06	65.14	-28.74	2.851	0.2574
7.95	-6.28	19.42	243.83	-77.45	65.25	-27.09	2.8301	0.2582
7.9584	-0.58	21.13	242.2	-75.72	63.19	-26.25	2.8035	0.2586
7.9667	4.54	23.48	241.11	-73.84	60.21	-24.86	2.7817	0.2589
7.975	8.97	26.12	239.87	-71.4	56.7	-22.87	2.796	0.2577
7.9834	12.26	27.22	234.91	-67.24	54.23	-20.51	2.8103	0.2565
7.9917	14.45	26.36	225.48	-61.79	52.8	-18.18	2.795	0.2543
8	16.22	24.77	219.82	-56.09	51.05	-16.62	2.76	0.2513
8.0084	16.56	23.97	219.92	-50.02	49.27	-16.06	2.7361	0.2475
8.0167	15.42	23.8	222.89	-44.09	47.54	-16.44	2.7567	0.2401
8.025	13.77	23.02	221.06	-39.29	46.31	-17.41	2.7774	0.2326
8.0334	12.29	21.08	214.27	-35.41	45.75	-18.78	2.7435	0.2264
8.0417	12.32	19.51	211.06	-29.56	47.63	-18.85	2.7048	0.2204
8.05	14.34	19.67	214.19	-23.37	50.36	-17.8	2.6734	0.2144
8.0584	17.87	21	220.97	-18.37	52.25	-16.86	2.6607	0.2087
8.0667	21.56	21.83	220.41	-15.18	52.85	-16.67	2.648	0.203
8.075	25.27	22.3	213.29	-13.76	52.89	-16.89	2.6559	0.1974
8.0834	28.74	23.49	208.37	-13.85	54.75	-16.55	2.6639	0.1919
8.0917	32.06	25.83	213.06	-14.17	58.23	-15.76	2.6472	0.1909
8.1	32.55	26.88	221.91	-15.69	60.24	-15.76	2.6037	0.1948
8.1084	28.33	24.86	225.69	-21.97	57.83	-18.6	2.571	0.2003
8.1167	20.46	20.36	225.52	-32.44	51.72	-23.9	2.581	0.212
8.125	12.14	15.49	226.93	-44.1	45.36	-29.41	2.591	0.2237
8.1334	3.9	10.87	232.83	-55.31	40.62	-33.78	2.5622	0.2311
8.1417	-3.51	7.31	243.43	-64.82	38.6	-36.66	2.5237	0.2374
8.15	-9.7	4.03	253.06	-72.22	37.1	-38.99	2.4988	0.2426
8.1584	-14.94	0.78	259.96	-77.93	35.63	-40.94	2.5088	0.2447
8.1667	-17.04	-0.45	266.41	-81.66	36.42	-41.58	2.5188	0.2468
8.175	-15.32	0.95	273.77	-83.18	40.26	-40.6	2.5029	0.2467
8.1834	-11.54	3.87	282.14	-81.7	44.63	-38.66	2.4834	0.2463
8.1917	-8.43	6.77	288.73	-78.61	47.67	-36.78	2.4559	0.2439
8.2	-5.72	9.5	291.95	-74.32	49.86	-34.86	2.4138	0.2381
8.2084	-3.95	10.97	289.37	-70.2	49.71	-33.44	2.3717	0.2322
8.2167	-3.25	11.05	280.74	-66.39	47.04	-32.57	2.3692	0.2253
8.225	-3.76	10.64	267.3	-61.7	43.35	-30.89	2.3683	0.2182
8.2334	-4.99	10.19	252.22	-55.41	39.51	-28.09	2.3541	0.2121
8.2417	-5.71	9.02	240.78	-47.7	35.86	-24.94	2.3336	0.2065
8.25	-4.83	7.43	233.47	-39.98	34.31	-21.42	2.3134	0.201
8.2584	-3.15	5.47	228.41	-33.78	34.32	-18.14	2.2971	0.2005
8.2667	-2.41	3.37	223.93	-31.29	34.3	-16.3	2.2809	0.2001
8.275	-2.75	1.18	220.8	-32.34	34.04	-15.95	2.2555	0.2041
8.2834	-4	-1.42	219.6	-35.2	34.06	-16.76	2.2271	0.2095
8.2917	-5.73	-5.14	220.97	-40.32	33.45	-19.84	2.2117	0.2146
8.3	-7.72	-9.66	225.09	-47.78	32.36	-24.86	2.2193	0.2189
8.3084	-10.96	-13.94	226.87	-57.49	30.67	-30.68	2.2268	0.2233
8.3167	-15.85	-17.79	224.64	-69.38	28.29	-37.03	2.2214	0.225
8.325	-21.41	-21.52	220.85	-81.39	25.1	-43.38	2.2134	0.2263
8.3334	-26.19	-25.23	218.79	-90.83	22.16	-48.64	2.1952	0.2256
8.3417	-29.81	-28.63	217.93	-96.83	19.83	-52.25	2.1639	0.2224
8.35	-32.07	-31.12	217.19	-100.34	17.88	-54.08	2.1325	0.2193
8.3584	-33.03	-32.54	216.14	-101.89	16.11	-54.36	2.1377	0.2167
8.3667	-32.97	-32.86	213.57	-102.03	14.1	-53.87	2.146	0.2142
8.375	-32.16	-32.47	209.26	-100.64	11.66	-53.02	2.142	0.2105
8.3834	-30.36	-30.7	204.22	-98.11	9.31	-51.64	2.1267	0.2057
8.3917	-27.67	-27.14	198.03	-95.11	7.89	-49.63	2.1078	0.2008
8.4	-24.31	-22.67	192	-91.46	7.17	-47.35	2.0778	0.1958
8.4084	-21.14	-19.51	189.6	-87.51	6.19	-46.12	2.0478	0.1908
8.4167	-18.5	-17.97	191.35	-84.06	4.6	-46.46	2.0383	0.189
8.425	-15.89	-14.29	194.44	-82.47	3.67	-46.16	2.0328	0.1878
8.4334	-13.16	-8.47	199.64	-82.25	3.77	-44.56	2.0298	0.1865
8.4417	-10.69	-1.96	207.1	-83.01	3.68	-42.61	2.0323	0.1848
8.45	-9.28	2.41	216.04	-83.79	0.99	-41.84	2.0348	0.1831
8.4584	-8.87	4.76	226.32	-84.73	-4.05	-42.2	2.0295	0.1819
8.4667	-8.65	7.73	236.89	-87.55	-8.61	-42.56	2.0236	0.1807
8.475	-8.13	13.25	244.84	-92.75	-12.1	-42.16	2.0177	0.1802
8.4834	-7.51	19.51	246.98	-98.1	-14.23	-40.97	2.012	0.1806
8.4917	-7.35	21.96	245.22	-101.18	-16.06	-41.04	2.0073	0.1811
8.5	-7.69	20.27	239.83	-101.85	-17.71	-42.53	2.0098	0.1824
8.5084	-6.86	19.37	240.3	-101.9	-18.5	-43.64	2.0123	0.1836
8.5167	-4.28	21.57	246.81	-101.95	-16.59	-42.94	2.0109	0.1845
8.525	-1.87	23.61	253.08	-101.85	-12.02	-41.94	2.008	0.1852
8.5334	-0.71	23	257.21	-100.14	-7.25	-41.74	2.0051	0.186
8.5417	-0.08	20.05	260.63	-96.3	-2.36	-41.92	1.9992	0.1869
8.55	2.07	17.36	270.24	-91.29	2.15	-41.39	1.9932	0.1878
8.5584	5.83	15.63	287.25	-85.97	6.17	-40.18	1.9818	0.1896
8.5667	10.11	16.63	308.25	-80.9	9.32	-38.3	1.9691	0.1916
8.575	13.45	17.11	323.1	-74.77	12.11	-36.65	1.9636	0.1937
8.5834	15.13	14.94	329.6	-68.32	13.72	-35.6	1.9765	0.1962
8.5917	16.24	10.98	332.05	-62.39	12.9	-34.11	1.9895	0.1987
8.6	17.31	6.36	332.66	-56.98	9.83	-31.84	1.9888	0.2012
8.6084	18.19	5.03	337.55	-52.86	7.34	-29.34	1.9863	0.2037
8.6167	17.03	6.18	343	-51.33	5.62	-27.71	1.9758	0.2062
8.625	13.76	8.14	344.51	-51.29	4.19	-26.94	1.9566	0.2087
8.6334	9.41	7.8	341.97	-51.31	3.07	-27	1.9388	0.2112
8.6417	4.45	5.16	336.51	-51.58	2.26	-27.74	1.9364	0.2131
8.65	1.18	3.39	333.36	-52.61	2.53	-28.09	1.934	0.2151
8.6584	0.33	4.64	334.48	-53.55	4.79	-27.69	1.9377	0.2165
8.6667	0.68	8.32	338.72	-54.69	8.92	-27.56	1.946	0.2173
8.675	1.48	10.12	338.45	-55.79	12.19	-27.72	1.953	0.2181
8.6834	2.47	9.84	333.1	-56.57	14.36	-28.26	1.953	0.219
8.6917	3.45	8.92	326.58	-57.83	15.65	-29.25	1.953	0.2199
8.7	4.46	8.69	322.43	-60.42	16.44	-30.7	1.942	0.2193
8.7084	5.3	8.74	321.46	-64.29	17.08	-32.6	1.9295	0.2184
8.7167	4.38	7.86	320.3	-68.13	17.71	-35.66	1.9241	0.218
8.725	1.38	6.85	318.93	-72.18	18.25	-39.59	1.9265	0.218
8.7334	-2.73	6.56	317.83	-76.31	18.57	-43.13	1.9289	0.218
8.7417	-7.74	6.99	317.18	-80.44	18.64	-46.14	1.923	0.22
8.75	-11.79	7.42	319.92	-83.87	18.88	-49.05	1.9168	0.2221
8.7584	-14.61	8.11	326.67	-86.91	19.54	-51.8	1.924	0.2237
8.7667	-16.28	8.51	334.72	-88.52	20.32	-53.75	1.9419	0.2249
8.775	-16.99	8.53	341.08	-87.92	20.7	-54.73	1.9589	0.226
8.7834	-17.08	8.03	344	-86.28	20.81	-54.93	1.9568	0.2264
8.7917	-16.91	5.99	340.52	-85.49	20.93	-55.01	1.9548	0.2268
8.8	-16.21	1.78	330.64	-85.36	21.1	-55.2	1.952	0.2273
8.8084	-15.25	-3.96	321.17	-83.54	20.48	-55.42	1.949	0.2277
8.8167	-15.68	-10.07	312.43	-80.1	18.59	-55.15	1.944	0.2281
8.825	-17.35	-16.36	303.01	-75.91	15.82	-54.47	1.9357	0.2285
8.8334	-19.87	-21.93	292.65	-73.86	13.33	-54.16	1.9273	0.2289
8.8417	-23.19	-26.48	282.86	-74.51	11.3	-54.56	1.9217	0.2284
8.85	-25.19	-28.45	279.84	-74.9	9.92	-55.14	1.9171	0.2276
8.8584	-25.09	-27.48	286.97	-72.74	8.97	-55.52	1.9111	0.2263
8.8667	-24.4	-25.6	299.06	-68.67	7.74	-55.24	1.9019	0.2243
8.875	-23.8	-24.58	306.27	-65.41	6.68	-54.09	1.8927	0.2222
8.8834	-22.98	-23.88	307.31	-63.95	6.33	-52.15	1.9001	0.2204
8.8917	-21.29	-21.29	308.02	-63.59	7.01	-49.5	1.9088	0.2186
8.9	-19.04	-17.19	311.36	-62.5	7.89	-45.99	1.9128	0.2169
8.9084	-16.36	-13.31	316.8	-60.06	8.2	-42.26	1.9141	0.2153
8.9167	-15.09	-11.77	319.64	-57.83	7.3	-38.91	1.9159	0.2137
8.925	-15.83	-12.62	318.84	-56.68	5.16	-36.25	1.9194	0.2125
8.9334	-18.06	-13.69	318.25	-57.51	2.44	-35.37	1.923	0.2113
8.9417	-20.93	-13.81	320.78	-59.96	-0.44	-36.54	1.9276	0.211
8.95	-23.36	-13.9	325.02	-62.32	-2.42	-38.91	1.9326	0.211
8.9584	-25.82	-16.38	326.53	-64.02	-3.9	-42.11	1.9314	0.2114
8.9667	-27.43	-20.42	326.65	-64.34	-4.99	-45.62	1.9171	0.2126
8.975	-26.78	-23.04	327.89	-62.84	-5.12	-48.02	1.9029	0.2138
8.9834	-24.24	-23.81	329.92	-60.29	-4.2	-49.31	1.9063	0.215
8.9917	-22.7	-24.74	329.33	-59.77	-3.79	-51.12	1.9142	0.2162
9	-21.16	-25.95	327.47	-59.76	-3.86	-52.8	1.9285	0.2179
9.0084	-19.27	-26.64	324.15	-59.49	-3.18	-53.4	1.9522	0.2201
9.0167	-17.98	-25.79	319.19	-59.76	-1.72	-52.67	1.9715	0.2222
9.025	-17.24	-23.54	314.17	-60.61	-0.09	-51.11	1.959	0.2241
9.0334	-16.41	-21.49	313.96	-61.22	0.68	-50.35	1.9465	0.226
9.0417	-16.77	-20.88	316.58	-62.65	0.76	-51.19	1.9419	0.2272
9.05	-18.39	-20.09	317.97	-65.84	1.8	-52.6	1.9458	0.2276
9.0584	-18.06	-16.85	321.04	-67.36	5.71	-52.48	1.9535	0.2282
9.0667	-16.16	-11.78	325.22	-66.81	12.16	-50.84	1.976	0.229
9.075	-13.94	-7.28	329.29	-64.01	19.02	-48.66	1.9985	0.2298
9.0834	-11.79	-4.24	333.43	-59.79	24.95	-46.99	2.0173	0.2297
9.0917	-8.99	-3.56	337.35	-55.16	30.18	-46.13	2.0351	0.2293
9.1	-6.88	-4.63	334.99	-51.72	35.85	-45.01	2.0459	0.229
9.1084	-5.98	-6.63	327.42	-49.9	41.56	-43.53	2.0384	0.229
9.1167	-6.08	-10.37	319.96	-48.56	45.65	-42.38	2.0309	0.229
9.125	-7.05	-16.19	313.75	-47.32	47.74	-41.75	2.0562	0.2286
9.1334	-9.93	-22.46	309.53	-45.51	48.43	-41.69	2.0861	0.2282
9.1417	-13.84	-27.53	308.74	-44.05	48.62	-42.16	2.0973	0.2275
9.15	-16.92	-31.62	310.49	-42.38	48.46	-42.63	2.0962	0.2268
9.1584	-19.39	-33.74	313.1	-39.6	48.11	-42.28	2.095	0.226
9.1667	-21.56	-33.59	316.32	-36.25	47.6	-41.2	2.1194	0.2256
9.175	-23.89	-31.22	318.72	-35.2	47.45	-40.5	2.1449	0.2251
9.1834	-26.03	-27.17	319.57	-36.15	47.92	-40.25	2.1506	0.2242
9.1917	-27.6	-21.77	319.55	-37.76	48.93	-40.31	2.147	0.223
9.2	-27.1	-16.17	318.7	-40.66	50.22	-40.56	2.1493	0.2219
9.2084	-24.53	-10.5	317.71	-44.7	51.92	-40.9	2.1827	0.2215
9.2167	-22.05	-4.89	319.75	-49.88	54.36	-41.46	2.216	0.2211
9.225	-20.53	0.76	325.22	-56.45	57.45	-42.51	2.2358	0.221
9.2334	-19.7	5.36	331.64	-63.32	60.05	-43.46	2.2512	0.221
9.2417	-18.59	7.95	338.89	-67.07	61.83	-43.23	2.2669	0.221
9.25	-17.72	8.7	345.24	-67.83	63.04	-42.59	2.2831	0.221
9.2584	-17.86	8.1	348.64	-67.04	63.97	-42.29	2.2994	0.221
9.2667	-18.94	6.45	349.7	-65.33	64.63	-42.19	2.3005	0.2221
9.275	-19.86	4.97	351.95	-64.03	64.79	-41.32	2.2988	0.2234
9.2834	-20.34	3.98	353.14	-63.74	63.98	-40.05	2.3192	0.224
9.2917	-21.32	1.97	348.63	-63.92	61.95	-39.3	2.3572	0.224
9.3	-23.38	-0.96	338.38	-64.78	59.69	-39.99	2.3921	0.2239
9.3084	-26.36	-4.26	323.58	-66.34	57.56	-42.07	2.4116	0.2235
9.3167	-28.27	-5.37	311.09	-67.98	56.35	-43.87	2.431	0.2231
9.325	-28.72	-4.42	302.27	-69.61	55.88	-44.81	2.4352	0.2217
9.3334	-28.45	-3.67	296.13	-72.18	54.31	-45.33	2.4308	0.2197
9.3417	-28.57	-4.6	288.39	-74.79	51.4	-46.58	2.4309	0.2177
9.35	-28.32	-6.5	277.18	-76.73	48.41	-48.13	2.4634	0.2155
9.3584	-25.8	-6.96	264.77	-77.58	47.26	-48.51	2.4958	0.2134
9.3667	-20.48	-5.13	253.76	-77.64	48.06	-47.21	2.5171	0.2106
9.375	-14.73	-1.27	249.48	-76.34	49.49	-44.8	2.5363	0.2076
9.3834	-10.2	1.9	247.29	-74.09	50.4	-42.18	2.5618	0.205
9.3917	-6.21	3.91	245.25	-71.02	50.89	-39.28	2.5956	0.2026
9.4	-1.6	6.36	241.74	-66.03	52.92	-35.72	2.6293	0.2002
9.4084	3.74	9.64	236.78	-58.9	56.84	-31.46	2.6293	0.1992
9.4167	7.47	14.15	231.05	-54.19	61.7	-28.82	2.6264	0.1984
9.425	8.61	18.98	226.93	-52.81	65.88	-28.36	2.6479	0.1972
9.4334	7.81	22.76	225.22	-53.14	68.76	-29.4	2.692	0.1956
9.4417	7.64	24.44	220.44	-54.73	71.12	-31.06	2.736	0.194
9.45	7.91	24.38	212.41	-57.67	73.06	-33.22	2.7306	0.1932
9.4584	7.16	23.82	203.78	-61.89	74.41	-35.83	2.7252	0.1923
9.4667	4.76	23.18	196.36	-67.29	75.07	-38.98	2.7354	0.1909
9.475	2	22.26	192.64	-69.58	76.13	-40.64	2.756	0.1892
9.4834	0.54	19.96	194.04	-64.52	77.31	-38.73	2.7745	0.1871
9.4917	-0.13	16.96	200.18	-54.91	78.28	-34.16	2.7887	0.1842
9.5	-1.46	15.71	209.74	-46.56	79.12	-28.94	2.8029	0.1812
9.5084	-3.87	17.13	222.17	-40.54	80.25	-23.52	2.8398	0.1792
9.5167	-5.8	19.22	234.77	-34.43	80.9	-17.5	2.8787	0.1772
9.525	-6.44	21.22	246.83	-28.17	81.1	-11.04	2.8973	0.1752
9.5334	-5.9	22.73	256.94	-21.32	80.22	-4.64	2.8857	0.1731
9.5417	-5.59	23.55	261.03	-17.73	76.43	-0.86	2.874	0.171
9.55	-5.68	23.74	259.06	-17.97	69.91	0.16	2.901	0.1714
9.5584	-6.33	23.02	253.42	-21.58	64.04	-0.33	2.928	0.1718
9.5667	-6.74	20.35	244.64	-24.39	59.32	-0.98	2.9408	0.1726
9.575	-6.69	16.09	233.41	-25.41	54.51	-1.96	2.9383	0.1738
9.5834	-7.32	11.96	222.27	-26.84	50.08	-3.8	2.9363	0.175
9.5917	-8.32	8.04	211.1	-28.11	46.01	-6.07	2.9398	0.1755
9.6	-9.11	4.83	201.13	-28.86	42.99	-7.63	2.9433	0.1759
9.6084	-9.6	2.77	193.9	-29.55	41.73	-7.94	2.9533	0.1773
9.6167	-9.84	0.75	191.65	-31.4	42.41	-8.22	2.965	0.179
9.625	-9.18	-1.8	192.67	-32.28	42.07	-8.97	2.971	0.1806
9.6334	-7.3	-4.11	195.97	-31.66	41.23	-9.45	2.9687	0.1822
9.6417	-4.11	-5.68	199.79	-29.96	41.69	-8.66	2.9663	0.1838
9.65	0.34	-6.6	203.95	-27.42	43.76	-6.56	2.9957	0.1866
9.6584	5.56	-6.51	208.9	-23.78	46.35	-3.39	3.0294	0.1895
9.6667	11.06	-5.52	214.85	-19.81	49.38	0.23	3.0346	0.1925
9.675	15.81	-4.39	221.58	-17.48	52.21	3.24	3.0088	0.1957
9.6834	19.13	-2.69	226.52	-16.92	53.85	5.99	2.983	0.1989
9.6917	21.12	-0.25	229.29	-17.78	54.31	8.7	3.0068	0.2026
9.7	23.6	2.23	229.71	-16.67	54.42	11.96	3.0326	0.2063
9.7084	26.26	3.92	228.84	-14.16	53.6	14.97	3.0496	0.2098
9.7167	28	4.55	227.88	-11.68	52.01	16.82	3.0595	0.213
9.725	28.4	3.52	227.15	-10.86	50.84	16.79	3.0691	0.216
9.7334	27.72	1.4	227.14	-11.49	50.28	15.36	3.0725	0.2173
9.7417	27.43	0.03	228.9	-11.19	51.27	14.39	3.0758	0.2185
9.75	28.34	0	232.61	-8.42	54.33	14.7	3.0641	0.2187
9.7584	29.15	-0.26	233.29	-5.35	57.96	14.74	3.0439	0.2183
9.7667	27.68	-0.94	231.91	-5.96	60.76	13.08	3.0378	0.218
9.775	24.59	-1.46	229.69	-9.23	62.73	10.52	3.0565	0.218
9.7834	21.84	-0.84	226.96	-12.4	63.75	8.96	3.0753	0.218
9.7917	20.02	1.07	223.07	-14.66	63.73	8.92	3.0722	0.2176
9.8	18.53	3.44	217.72	-17.38	63	9.36	3.0682	0.2172
9.8084	16.88	5.2	210.07	-21.06	61.32	9.38	3.0704	0.2167
9.8167	15.01	6.07	200.39	-25.36	58.59	8.78	3.0803	0.2159
9.825	14.07	7.4	193.93	-27.99	56.16	8.84	3.0902	0.2151
9.8334	14.1	9.25	190.91	-28.85	54.09	9.63	3.0845	0.2154
9.8417	15.18	12.06	191.02	-28.11	53.58	11.19	3.0774	0.2158
9.85	16.43	15.12	192.74	-27.06	54.63	12.53	3.0682	0.2158
9.8584	17.17	17.66	196.09	-26.27	55.84	13.22	3.0571	0.2154
9.8667	17.66	19.79	200.92	-24.74	56.46	13.76	3.046	0.215
9.875	17.91	21.47	206.55	-22.94	56.64	13.99	3.0691	0.2141
9.8834	17.94	22.84	211.38	-22.41	56.87	13.66	3.0923	0.2131
9.8917	17.82	24.15	215.14	-23.47	57.24	12.99	3.0853	0.2123
9.9	16.81	24.96	219.67	-25.69	56.8	11.22	3.0726	0.2115
9.9084	14.1	24.22	224.23	-29.93	54.25	7.46	3.064	0.2107
9.9167	10.23	22.22	227.6	-35.8	50.6	2.39	3.064	0.2099
9.925	6.67	20.17	227.9	-42.22	48.76	-2.55	3.064	0.2091
9.9334	3.54	18.2	225.13	-49.07	49.01	-7.27	3.0512	0.2083
9.9417	1.08	16.01	224.35	-53.36	48.88	-11	3.0373	0.2075
9.95	-0.65	13.69	226.9	-53.88	47.99	-13.28	3.038	0.2063
9.9584	-1.85	12.01	228.25	-52.69	47.48	-14.71	3.0605	0.2047
9.9667	-1.84	11.69	224.82	-51.02	48.76	-14.77	3.083	0.203
9.975	-1.06	12.23	217.41	-48.63	51.42	-13.67	3.0839	0.2004
9.9834	-1.07	12.15	209.32	-45.3	53.4	-12.62	3.0848	0.1977
9.9917	-2.65	11.03	202.38	-41.58	53.2	-12.66	3.0703	0.1925
10	-4.06	11.14	201	-37.53	51.18	-12.28	3.0499	0.1863
10.0084	-5.09	13.44	201.9	-35.56	49.68	-11.65	3.0389	0.1797
10.0167	-5.61	17.24	202.23	-35.26	48.9	-10.76	3.048	0.1726
10.025	-5.06	19.97	199.24	-33.46	48.13	-8.93	3.0572	0.1654
10.0334	-3.37	21.34	194.72	-29.35	46.92	-5.94	3.0327	0.1592
10.0417	-1.87	22.29	191.86	-24.75	44.19	-2.74	2.9997	0.1533
10.05	0.47	23.98	188.59	-20.22	40.96	1.25	2.9729	0.1479
10.0584	3.66	26.86	186.17	-16.3	37.78	5.7	2.962	0.1439
10.0667	5.97	28.92	180.98	-13.29	34.63	8.93	2.951	0.14
10.075	6.95	29.51	171.88	-11.3	31.41	10.46	2.9477	0.1388
10.0834	6.4	28.35	161.1	-12.25	27.72	9.35	2.9443	0.1375
10.0917	3.97	27.22	155.92	-17.26	23.1	5.54	2.9394	0.1372
10.1	-0.16	26.37	157.84	-24.68	17.43	0.02	2.9335	0.1376
10.1084	-4.05	25.53	163.42	-32.22	12.25	-5.54	2.9252	0.1383
10.1167	-7.44	24.77	172.36	-39.63	7.96	-10.99	2.8898	0.142
10.125	-8.96	24.06	181.99	-45.09	6.06	-15.25	2.8543	0.1458
10.1334	-8.59	23.11	191.48	-48.26	6.21	-18.11	2.8295	0.1497
10.1417	-8.43	22.01	199	-49.6	6.52	-19.76	2.8097	0.1537
10.15	-9.08	21.75	204.54	-47.79	6.62	-19.35	2.7909	0.1573
10.1584	-9.88	21.58	207.61	-44.15	6.21	-17.68	2.7775	0.1594
10.1667	-10.33	20.46	206.16	-41.76	5.08	-16.56	2.7642	0.1615
10.175	-10.54	18.26	199.46	-41.39	3.28	-16.46	2.7533	0.1617
10.1834	-9.8	16.44	191.99	-40.49	2.8	-15.98	2.7432	0.1612
10.1917	-9.33	14.9	185.99	-39.82	2.03	-15.61	2.7447	0.1603
10.2	-10.29	14.05	180.29	-41.1	0.06	-16.17	2.7587	0.1588
10.2084	-11.54	14.23	175.85	-45.1	-1.94	-18.06	2.7728	0.1572
10.2167	-12.15	15.22	173.12	-51.24	-3.36	-21.03	2.7437	0.1548
10.225	-11.48	16.57	171.87	-56.13	-3.87	-23.53	2.7064	0.1522
10.2334	-10.23	19.1	172.62	-58.31	-3.16	-24.72	2.701	0.1491
10.2417	-8.54	22.85	175.81	-57.66	-0.29	-24.41	2.7205	0.1458
10.25	-7.45	26.34	177.45	-56.89	2.86	-24.08	2.7342	0.1426
10.2584	-7.12	29.25	176.51	-56.77	5.76	-24.15	2.7167	0.1398
10.2667	-6.35	31.12	173.33	-56.37	9	-24.16	2.6993	0.137
10.275	-4.2	31.6	168.84	-54.34	13.28	-23.46	2.6762	0.1363
10.2834	-1.89	30.74	163.4	-51.98	17.36	-22.89	2.6499	0.1367
10.2917	-1.12	29.64	157.84	-51.74	20.75	-23.51	2.6307	0.1371
10.3	-1.67	28.03	152.72	-53.19	23.56	-25.08	2.6334	0.1375
10.3084	-2.98	25.28	148.87	-55.59	25.14	-27.32	2.6362	0.1379
10.3167	-4.94	21.48	146.05	-58.98	25.03	-30.27	2.6157	0.138
10.325	-6.62	19.38	144.72	-62.3	24.32	-32.58	2.5861	0.138
10.3334	-8.06	19.04	145.7	-64.76	23.36	-33.87	2.5649	0.139
10.3417	-9.84	19.32	147.93	-66.72	21.89	-35.07	2.5614	0.1421
10.35	-11.28	19.79	150.61	-67.46	21.02	-36.02	2.5567	0.1451
10.3584	-11.93	20.53	153.96	-66.49	21.21	-36.36	2.5251	0.1489
10.3667	-11.29	21.95	159.75	-63.33	22.21	-35.47	2.4934	0.1526
10.375	-9.79	24.62	166.76	-58.85	23.73	-33.83	2.4899	0.1568
10.3834	-7.81	28.37	174.5	-54.91	25.43	-31.38	2.5022	0.1612
10.3917	-6.42	30.4	182.56	-53	26.14	-29.32	2.5101	0.1655
10.4	-5.48	30.6	191.01	-52.56	25.97	-27.75	2.4855	0.1697
10.4084	-3.83	29.66	201.17	-50.88	25.5	-26.16	2.4609	0.1738
10.4167	-1.17	28.21	213.62	-47.74	24.86	-24.02	2.4329	0.1764
10.425	0.62	26.69	227.5	-44.47	24.19	-21.69	2.4035	0.1784
10.4334	0.41	25.08	240.33	-42.29	23.65	-20.07	2.3773	0.1798
10.4417	-0.97	22.93	251.11	-41.72	23.05	-19.44	2.3635	0.179
10.45	-2.39	19.89	259.44	-41.43	22.51	-20.19	2.3498	0.1782
10.4584	-3.71	15.97	265.49	-40.72	22.16	-22.34	2.3561	0.1766
10.4667	-5.38	11.47	267.94	-38.85	21.64	-24.02	2.3675	0.1748
10.475	-8	6.86	266.35	-37.98	20.56	-24.59	2.3661	0.1742
10.4834	-10.48	3.41	262.77	-38.51	19.74	-24.51	2.3528	0.1746
10.4917	-10.28	1.5	259.14	-39.47	19.58	-23.88	2.3396	0.175
10.5	-6.95	1.03	255.6	-40.56	20.07	-22.62	2.3218	0.1773
10.5084	-4.04	0.44	252.29	-40.94	20.73	-21.43	2.3034	0.1799
10.5167	-2.43	0.07	250.08	-40.11	21.72	-20.08	2.284	0.1821
10.525	-0.83	0.59	249.22	-37.73	23.14	-17.92	2.2639	0.184
10.5334	1.38	1.99	251.04	-35.05	25.3	-16.54	2.2438	0.1859
10.5417	3.95	4.2	255.97	-32.83	28.16	-16.4	2.2168	0.1869
10.55	4.98	5.89	262.58	-32.27	30.73	-17.52	2.1895	0.1878
10.5584	3.74	6.22	269.51	-33.09	32.47	-19.57	2.1919	0.1902
10.5667	1.56	6.53	276.4	-34.94	33.93	-21.75	2.2019	0.193
10.575	1.32	9.01	284.02	-38.1	35.86	-22.96	2.2032	0.1958
10.5834	2.29	12.03	290.4	-41.97	38.01	-23.62	2.1823	0.1987
10.5917	1.67	11.86	291.67	-45.83	39.81	-25.23	2.1615	0.2016
10.6	-0.89	8.35	287.78	-49.76	41.23	-27.96	2.1559	0.2041
10.6084	-2.14	4.85	287.05	-51.75	43.77	-29.88	2.1523	0.2065
10.6167	-1.18	1.6	289.22	-50.19	47.65	-30.38	2.1428	0.2084
10.625	-0.01	-1.66	289.97	-46.01	51.35	-29.78	2.1228	0.2097
10.6334	-0.89	-6.37	287.64	-39.98	53.58	-29.01	2.1028	0.2109
10.6417	-3.38	-12.32	283.62	-32.39	54.69	-28.01	2.0991	0.2114
10.65	-5.09	-16.75	283.38	-24.38	56.02	-25.78	2.096	0.2119
10.6584	-4.5	-16.61	290.55	-17.04	58.06	-21.49	2.093	0.2117
10.6667	-2.12	-13.19	302.11	-11.63	59.81	-16.73	2.0901	0.2113
10.675	-1.05	-10.25	308.52	-9.93	59.51	-13.75	2.0853	0.2108
10.6834	-1.52	-7.79	309.93	-11.16	57.36	-12.07	2.0758	0.21
10.6917	-1.76	-5.38	311.52	-12.91	55.3	-10.43	2.0663	0.2092
10.7	-0.83	-2.91	315.33	-14.73	54.06	-8.69	2.0596	0.2071
10.7084	0.89	0.93	318.69	-19.12	53.47	-8.23	2.0537	0.2046
10.7167	1.88	5.42	317.9	-26.01	52.48	-9.79	2.0477	0.203
10.725	2.16	8.82	313.3	-33.57	50.82	-12.55	2.0414	0.203
10.7334	2.25	10.19	308.32	-38.16	49.16	-13.87	2.035	0.203
10.7417	2.48	10.26	304.54	-39.55	47.91	-13.5	2.0155	0.2034
10.75	3.88	10.58	304.68	-39.32	47.49	-13.4	1.9934	0.2038
10.7584	6.65	10.94	307.86	-38.97	47.49	-14.55	1.9756	0.204
10.7667	9.28	11.93	312.4	-40.78	47.43	-16.89	1.9633	0.204
10.775	10.12	12.42	318.07	-44.12	46.65	-19.19	1.9523	0.2039
10.7834	9.62	12.23	324.48	-48	45.28	-21.37	1.9482	0.2031
10.7917	9.3	13.62	329.24	-52.73	44.06	-24.75	1.944	0.2024
10.8	9.13	18.82	331.94	-60.68	43.36	-30.37	1.9498	0.2022
10.8084	8.65	25.28	335.39	-70.38	42.04	-37.31	1.9647	0.2027
10.8167	6.91	30.9	337	-80.84	39.28	-44.02	1.9748	0.203
10.825	3.24	35.51	336.13	-91.96	35.44	-50.26	1.9698	0.203
10.8334	-2.18	38.15	333.09	-101.27	31.74	-55.57	1.9648	0.203
10.8417	-7.97	38.26	329.42	-106.7	28.61	-59.98	1.9413	0.204
10.85	-12.76	36.5	327.52	-110.06	25.42	-64.08	1.9143	0.2052
10.8584	-17.95	32.43	329.6	-113.01	21.63	-67.46	1.9	0.2067
10.8667	-23.15	26.45	335.19	-114.53	17.38	-69.6	1.9125	0.2087
10.875	-27.5	21.39	340.19	-114.43	13.89	-70.39	1.925	0.2108
10.8834	-30.93	17.68	343.95	-112.95	11.33	-69.95	1.915	0.2125
10.8917	-33.68	13.68	344.41	-110.31	9.78	-68.41	1.9031	0.214
10.9	-34.39	9.78	342.97	-106.7	8.47	-66.3	1.8878	0.2158
10.9084	-33.14	7.16	341.69	-104.36	6.54	-64.39	1.8674	0.2179
10.9167	-31.79	5.47	339.64	-102.79	4.13	-62.24	1.847	0.22
10.925	-30.62	4.5	335.97	-102.18	1.72	-60.11	1.8602	0.2239
10.9334	-30.22	3.52	329.66	-104.2	0.11	-59.18	1.8733	0.2279
10.9417	-31.16	1.93	321.39	-110.36	-0.91	-60.22	1.8758	0.2314
10.95	-32.88	-1.43	313.45	-115.54	-1.58	-61.92	1.8741	0.2347
10.9584	-34.44	-4.84	308.72	-119.18	-2.35	-64.28	1.8697	0.2381
10.9667	-35.51	-7.7	306.97	-121.91	-3.13	-67.23	1.8593	0.2414
10.975	-35.1	-9.6	305.46	-123.06	-2.84	-69.78	1.8488	0.2447
10.9834	-33.18	-11	303.38	-121.77	-1.14	-71.66	1.849	0.2464
10.9917	-30.38	-11.79	302.87	-116.88	1.95	-72.22	1.8502	0.2479
11	-26.47	-11.63	305.39	-107.73	5.51	-70.8	1.8521	0.2489
11.0084	-21.65	-11.55	310.05	-95.18	8.68	-68.14	1.8561	0.2484
11.0167	-16.61	-11.09	313.96	-84.94	11.12	-66.02	1.86	0.248
11.025	-11.45	-10.09	316.82	-77.5	12.91	-64.55	1.8488	0.2472
11.0334	-7.12	-8.65	317.74	-72.93	14.57	-63.63	1.8375	0.2463
11.0417	-4.52	-8.35	317.36	-69.66	15.87	-63.44	1.8413	0.245
11.05	-3.39	-8.78	319	-65.99	17.03	-63	1.8552	0.2435
11.0584	-2.89	-9.69	322.78	-61.99	17.68	-62.14	1.8679	0.2419
11.0667	-3.03	-11.33	328.2	-57.9	17.85	-61.15	1.8671	0.2407
11.075	-3.64	-13.99	333.51	-54.19	18.36	-60.74	1.8663	0.2394
11.0834	-4.59	-16.97	339.31	-50.26	19.81	-60.43	1.8649	0.2385
11.0917	-6.7	-19.91	342.14	-48.02	20.26	-59.79	1.8633	0.2377
11.1	-9.46	-23.27	342.66	-47.05	18.84	-58.95	1.8596	0.2369
11.1084	-11.96	-25.87	342.4	-47.14	16.43	-57.65	1.8447	0.236
11.1167	-12.81	-26.07	340.77	-49.62	14.38	-56.43	1.8298	0.2351
11.125	-12.13	-24.05	336.19	-55.28	12.58	-55.75	1.8357	0.234
11.1334	-10.5	-21.02	334.31	-60.9	11.8	-55.78	1.8444	0.2328
11.1417	-7.9	-15.74	337.99	-65.03	12.07	-55.08	1.8517	0.2314
11.15	-5.54	-9.07	343.21	-68.77	12.06	-54.02	1.8562	0.2297
11.1584	-4.06	-2.54	348.4	-71.52	11.97	-53.53	1.8608	0.2281
11.1667	-3.02	3.88	354.55	-72.93	12.35	-53.55	1.8667	0.2261
11.175	-1.59	9.38	362.76	-72.67	14.06	-53.76	1.8727	0.2241
11.1834	-1.39	11.86	370.33	-71.14	15.54	-54.61	1.8814	0.2224
11.1917	-2.86	11.69	378.07	-69.15	16.21	-56.16	1.8937	0.2211
11.2	-5.53	10.43	381.12	-69.96	15.16	-57.99	1.9033	0.2199
11.2084	-9.5	8.15	378.62	-73.73	12.38	-59.91	1.8992	0.219
11.2167	-13.93	5.77	372.6	-79.48	9.32	-61.01	1.895	0.2182
11.225	-17.32	4.39	368.17	-85.84	7.69	-60.8	1.8985	0.2168
11.2334	-18.9	3.67	367.74	-91.26	7.22	-60.42	1.9045	0.2152
11.2417	-20.23	3.17	369.25	-95.95	6.22	-60.65	1.9159	0.214
11.25	-21.38	2.67	371.98	-99.34	5.33	-61.05	1.9446	0.214
11.2584	-22.1	1.37	373.61	-99.38	6.43	-60.6	1.9734	0.214
11.2667	-22.27	-0.86	373.88	-95.81	9.71	-59.3	1.9667	0.215
11.275	-21.72	-2.79	375.28	-89.67	14.8	-56.57	1.9532	0.2162
11.2834	-20.1	-4.39	379.99	-80.94	21.52	-52.89	1.9523	0.2174
11.2917	-17.88	-5.92	388.81	-72.14	28.5	-49.76	1.9781	0.2186
11.3	-16.42	-7.25	399.3	-66.33	34.88	-46.99	2.0039	0.2199
11.3084	-15.69	-8.21	409.38	-63.08	40.68	-44.17	2.0032	0.2216
11.3167	-14.88	-8.15	414.97	-60.54	45.4	-41.15	2.0001	0.2234
11.325	-13.8	-6.62	417.58	-59.93	47.71	-38.85	2.0137	0.2248
11.3334	-12.61	-4.46	418.73	-60.91	48.46	-37.06	2.0366	0.226
11.3417	-11.4	-3.25	417.16	-62.26	48.31	-36.43	2.0547	0.2272
11.35	-10.06	-2.74	413.23	-64.08	47.35	-36.91	2.0574	0.228
11.3584	-7.81	-1.92	407.25	-64.22	47.04	-36.78	2.0602	0.2288
11.3667	-4.41	-0.61	398.75	-61.29	48.16	-35.18	2.0781	0.2293
11.375	-0.16	1.12	388.93	-56.52	51.39	-32.36	2.1018	0.2297
11.3834	4.19	2.89	382.51	-52.46	56.77	-28.95	2.1163	0.2301
11.3917	8.32	4.29	379.34	-48.59	63.63	-25.16	2.1112	0.2305
11.4	11.93	5.63	377.68	-44.48	70.1	-21.54	2.106	0.2309
11.4084	15.05	7.04	376.82	-40.3	75.76	-18.23	2.1367	0.2313
11.4167	17.34	6.96	375.41	-36.03	79.86	-15.77	2.1762	0.2317
11.425	18.53	4.62	372.35	-31.29	82.33	-14.4	2.2044	0.2322
11.4334	18.96	1.34	370.77	-27.5	83.76	-14.22	2.2154	0.2326
11.4417	19.07	-1.57	374.39	-25.74	84.08	-15.32	2.2264	0.233
11.45	18.63	-4.24	381.57	-25.46	83.11	-17.57	2.2377	0.2334
11.4584	16.87	-6.84	385.62	-25.46	81.49	-20.25	2.2491	0.2338
11.4667	14.27	-8.77	386.75	-26.49	80.23	-23.06	2.2596	0.2342
11.475	12.67	-10.47	385.41	-27.83	79.67	-25.36	2.2693	0.2346
11.4834	12.73	-10.88	382.52	-29.15	80.57	-26.58	2.2788	0.2349
11.4917	13.62	-10.01	379.39	-31.5	82.37	-27.27	2.288	0.2345
11.5	12.9	-9.25	376.31	-36.17	82.99	-28.7	2.2972	0.2341
11.5084	10.19	-10.03	369.86	-41.59	81.81	-30.75	2.3257	0.2337
11.5167	7.32	-12.1	356.89	-43.48	80.31	-31.1	2.359	0.2333
11.525	5.55	-14.94	343.58	-42.91	78.72	-29.91	2.3906	0.2328
11.5334	4.9	-18.3	331.45	-41.25	77	-27.81	2.4177	0.2319
11.5417	3.61	-21.12	322.84	-41.58	74.82	-26.49	2.4448	0.2311
11.55	1.22	-23.25	317.67	-44.1	72.11	-26.09	2.4532	0.2303
11.5584	-0.29	-22.97	315.6	-45.6	70.3	-24.79	2.4592	0.2295
11.5667	1.27	-20.11	313.25	-43.25	70.9	-21.13	2.4672	0.229
11.575	4.45	-16.78	308.48	-39.1	71.88	-16.62	2.4789	0.229
11.5834	7.03	-14.06	305.13	-38.82	70.82	-14.38	2.4905	0.229
11.5917	9.13	-11.25	304.39	-42.66	68.22	-14.3	2.5373	0.229
11.6	11.6	-6.77	306.05	-48.25	65.94	-14.55	2.5856	0.229
11.6084	14.39	-1.06	307.42	-53.19	64.09	-14.03	2.6157	0.2304
11.6167	16.89	3.59	307.68	-55.49	61.86	-12.66	2.6374	0.2325
11.625	17.76	4.75	305.59	-56.69	58.15	-11.72	2.651	0.2343
11.6334	17.53	3.67	302.29	-57.93	53.44	-11.46	2.6439	0.2355
11.6417	18.71	4.78	302	-59.07	50.7	-10.75	2.6367	0.2367
11.65	21.98	9.07	305.74	-59.15	50.88	-8.9	2.6568	0.2376
11.6584	25.11	13.16	307.08	-56.9	52.64	-7.03	2.6856	0.2385
11.6667	26.89	14.71	303.57	-53.01	54.07	-6.45	2.7129	0.2383
11.675	27.24	14.03	298.25	-48.32	55.54	-6.89	2.7375	0.2363
11.6834	26.65	13.84	295.76	-45.86	58.33	-8.08	2.7621	0.2343
11.6917	25.41	14.78	295.67	-46.29	62.35	-10.11	2.7782	0.2326
11.7	23.48	15.19	293.02	-48.85	65.23	-13.26	2.7928	0.2309
11.7084	19.8	12.75	285.73	-51.63	66.05	-17.16	2.8132	0.2285
11.7167	14.34	7.73	274.1	-53.41	64.82	-21.15	2.8408	0.2249
11.725	8.95	3.08	264.34	-54.72	62.16	-23.95	2.866	0.2215
11.7334	4.47	-0.35	257.52	-56.42	58.56	-25.49	2.8785	0.2185
11.7417	2.51	-1.8	250.44	-59.41	54.75	-26.23	2.891	0.2155
11.75	3.17	-1.69	239.26	-62.64	50.25	-26.51	2.9006	0.2133
11.7584	4.87	-1.11	225.42	-63.14	46.39	-24.95	2.9077	0.212
11.7667	6.76	0.04	212.84	-60.07	45.22	-20.87	2.9217	0.2114
11.775	8.92	2	201.33	-54.98	45.8	-15.32	2.9579	0.2131
11.7834	11.52	4.95	190.21	-52.33	46.14	-11.2	2.9942	0.2147
11.7917	14.6	8.63	179.4	-53.09	46.34	-9.06	2.996	0.2167
11.8	18.26	12.66	173.95	-52.63	48.07	-7.28	2.9912	0.2187
11.8084	20.98	15.97	174.04	-49.2	50.21	-5.67	2.9918	0.2208
11.8167	22.34	18.07	178.37	-43.41	52.32	-3.9	3.0036	0.2235
11.825	23.22	19.41	184.26	-39.02	52.78	-2.77	3.0153	0.2261
11.8334	23.89	20.2	191.58	-36.6	51.38	-2.51	3.0225	0.2288
11.8417	23.16	19.58	200.42	-35.79	48.45	-3.96	3.0297	0.2314
11.85	20.7	16.94	211.14	-33.47	45.86	-5.11	3.0332	0.2336
11.8584	18.1	14.31	225.5	-29.88	44.77	-5.34	3.0312	0.2352
11.8667	15.39	12.51	239.26	-29.13	43.59	-5.95	3.0292	0.2368
11.875	12.62	11.49	251.87	-31	42.33	-6.84	3.0335	0.2374
11.8834	10.64	11.35	258.21	-32.58	41.53	-7.22	3.0386	0.2379
11.8917	10.08	12.82	260.2	-32.99	41.82	-7.56	3.0553	0.2377
11.9	11.12	13.89	261.45	-31.8	43.47	-7.73	3.0765	0.2373
11.9084	14.9	15.07	262.36	-27.82	47.12	-5.83	3.0966	0.237
11.9167	20.3	17.29	262.05	-22.46	52.67	-2.23	3.1045	0.237
11.925	23.81	19.81	257.26	-18.05	58.61	1.44	3.1124	0.237
11.9334	24.8	21.86	247.21	-14.56	64.48	4.93	3.117	0.2388
11.9417	25.25	22.48	234.87	-9.72	70.16	8.61	3.1214	0.2408
11.95	24.7	22.09	226.65	-5.89	75.56	11.38	3.1137	0.2432
11.9584	23.26	20.8	222.59	-3.55	80.5	12.99	3.0878	0.2461
11.9667	20.86	20.73	219.17	-3.68	84.53	13.06	3.062	0.249
11.975	17.51	22	216.15	-6.43	87.53	11.56	3.085	0.253
11.9834	14.81	23.05	215.46	-11.58	88.86	8.97	3.108	0.2569
11.9917	14.69	22.64	218.39	-16.78	88.78	6.24	3.1138	0.26
12	16	20.54	222.98	-21.7	86.85	3.05	3.1009	0.2621
12.0084	15.82	17.58	225.26	-28.57	82.78	-1.37	3.0905	0.264
12.0167	14.58	14.21	225.54	-37.34	77.18	-6.89	3.1087	0.2636
12.025	14.27	12.62	225.39	-47.26	73.35	-12.8	3.127	0.2632
12.0334	14.77	12.68	224.77	-57.77	71.48	-18.83	3.1364	0.2614
12.0417	15.19	14.24	226.46	-65.56	69.57	-23.64	3.1389	0.2584
12.05	15.07	17.98	229.82	-68.84	68.17	-26.91	3.136	0.2556
12.0584	15.18	22.77	233.25	-69.25	67.29	-29.04	3.1049	0.2535
12.0667	17.48	27.61	237.03	-68.91	67.41	-30.17	3.0737	0.2513
12.075	22.87	32.67	242.7	-68.05	68.89	-30.03	3.0696	0.2503
12.0834	28.49	37.59	249.44	-67.26	70.54	-28.84	3.0692	0.2494
12.0917	32.14	40.06	255.58	-66.81	69.24	-27.12	3.0679	0.2488
12.1	33.57	40.44	262.69	-66.07	65.98	-25.41	3.0655	0.2484
12.1084	33.46	39.2	269.1	-67.75	63.66	-25.49	3.0631	0.248
12.1167	32.03	36.38	274.18	-72.23	62.52	-27.46	3.0782	0.2472
12.125	30.76	32.96	273.76	-76.86	61.27	-28.62	3.094	0.2464
12.1334	28.82	30.16	269.58	-79.85	59.92	-28.51	3.1092	0.2451
12.1417	24.5	28.52	264.54	-80.53	59.56	-28.1	3.1239	0.2435
12.15	19.28	28.26	260.82	-77.99	61.38	-27.77	3.138	0.2419
12.1584	13.69	28.44	258.31	-72.67	64.76	-27.57	3.1393	0.239
12.1667	8.71	27.08	255.22	-66	67.46	-26.97	3.1405	0.2361
12.175	4.54	23.89	250.34	-58.46	68.7	-25.55	3.1396	0.2319
12.1834	1.54	20.86	244.2	-50.31	69.2	-23.26	3.1374	0.2271
12.1917	-2.49	18.19	242.59	-42.54	70.24	-22.4	3.1348	0.2227
12.2	-7.58	15.75	244.99	-35.4	71.81	-22.77	3.1315	0.2189
12.2084	-12.05	12.87	247.88	-29.9	72.8	-23.2	3.1281	0.2152
12.2167	-14.91	9.26	249.68	-26.39	72.59	-23.17	3.1036	0.2127
12.225	-16.03	6.21	252.28	-24.37	71.8	-22.93	3.0782	0.2103
12.2334	-16.15	5.36	255.92	-23.03	71.63	-22.42	3.0748	0.2083
12.2417	-16	6.48	258.36	-22.56	71.35	-21.88	3.0994	0.2066
12.25	-16.71	7.37	257.23	-22.97	69.6	-21.67	3.1224	0.205
12.2584	-18.19	8.15	253.11	-24.31	66.5	-21.62	3.1073	0.2058
12.2667	-19.54	10.41	250.91	-26.87	63.06	-20.8	3.0922	0.2066
12.275	-20.71	14.31	251.24	-30.34	59.31	-19.44	3.0913	0.2074
12.2834	-21.58	17.64	249.28	-33.98	55.3	-19.06	3.1034	0.2083
12.2917	-22.66	19.62	242.35	-37.73	51.12	-19.7	3.1115	0.2091
12.3	-23.9	20.63	232.12	-41.44	46.67	-20.94	3.0904	0.2095
