Main.Studies.MarkerTracking.t,Main.Studies.MarkerTracking.JointAngleOutputs.OutputFile_TrunkFull.PelvisPosX,Main.Studies.MarkerTracking.JointAngleOutputs.OutputFile_TrunkFull.PelvisPosY,Main.Studies.MarkerTracking.JointAngleOutputs.OutputFile_TrunkFull.PelvisPosZ,Main.Studies.MarkerTracking.JointAngleOutputs.OutputFile_TrunkFull.PelvisRotVec[0],Main.Studies.MarkerTracking.JointAngleOutputs.OutputFile_TrunkFull.PelvisRotVec[1],Main.Studies.MarkerTracking.JointAngleOutputs.OutputFile_TrunkFull.PelvisRotVec[2],Main.Studies.MarkerTracking.JointAngleOutputs.OutputFile_TrunkFull.SacrumPelvis[0],Main.Studies.MarkerTracking.JointAngleOutputs.OutputFile_TrunkFull.SacrumPelvis[1],Main.Studies.MarkerTracking.JointAngleOutputs.OutputFile_TrunkFull.SacrumPelvis[2],Main.Studies.MarkerTracking.JointAngleOutputs.OutputFile_TrunkFull.L5Sacrum[0],Main.Studies.MarkerTracking.JointAngleOutputs.OutputFile_TrunkFull.L5Sacrum[1],Main.Studies.MarkerTracking.JointAngleOutputs.OutputFile_TrunkFull.L5Sacrum[2],Main.Studies.MarkerTracking.JointAngleOutputs.OutputFile_TrunkFull.L4L5[0],Main.Studies.MarkerTracking.JointAngleOutputs.OutputFile_TrunkFull.L4L5[1],Main.Studies.MarkerTracking.JointAngleOutputs.OutputFile_TrunkFull.L4L5[2],Main.Studies.MarkerTracking.JointAngleOutputs.OutputFile_TrunkFull.L3L4[0],Main.Studies.MarkerTracking.JointAngleOutputs.OutputFile_TrunkFull.L3L4[1],Main.Studies.MarkerTracking.JointAngleOutputs.OutputFile_TrunkFull.L3L4[2],Main.Studies.MarkerTracking.JointAngleOutputs.OutputFile_TrunkFull.L2L3[0],Main.Studies.MarkerTracking.JointAngleOutputs.OutputFile_TrunkFull.L2L3[1],Main.Studies.MarkerTracking.JointAngleOutputs.OutputFile_TrunkFull.L2L3[2],Main.Studies.MarkerTracking.JointAngleOutputs.OutputFile_TrunkFull.L1L2[0],Main.Studies.MarkerTracking.JointAngleOutputs.OutputFile_TrunkFull.L1L2[1],Main.Studies.MarkerTracking.JointAngleOutputs.OutputFile_TrunkFull.L1L2[2],Main.Studies.MarkerTracking.JointAngleOutputs.OutputFile_TrunkFull.T12L1[0],Main.Studies.MarkerTracking.JointAngleOutputs.OutputFile_TrunkFull.T12L1[1],Main.Studies.MarkerTracking.JointAngleOutputs.OutputFile_TrunkFull.T12L1[2],Main.Studies.MarkerTracking.JointAngleOutputs.OutputFile_TrunkFull.T1C7[0],Main.Studies.MarkerTracking.JointAngleOutputs.OutputFile_TrunkFull.T1C7[1],Main.Studies.MarkerTracking.JointAngleOutputs.OutputFile_TrunkFull.T1C7[2],Main.Studies.MarkerTracking.JointAngleOutputs.OutputFile_TrunkFull.C7C6[0],Main.Studies.MarkerTracking.JointAngleOutputs.OutputFile_TrunkFull.C7C6[1],Main.Studies.MarkerTracking.JointAngleOutputs.OutputFile_TrunkFull.C7C6[2],Main.Studies.MarkerTracking.JointAngleOutputs.OutputFile_TrunkFull.C6C5[0],Main.Studies.MarkerTracking.JointAngleOutputs.OutputFile_TrunkFull.C6C5[1],Main.Studies.MarkerTracking.JointAngleOutputs.OutputFile_TrunkFull.C6C5[2],Main.Studies.MarkerTracking.JointAngleOutputs.OutputFile_TrunkFull.C5C4[0],Main.Studies.MarkerTracking.JointAngleOutputs.OutputFile_TrunkFull.C5C4[1],Main.Studies.MarkerTracking.JointAngleOutputs.OutputFile_TrunkFull.C5C4[2],Main.Studies.MarkerTracking.JointAngleOutputs.OutputFile_TrunkFull.C4C3[0],Main.Studies.MarkerTracking.JointAngleOutputs.OutputFile_TrunkFull.C4C3[1],Main.Studies.MarkerTracking.JointAngleOutputs.OutputFile_TrunkFull.C4C3[2],Main.Studies.MarkerTracking.JointAngleOutputs.OutputFile_TrunkFull.C3C2[0],Main.Studies.MarkerTracking.JointAngleOutputs.OutputFile_TrunkFull.C3C2[1],Main.Studies.MarkerTracking.JointAngleOutputs.OutputFile_TrunkFull.C3C2[2],Main.Studies.MarkerTracking.JointAngleOutputs.OutputFile_TrunkFull.C2C1,Main.Studies.MarkerTracking.JointAngleOutputs.OutputFile_TrunkFull.C1C0
  5.500000000000000e+00, -5.062103567634103e-01,  5.665018700004248e-01,  2.316513926803444e-01, -1.913361559489055e-02,  2.091362818969448e-01,  2.266747067896774e-03, -3.106244356931225e-17,  9.976709351461262e-17, -6.297430883376474e-03, -7.502806315824870e-17, -2.545207778381341e-17, -2.017802881636911e-02, -1.231718827321588e-16, -5.855001467901916e-18, -3.563212656948407e-02, -1.717564335345851e-16, -1.001912528951746e-16, -5.126770400317690e-02, -2.324953126230227e-16, -6.289518718346697e-17, -6.613379412005127e-02, -2.949834874265626e-16, -2.602795477293199e-18, -8.093065838426189e-02, -2.984701099208065e-16, -3.817640940847524e-17, -8.862610762214661e-02, -1.110223024625156e-16, -2.602085213965210e-17,  0.000000000000000e+00, -8.326672684688673e-17,  2.081668171172168e-17,  0.000000000000000e+00, -1.110223024625156e-16,  6.938893903907227e-18, -5.551115123125781e-17, -1.040834085586084e-16, -1.734723475976807e-18, -5.551115123125783e-17, -8.326672684688674e-17, -1.214306433183765e-17,  0.000000000000000e+00, -9.020562075079397e-17, -2.428612866367530e-17, -5.551115123125783e-17, -3.469446951953613e-18,  0.000000000000000e+00
  5.505000000000000e+00, -5.052819007759832e-01,  5.666196914321431e-01,  2.320478903957350e-01, -2.148224465545332e-02,  2.083309075655496e-01, -1.775393829143778e-04, -1.994935293805744e-17, -9.557257942879146e-17, -6.297430883376389e-03, -6.592061040493527e-17,  4.071248224844276e-17, -2.017802881636883e-02, -1.231718827321588e-16,  7.828353814491080e-17, -3.563212656948361e-02, -1.630818661843535e-16, -2.949352899078734e-17, -5.126770400317617e-02, -2.220850747443800e-16,  9.499342064261564e-17, -6.613379412005040e-02, -2.463979718504228e-16,  5.205590954586398e-18, -8.093065838426074e-02, -2.707054485328245e-16,  6.767636213320612e-17, -8.862610762214547e-02, -1.040834085586084e-16, -6.938893903907228e-18,  1.110223024625157e-16, -7.632783294297951e-17, -2.081668171172169e-17,  5.551115123125783e-17, -8.326672684688674e-17, -4.510281037539698e-17,  2.220446049250313e-16, -1.110223024625157e-16,  7.632783294297952e-17,  0.000000000000000e+00, -6.938893903907227e-17, -2.775557561562891e-17,  3.885780586188047e-16, -1.040834085586084e-16,  5.204170427930421e-18,  1.665334536937735e-16, -9.194034422677075e-17,  4.440892098500625e-16
  5.510000000000000e+00, -5.043175553078451e-01,  5.667674875843891e-01,  2.324568809846070e-01, -2.405465318627561e-02,  2.074104426597028e-01, -2.575317909795292e-03, -7.264166558966566e-18, -1.082171081592314e-16, -6.297430883376386e-03, -6.808905153667656e-17,  4.038721607868156e-17, -2.017802881636884e-02, -1.197022522326614e-16,  6.971788784927654e-17, -3.563212656948361e-02, -1.613469527143072e-16, -3.296335593087997e-17, -5.126770400317623e-02, -2.290252333301419e-16,  4.380975107262184e-17, -6.613379412005034e-02, -2.706907296384927e-16,  8.068665979608919e-17, -8.093065838426086e-02, -2.915289445738110e-16,  1.908820470423762e-17, -8.862610762214541e-02, -7.632783294297950e-17,  1.908195823574487e-17,  1.110223024625156e-16, -9.020562075079394e-17, -1.734723475976807e-18,  1.110223024625156e-16, -9.020562075079394e-17, -1.908195823574487e-17,  1.665334536937735e-16, -1.040834085586084e-16, -1.214306433183765e-17,  2.220446049250313e-16, -1.249000902703301e-16,  5.724587470723462e-17,  0.000000000000000e+00, -6.245004513516504e-17, -4.336808689942017e-17,  2.775557561562891e-16,  5.030698080332739e-17,  4.996003610813203e-16
  5.515000000000000e+00, -5.033167431446591e-01,  5.669487749400038e-01,  2.328777832569303e-01, -2.684970240861215e-02,  2.063707739441957e-01, -4.923180918531607e-03, -2.623773592940162e-17,  1.257676598268838e-17, -6.297430883376392e-03, -6.115003991510444e-17, -1.433339588080994e-16, -2.017802881636883e-02, -1.292437361062794e-16,  1.875768988790800e-16, -3.563212656948365e-02, -1.769611739447241e-16,  4.055360236233259e-17, -5.126770400317626e-02, -2.116748368657372e-16, -4.684607045389266e-17, -6.613379412005038e-02, -2.880426994871141e-16,  1.422861527586949e-16, -8.093065838426086e-02, -2.707054485328244e-16,  2.776466138798199e-17, -8.862610762214551e-02, -8.326672684688674e-17,  1.040834085586084e-17,  1.110223024625157e-16, -1.179611963664229e-16,  5.030698080332739e-17,  1.110223024625156e-16, -1.040834085586084e-16, -2.081668171172168e-17,  1.665334536937735e-16, -9.714451465470120e-17,  4.510281037539698e-17,  1.110223024625157e-16, -1.110223024625156e-16, -3.469446951953613e-18,  2.220446049250313e-16, -7.632783294297950e-17,  6.938893903907227e-18,  1.110223024625156e-16, -1.040834085586084e-17,  4.440892098500626e-16
  5.520000000000000e+00, -5.022792451117035e-01,  5.671669593207209e-01,  2.333098205078745e-01, -2.986330614224579e-02,  2.052077477291909e-01, -7.220409811076927e-03, -3.187559654233090e-17,  1.038125295553804e-16, -6.297430883376402e-03, -4.727201667196017e-17, -1.792216595384178e-16, -2.017802881636884e-02, -1.431222581042691e-16,  8.674076248743582e-17, -3.563212656948364e-02, -1.786960874147704e-16,  1.006249812626862e-16, -5.126770400317628e-02, -2.186149954514990e-16,  3.513455284041949e-17, -6.613379412005037e-02, -3.227466391843567e-16,  1.518297361754366e-16, -8.093065838426090e-02, -2.707054485328244e-16,  1.093233542151791e-16, -8.862610762214551e-02, -1.179611963664229e-16, -1.734723475976807e-18,  1.110223024625156e-16, -1.040834085586084e-16,  1.040834085586084e-17,  1.665334536937735e-16, -9.714451465470117e-17, -3.642919299551294e-17,  1.110223024625156e-16, -1.179611963664229e-16, -1.734723475976807e-18,  1.110223024625157e-16, -1.040834085586084e-16,  1.214306433183765e-17,  1.110223024625157e-16, -1.040834085586084e-16, -6.245004513516506e-17,  1.665334536937735e-16,  3.816391647148975e-17,  3.885780586188047e-16
  5.525000000000000e+00, -5.012052424370262e-01,  5.674253226955618e-01,  2.337520186577189e-01, -3.308834378263550e-02,  2.039172617193703e-01, -9.468696946188777e-03, -1.127572122585855e-17,  5.963121802136732e-19, -6.297430883376398e-03, -5.464471651988055e-17, -7.632912783729348e-17, -2.017802881636885e-02, -1.431222581042691e-16,  1.014866921102999e-16, -3.563212656948367e-02, -1.839008278249093e-16,  5.291486083641257e-17, -5.126770400317627e-02, -2.116748368657372e-16,  1.379356518920173e-16, -6.613379412005041e-02, -3.123354572751840e-16,  1.900040698424036e-16, -8.093065838426095e-02, -2.915289445738109e-16,  1.509703462971521e-16, -8.862610762214568e-02, -1.179611963664229e-16,  1.214306433183765e-17,  1.665334536937735e-16, -9.020562075079394e-17, -1.734723475976807e-18,  1.110223024625156e-16, -1.318389841742373e-16,  6.938893903907228e-18,  1.110223024625157e-16, -1.110223024625156e-16, -6.938893903907227e-18,  1.110223024625156e-16, -1.040834085586084e-16, -2.428612866367529e-17,  1.665334536937735e-16, -9.020562075079394e-17, -7.112366251504908e-17,  2.220446049250313e-16,  8.500145032286352e-17,  3.330669073875469e-16
  5.530000000000000e+00, -5.000953137585195e-01,  5.677270069224586e-01,  2.342032154356000e-01, -3.651473159396659e-02,  2.024954994087373e-01, -1.167217541854682e-02, -1.257676598268839e-17,  5.627018573289028e-17, -6.297430883376403e-03, -7.416068670555219e-17,  6.060792963216911e-17, -2.017802881636887e-02, -1.231718827321588e-16, -1.756500440370575e-17, -3.563212656948363e-02, -2.255387511060209e-16,  2.784536119424335e-16, -5.126770400317639e-02, -2.116748368657371e-16,  8.501694267558295e-17, -6.613379412005040e-02, -3.296874271238053e-16,  1.874012743651104e-16, -8.093065838426092e-02, -2.568231178388334e-16,  2.082349604098650e-17, -8.862610762214558e-02, -1.595945597898663e-16,  1.457167719820518e-16, -5.551115123125783e-17, -1.040834085586084e-16, -6.071532165918825e-17,  2.220446049250313e-16, -1.179611963664229e-16,  3.469446951953613e-18,  1.665334536937735e-16, -1.387778780781445e-16,  7.632783294297950e-17,  5.551115123125781e-17, -9.714451465470120e-17,  8.673617379884035e-18,  1.110223024625157e-16, -1.110223024625157e-16,  2.255140518769849e-17,  5.551115123125783e-17,  6.938893903907228e-18,  1.665334536937735e-16
  5.535000000000000e+00, -4.989504042710556e-01,  5.680750182897727e-01,  2.346620907409007e-01, -4.012966600417840e-02,  2.009392242458607e-01, -1.383730256198637e-02, -2.038303452366738e-17, -4.336815856099442e-18, -6.297430883376398e-03, -6.678798685763180e-17,  3.361083754199003e-17, -2.017802881636889e-02, -1.387852199798973e-16,  1.004024325792069e-16, -3.563212656948367e-02, -1.995150490553261e-16,  1.661179647569345e-16, -5.126770400317634e-02, -2.116748368657371e-16,  8.935454179168412e-17, -6.613379412005048e-02, -3.019242753660111e-16,  2.273108050169394e-16, -8.093065838426092e-02, -3.123524406147974e-16,  2.498819524918379e-16, -8.862610762214579e-02, -1.457167719820518e-16,  9.020562075079394e-17,  5.551115123125781e-17, -1.249000902703301e-16,  2.602085213965210e-17,  5.551115123125781e-17, -8.326672684688673e-17, -1.561251128379126e-17,  1.110223024625156e-16, -1.110223024625157e-16, -3.122502256758253e-17,  1.110223024625157e-16, -1.249000902703301e-16,  9.194034422677078e-17,  1.110223024625157e-16, -1.110223024625157e-16, -3.989863994746656e-17,  2.775557561562891e-16,  1.144917494144693e-16,  2.775557561562891e-16
  5.540000000000000e+00, -4.977717893757687e-01,  5.684722401159361e-01,  2.351272165298921e-01, -4.391793601128807e-02,  1.992460472188431e-01, -1.597270152600579e-02, -2.602089513659666e-18, -1.410007255214332e-16, -6.297430883376400e-03, -9.194190398583077e-17,  1.703310508982785e-16, -2.017802881636890e-02, -1.101607683590435e-16, -6.288705280339095e-18, -3.563212656948368e-02, -2.185990972258356e-16,  2.242375660034861e-16, -5.126770400317635e-02, -2.255551540372609e-16,  1.422732510081184e-16, -6.613379412005048e-02, -3.366282150632537e-16,  2.706907296384927e-16, -8.093065838426101e-02, -2.984701099208065e-16,  2.863230705635643e-16, -8.862610762214575e-02, -1.179611963664229e-16,  5.204170427930421e-18,  1.110223024625156e-16, -1.179611963664229e-16,  1.561251128379126e-17,  1.665334536937735e-16, -1.249000902703301e-16,  3.122502256758252e-17,  5.551115123125781e-17, -1.318389841742373e-16, -1.040834085586084e-17,  1.665334536937735e-16, -1.110223024625156e-16,  3.122502256758252e-17,  1.665334536937735e-16, -1.665334536937735e-16,  7.285838599102589e-17,  5.551115123125781e-17,  4.163336342344336e-17,  2.220446049250313e-16
  5.545000000000000e+00, -4.965610330589799e-01,  5.689214531854385e-01,  2.355971220464685e-01, -4.786227492276645e-02,  1.974146590976855e-01, -1.808895727595106e-02, -2.992402940708616e-17, -2.125039769488727e-17, -6.297430883376413e-03, -8.413551591156212e-17,  6.722167508398004e-17, -2.017802881636889e-02, -1.092933607341691e-16, -2.819074780841663e-17, -3.563212656948367e-02, -1.943103086451872e-16,  2.229363809009514e-16, -5.126770400317636e-02, -2.671961055518321e-16,  2.914866606019987e-16, -6.613379412005053e-02, -2.915130934568383e-16,  1.665789105467648e-16, -8.093065838426095e-02, -3.331759366557839e-16,  2.654995745225778e-16, -8.862610762214573e-02, -1.179611963664229e-16,  3.816391647148975e-17,  5.551115123125781e-17, -1.387778780781445e-16, -1.734723475976807e-18,  1.110223024625156e-16, -1.179611963664229e-16,  4.163336342344337e-17,  1.665334536937735e-16, -1.457167719820518e-16,  2.949029909160572e-17,  5.551115123125783e-17, -1.526556658859590e-16, -1.040834085586084e-17,  1.110223024625157e-16, -1.110223024625157e-16,  6.591949208711867e-17,  1.110223024625157e-16,  7.979727989493311e-17,  3.330669073875470e-16
  5.550000000000000e+00, -4.953199385320269e-01,  5.694253650709677e-01,  2.360703637745381e-01, -5.194370771787155e-02,  1.954450529699870e-01, -2.019837734806464e-02, -4.943970075953363e-17,  1.423559804764642e-16, -6.297430883376422e-03, -4.683832844561190e-17, -2.645498180724376e-17, -2.017802881636888e-02, -1.769511554743690e-16,  1.921307889096703e-16, -3.563212656948372e-02, -1.856357412949556e-16,  1.747925321071661e-16, -5.126770400317639e-02, -2.533157883803084e-16,  2.090722773960765e-16, -6.613379412005049e-02, -3.088650633054597e-16,  2.446627748655608e-16, -8.093065838426099e-02, -3.470582673497749e-16,  3.869699680949991e-16, -8.862610762214586e-02, -1.040834085586084e-16, -2.255140518769849e-17,  2.220446049250313e-16, -1.387778780781446e-16,  1.734723475976807e-17,  5.551115123125783e-17, -1.387778780781446e-16,  3.816391647148976e-17,  5.551115123125783e-17, -1.318389841742373e-16,  8.673617379884035e-17,  1.110223024625157e-16, -1.249000902703301e-16, -6.245004513516506e-17,  5.551115123125783e-17, -1.665334536937735e-16,  3.989863994746656e-17,  1.665334536937735e-16,  1.457167719820518e-16,  2.775557561562891e-16
  5.555000000000000e+00, -4.940504974263230e-01,  5.699866425698461e-01,  2.365455886404902e-01, -5.614185690186962e-02,  1.933387570879926e-01, -2.231475687719549e-02, -4.770497441709387e-18, -2.851456425385384e-17, -6.297430883376383e-03, -1.214327033775123e-16,  1.598141114093332e-16, -2.017802881636892e-02, -9.888446923567682e-17,  1.431222581042691e-17, -3.563212656948368e-02, -2.081896164055577e-16,  2.064547029355113e-16, -5.126770400317635e-02, -2.706661848447131e-16,  2.637260262589512e-16, -6.613379412005048e-02, -3.019242753660112e-16,  3.088650633054597e-16, -8.093065838426107e-02, -3.539994326967704e-16,  3.921758421052457e-16, -8.862610762214580e-02, -1.387778780781446e-16,  6.938893903907228e-18,  5.551115123125783e-17, -1.318389841742373e-16,  2.775557561562891e-17,  1.110223024625156e-16, -1.665334536937735e-16,  1.734723475976807e-17,  1.665334536937735e-16, -1.318389841742373e-16,  3.469446951953614e-17,  1.110223024625157e-16, -1.457167719820518e-16,  2.081668171172169e-17,  1.110223024625157e-16, -1.318389841742373e-16, -1.387778780781445e-17,  1.110223024625156e-16,  1.734723475976807e-16,  3.330669073875470e-16
  5.560000000000000e+00, -4.927548428106070e-01,  5.706079389508617e-01,  2.370215840801145e-01, -6.043520019265652e-02,  1.910990821383789e-01, -2.445315221987156e-02, -3.816397953367510e-17, -1.301044756829833e-18, -6.297430883376414e-03, -8.153338655347256e-17,  1.062536154553233e-17, -2.017802881636888e-02, -1.387852199798973e-16,  1.422548504793947e-16, -3.563212656948370e-02, -2.168641837557892e-16,  2.550322800968081e-16, -5.126770400317631e-02, -2.637260262589513e-16,  3.036319381270820e-16, -6.613379412005058e-02, -3.435690030027024e-16,  3.123354572751840e-16, -8.093065838426101e-02, -3.539994326967704e-16,  3.921758421052457e-16, -8.862610762214580e-02, -1.595945597898663e-16,  2.775557561562891e-17,  1.110223024625157e-16, -1.526556658859590e-16,  4.857225732735060e-17,  5.551115123125783e-17, -1.179611963664229e-16, -2.081668171172169e-17,  2.775557561562891e-16, -1.804112415015879e-16,  2.428612866367530e-17,  0.000000000000000e+00, -1.387778780781446e-16,  1.734723475976807e-17,  1.110223024625157e-16, -1.734723475976807e-16,  3.816391647148976e-17, -5.551115123125783e-17,  1.804112415015879e-16,  3.885780586188048e-16
  5.565000000000000e+00, -4.914352079241338e-01,  5.712919132260572e-01,  2.374973138600427e-01, -6.480126806254004e-02,  1.887313491770164e-01, -2.662966007801197e-02, -1.908198976683755e-17, -6.006489960697728e-17, -6.297430883376400e-03, -1.066873036816715e-16,  1.266369620936914e-16, -2.017802881636888e-02, -1.630726334763793e-16,  2.268270939046446e-16, -3.563212656948370e-02, -2.099245298756040e-16,  1.509374718940293e-16, -5.126770400317633e-02, -2.324953126230228e-16,  2.897516209555583e-16, -6.613379412005048e-02, -3.817433366696692e-16,  4.216528673214982e-16, -8.093065838426104e-02, -3.470582673497749e-16,  4.025875901257389e-16, -8.862610762214569e-02, -1.526556658859590e-16,  5.551115123125783e-17,  1.110223024625157e-16, -1.249000902703301e-16, -3.816391647148975e-17,  1.665334536937735e-16, -1.457167719820518e-16,  2.775557561562891e-17,  1.665334536937735e-16, -1.249000902703301e-16,  2.081668171172168e-17,  5.551115123125781e-17, -2.012279232133096e-16,  3.816391647148975e-17,  1.110223024625156e-16, -1.595945597898662e-16,  4.163336342344336e-17,  5.551115123125781e-17,  2.046973701652632e-16,  3.330669073875469e-16
  5.570000000000000e+00, -4.900938895552657e-01,  5.720412438190197e-01,  2.379719412405093e-01, -6.921678482501692e-02,  1.862430412082387e-01, -2.886120676621849e-02, -4.640392966026404e-17,  6.526907863429662e-17, -6.297430883376417e-03, -7.025749266841785e-17, -1.517908792218904e-17, -2.017802881636886e-02, -1.596030029768819e-16,  2.064430147200972e-16, -3.563212656948371e-02, -2.498275396866692e-16,  2.637068474470397e-16, -5.126770400317637e-02, -2.533157883803084e-16,  2.602559469660702e-16, -6.613379412005045e-02, -3.400986090329781e-16,  4.181824733517741e-16, -8.093065838426093e-02, -3.539994326967704e-16,  4.685286609221961e-16, -8.862610762214575e-02, -2.151057110211240e-16,  6.938893903907227e-17,  0.000000000000000e+00, -1.179611963664229e-16,  1.734723475976807e-17,  1.110223024625156e-16, -2.359223927328458e-16,  0.000000000000000e+00,  1.665334536937735e-16, -8.326672684688674e-17, -3.469446951953614e-18,  2.775557561562891e-16, -1.942890293094023e-16,  9.020562075079394e-17,  5.551115123125781e-17, -1.595945597898662e-16,  0.000000000000000e+00,  1.665334536937735e-16,  2.255140518769849e-16,  3.330669073875470e-16
  5.575000000000000e+00, -4.887332131275902e-01,  5.728586357161055e-01,  2.384448394810430e-01, -7.365780657263232e-02,  1.836438544405475e-01, -3.116533382587753e-02, -9.107313297808830e-18, -2.558721355098671e-17, -6.297430883376393e-03, -6.158372814145269e-17,  1.431171146949253e-17, -2.017802881636886e-02, -1.786859707241178e-16,  2.376696892155742e-16, -3.563212656948369e-02, -2.185990972258355e-16,  3.036098572581049e-16, -5.126770400317626e-02, -3.053669777735226e-16,  3.591532068131771e-16, -6.613379412005053e-02, -3.817433366696693e-16,  4.476808220944303e-16, -8.093065838426089e-02, -3.817640940847525e-16,  5.032344876571738e-16, -8.862610762214565e-02, -1.942890293094023e-16,  0.000000000000000e+00,  2.220446049250313e-16, -1.387778780781445e-16,  2.775557561562891e-17,  1.110223024625156e-16, -1.942890293094023e-16,  1.006139616066548e-16,  5.551115123125781e-17, -1.318389841742373e-16, -2.081668171172169e-17,  2.775557561562891e-16, -1.804112415015879e-16,  1.734723475976807e-17,  1.665334536937735e-16, -2.220446049250313e-16,  5.204170427930421e-17, -1.110223024625157e-16,  2.463307335887067e-16,  3.330669073875469e-16
  5.580000000000000e+00, -4.873555021704705e-01,  5.737468185227570e-01,  2.389155884511205e-01, -7.809987867915807e-02,  1.809456707330489e-01, -3.355996656484910e-02, -1.040835805463866e-17,  1.366096994671324e-17, -6.297430883376382e-03, -1.318412208098705e-16,  1.240348327356019e-16, -2.017802881636888e-02, -1.491941114783896e-16,  1.570007801022588e-16, -3.563212656948361e-02, -2.515624531567155e-16,  2.229363809009513e-16, -5.126770400317623e-02, -3.435378499952127e-16,  4.250847133779148e-16, -6.613379412005051e-02, -3.539801849118751e-16,  3.990953065182906e-16, -8.093065838426075e-02, -4.511757475547074e-16,  5.830578891476219e-16, -8.862610762214569e-02, -2.671474153004283e-16,  3.469446951953614e-17, -5.551115123125783e-17, -1.214306433183765e-16,  1.387778780781446e-17,  2.220446049250313e-16, -1.734723475976807e-16,  7.979727989493311e-17,  1.665334536937735e-16, -1.908195823574488e-16,  1.387778780781446e-17,  1.110223024625157e-16, -2.220446049250313e-16,  4.163336342344337e-17,  1.110223024625157e-16, -1.110223024625157e-16,  3.816391647148976e-17,  2.220446049250313e-16,  2.498001805406602e-16,  3.885780586188048e-16
  5.585000000000000e+00, -4.859630579852844e-01,  5.747085374701522e-01,  2.393839585586803e-01, -8.251815573738486e-02,  1.781624812033079e-01, -3.606317018732992e-02, -2.645457672220660e-17,  2.168407928049721e-19, -6.297430883376403e-03, -9.194190398583077e-17,  7.112486912111437e-17, -2.017802881636884e-02, -1.648074487261280e-16,  1.769511554743690e-16, -3.563212656948356e-02, -2.862607225576417e-16,  2.706465013272249e-16, -5.126770400317624e-02, -3.504780085809746e-16,  4.476402287816409e-16, -6.613379412005028e-02, -4.129768823971876e-16,  5.049423225948807e-16, -8.093065838426078e-02, -4.442345822077119e-16,  4.893521569631827e-16, -8.862610762214564e-02, -1.804112415015879e-16,  6.591949208711866e-17,  2.220446049250313e-16, -2.220446049250313e-16,  2.775557561562891e-17,  1.665334536937735e-16, -2.151057110211241e-16,  6.591949208711867e-17,  0.000000000000000e+00, -1.734723475976807e-16,  3.469446951953614e-17,  2.775557561562891e-16, -1.734723475976807e-16, -6.938893903907227e-18,  3.330669073875469e-16, -2.081668171172168e-16,  4.163336342344336e-17,  1.665334536937735e-16,  3.365363543395005e-16,  3.330669073875470e-16
  5.590000000000000e+00, -4.845581473238000e-01,  5.757465410211613e-01,  2.398498848121499e-01, -8.688745525227469e-02,  1.753102701804441e-01, -3.869289668032568e-02, -5.377651661563309e-17,  8.239950126588941e-17, -6.297430883376382e-03, -9.888091560740290e-17,  3.079186407072634e-17, -2.017802881636883e-02, -2.428741349648202e-16,  2.576200645876843e-16, -3.563212656948360e-02, -2.411529723364377e-16,  2.775861552074103e-16, -5.126770400317610e-02, -3.539480878738557e-16,  3.817087222169032e-16, -6.613379412005020e-02, -4.823847617916730e-16,  5.587334291256068e-16, -8.093065838426075e-02, -4.615874955752006e-16,  5.899990544946173e-16, -8.862610762214540e-02, -1.942890293094023e-16,  0.000000000000000e+00,  2.220446049250313e-16, -2.220446049250313e-16,  5.898059818321144e-17,  5.551115123125783e-17, -2.255140518769849e-16,  0.000000000000000e+00,  2.220446049250313e-16, -2.220446049250313e-16,  6.245004513516504e-17,  0.000000000000000e+00, -1.977584762613560e-16, -2.775557561562891e-17,  3.330669073875469e-16, -1.977584762613560e-16,  5.204170427930421e-17,  1.665334536937735e-16,  3.434752482434078e-16,  6.106226635438361e-16
  5.595000000000000e+00, -4.831429911360719e-01,  5.768635665301241e-01,  2.403134320121683e-01, -9.118228427743869e-02,  1.724068415856914e-01, -4.146671102554308e-02, -6.071542198539219e-17,  1.647990025317788e-17, -6.297430883376380e-03, -9.801353915470638e-17,  1.487550616374526e-16, -2.017802881636878e-02, -2.237911672175844e-16,  1.535311496027614e-16, -3.563212656948349e-02, -3.261637323687070e-16,  2.871281792926649e-16, -5.126770400317608e-02, -3.990591186813077e-16,  3.574181671667365e-16, -6.613379412005006e-02, -4.927959437008458e-16,  5.413814592769855e-16, -8.093065838426072e-02, -5.171168183511646e-16,  6.004108025151106e-16, -8.862610762214541e-02, -1.769417945496343e-16, -1.734723475976807e-17,  4.440892098500626e-16, -2.393918396847994e-16,  6.591949208711867e-17,  1.110223024625157e-16, -2.012279232133096e-16, -1.734723475976807e-17,  1.665334536937735e-16, -2.116362640691705e-16,  6.245004513516506e-17,  2.220446049250313e-16, -1.942890293094024e-16, -5.551115123125783e-17,  3.330669073875470e-16, -2.463307335887066e-16,  7.632783294297950e-17,  1.665334536937735e-16,  2.567390744445674e-16,  4.996003610813204e-16
  5.600000000000000e+00, -4.817197535373705e-01,  5.780623230477361e-01,  2.407747507526727e-01, -9.537685691891326e-02,  1.694715651882491e-01, -4.440147508212205e-02, -1.561253708195799e-17, -4.727129283148391e-17, -6.297430883376346e-03, -1.301064679044775e-16,  5.724684587797009e-17, -2.017802881636875e-02, -2.480785807140664e-16,  2.428741349648202e-16, -3.563212656948347e-02, -3.625969152396797e-16,  2.394180588663914e-16, -5.126770400317598e-02, -4.164095151457124e-16,  4.788709424175693e-16, -6.613379412005006e-02, -5.379110653072612e-16,  4.997367316402943e-16, -8.093065838426047e-02, -5.379403143921512e-16,  5.761167238006264e-16, -8.862610762214508e-02, -2.983724378680108e-16,  8.673617379884035e-17,  1.110223024625157e-16, -1.873501354054951e-16, -2.428612866367529e-17,  3.885780586188047e-16, -2.740863092043355e-16,  1.110223024625156e-16,  1.110223024625156e-16, -2.220446049250313e-16, -1.387778780781446e-17,  1.110223024625157e-16, -2.324529457808922e-16,  7.285838599102590e-17,  1.110223024625157e-16, -2.185751579730777e-16,  3.469446951953614e-18,  3.330669073875470e-16,  2.636779683484747e-16,  4.440892098500626e-16
  5.605000000000000e+00, -4.802905343810938e-01,  5.793454691956023e-01,  2.412340268382924e-01, -9.944509077841782e-02,  1.665250561888769e-01, -4.751298201976649e-02, -4.943970075953365e-17, -4.206711380416460e-17, -6.297430883376347e-03, -1.110241859451542e-16,  1.340096619416119e-16, -2.017802881636874e-02, -2.671615484613023e-16,  1.795533783489921e-16, -3.563212656948338e-02, -3.521874344194017e-16,  2.897305494977344e-16, -5.126770400317587e-02, -4.892811802962121e-16,  4.892811802962121e-16, -6.613379412005001e-02, -5.274998833980885e-16,  4.823847617916730e-16, -8.093065838426020e-02, -6.871753693525544e-16,  6.628812906380701e-16, -8.862610762214503e-02, -2.498001805406602e-16,  0.000000000000000e+00,  3.330669073875470e-16, -2.393918396847993e-16,  6.591949208711866e-17,  1.110223024625156e-16, -2.393918396847994e-16,  0.000000000000000e+00,  3.885780586188048e-16, -2.532696274926138e-16,  5.551115123125781e-17,  1.665334536937735e-16, -2.185751579730776e-16,  2.775557561562891e-17,  2.775557561562891e-16, -2.879640970121500e-16,  5.204170427930421e-17,  2.220446049250313e-16,  2.359223927328458e-16,  7.216449660063516e-16
  5.610000000000000e+00, -4.788573644090456e-01,  5.807155845068783e-01,  2.416914286999266e-01, -1.033605989765062e-01,  1.635888237041008e-01, -5.081556319793679e-02, -5.637860612929276e-17,  3.469452684879555e-17, -6.297430883376328e-03, -1.396476088841392e-16,  6.158372814145269e-17, -2.017802881636866e-02, -2.758356247100460e-16,  1.587355953520076e-16, -3.563212656948327e-02, -4.163792328111153e-16,  3.001400303180123e-16, -5.126770400317580e-02, -5.448024489823071e-16,  4.389650305494385e-16, -6.613379412004981e-02, -6.281413085200922e-16,  5.379110653072612e-16, -8.093065838426017e-02, -6.906459520260521e-16,  5.899990544946174e-16, -8.862610762214480e-02, -3.087807787238717e-16,  2.081668171172169e-17,  1.665334536937735e-16, -2.636779683484747e-16,  2.775557561562891e-17,  3.330669073875470e-16, -2.949029909160572e-16,  8.326672684688674e-17,  1.665334536937735e-16, -1.700029006457271e-16, -6.245004513516506e-17,  3.885780586188048e-16, -3.365363543395006e-16,  1.110223024625157e-16, -5.551115123125783e-17, -2.393918396847994e-16,  1.387778780781446e-17,  3.330669073875470e-16,  2.428612866367530e-16,  6.661338147750939e-16
  5.615000000000000e+00, -4.774222131272203e-01,  5.821750926167368e-01,  2.421470750438049e-01, -1.070966197886607e-01,  1.606846254327197e-01, -5.432256920677279e-02,  9.540994883418775e-18, -3.122507416391599e-17, -6.297430883376404e-03, -2.949079939168156e-17, -9.541140979661684e-18, -2.017802881636896e-02, -5.551408799195892e-17,  3.035926687060254e-17, -3.563212656948381e-02, -1.040948082027788e-16,  6.939653880185255e-17, -5.126770400317653e-02, -9.716222020066625e-17,  2.255551540372609e-17, -6.613379412005066e-02, -1.978124562742832e-16,  2.116940321531802e-16, -8.093065838426136e-02, -3.470582673497749e-17,  7.982340149044823e-17, -8.862610762214601e-02, -3.816391647148975e-17, -4.857225732735059e-17,  2.220446049250313e-16, -4.163336342344336e-17,  3.469446951953613e-18,  1.110223024625156e-16, -1.006139616066548e-16,  2.775557561562891e-17,  1.110223024625156e-16, -3.469446951953614e-17,  4.857225732735059e-17, -5.551115123125781e-17, -4.510281037539697e-17,  2.081668171172168e-17,  1.665334536937735e-16,  3.469446951953614e-18, -6.245004513516506e-17,  1.110223024625157e-16,  5.204170427930421e-17,  3.330669073875470e-16
  5.620000000000000e+00, -4.759869159139518e-01,  5.837263700120735e-01,  2.426009029789624e-01, -1.106265332491393e-01,  1.578350964918100e-01, -5.804251909246783e-02,  2.602089513659666e-17, -5.637860612929276e-17, -6.297430883376390e-03, -2.428654067550247e-17,  5.030783425639797e-17, -2.017802881636893e-02, -1.023540997351742e-16,  4.250297361884354e-17, -3.563212656948379e-02, -9.368532738250095e-17,  1.734913470046314e-17, -5.126770400317645e-02, -9.369214090778529e-17,  9.889725984710669e-17, -6.613379412005065e-02, -1.526973346678677e-16,  9.023024321283089e-17, -8.093065838426118e-02, -2.012937950628694e-16,  1.492350549604032e-16, -8.862610762214601e-02, -1.734723475976807e-17,  1.040834085586084e-17,  1.665334536937735e-16, -6.591949208711866e-17,  6.938893903907227e-18,  5.551115123125781e-17, -6.245004513516504e-17, -1.734723475976807e-17,  1.110223024625156e-16, -6.938893903907227e-17,  1.387778780781445e-17,  1.110223024625156e-16, -6.591949208711866e-17,  1.734723475976807e-17,  0.000000000000000e+00, -7.285838599102589e-17, -6.938893903907227e-18,  1.665334536937735e-16, -3.469446951953614e-18,  4.440892098500626e-16
  5.625000000000000e+00, -4.745532502067566e-01,  5.853714670990413e-01,  2.430527481352391e-01, -1.139235511958277e-01,  1.550617365490535e-01, -6.198372758435298e-02,  4.943970075953365e-17, -9.497626724857779e-17, -6.297430883376382e-03, -1.092894330397611e-16,  1.058199272289750e-16, -2.017802881636894e-02, -8.153631673818965e-17,  3.643112024472303e-17, -3.563212656948379e-02, -6.766162533180625e-17, -8.674567350231571e-18, -5.126770400317635e-02, -1.561535681796422e-16,  1.162476563115114e-16, -6.613379412005065e-02, -1.908716683348346e-16,  4.164472763669119e-17, -8.093065838426111e-02, -1.943526297158740e-16,  1.769997163483852e-16, -8.862610762214597e-02, -3.122502256758252e-17, -3.469446951953613e-18,  5.551115123125781e-17, -6.938893903907228e-17, -1.734723475976807e-17,  2.220446049250313e-16, -3.469446951953614e-17, -4.857225732735060e-17,  2.220446049250313e-16, -1.110223024625156e-16,  2.775557561562891e-17, -1.665334536937735e-16,  6.938893903907228e-18, -3.122502256758253e-17,  3.330669073875470e-16, -3.469446951953614e-17, -1.387778780781446e-17,  1.110223024625157e-16,  4.857225732735060e-17,  3.330669073875470e-16
  5.630000000000000e+00, -4.731228661312913e-01,  5.871121956671951e-01,  2.435022342765285e-01, -1.169613746086537e-01,  1.523855414244937e-01, -6.615072651274216e-02, -4.857233758831375e-17,  7.719532223857007e-17, -6.297430883376450e-03,  6.071635168875618e-18, -2.168441131741292e-17, -2.017802881636889e-02, -1.214370674824102e-17,  2.081778299698460e-17, -3.563212656948370e-02, -1.474676449539367e-16,  3.990300981106522e-17, -5.126770400317637e-02, -2.116748368657371e-16,  6.072638762541640e-17, -6.613379412005056e-02, -2.463979718504229e-16,  1.492269406981434e-16, -8.093065838426122e-02, -1.353527242664123e-16,  3.123524406147975e-17, -8.862610762214576e-02, -1.040834085586084e-16,  2.428612866367530e-17,  1.110223024625157e-16, -7.285838599102589e-17,  0.000000000000000e+00,  2.220446049250313e-16, -1.075528555105620e-16,  5.898059818321144e-17,  5.551115123125783e-17, -5.551115123125783e-17, -6.938893903907228e-18,  0.000000000000000e+00, -6.591949208711867e-17,  6.938893903907228e-18,  5.551115123125783e-17, -9.714451465470117e-17,  1.040834085586084e-17,  1.110223024625156e-16,  0.000000000000000e+00,  4.996003610813203e-16
  5.635000000000000e+00, -4.716972814483351e-01,  5.889500326624710e-01,  2.439487791462281e-01, -1.197145111730502e-01,  1.498263404549058e-01, -7.054481263065916e-02, -3.469452684879553e-18, -1.561253708195799e-17, -6.297430883376380e-03, -8.153338655347257e-17, -1.648015260123382e-17, -2.017802881636886e-02, -8.500594723768710e-17,  7.806668623869223e-17, -3.563212656948374e-02, -1.821659143548630e-16,  6.072197145162098e-17, -5.126770400317630e-02, -1.179826959579518e-16, -2.776063434304749e-17, -6.613379412005051e-02, -1.561677286375920e-16,  1.388157587889706e-16, -8.093065838426096e-02, -3.435876846762772e-16,  1.179998108989235e-16, -8.862610762214586e-02, -1.734723475976807e-17, -3.469446951953614e-17,  3.330669073875470e-16, -9.020562075079397e-17, -2.428612866367530e-17,  5.551115123125783e-17, -4.163336342344337e-17, -2.081668171172169e-17,  2.220446049250313e-16, -5.898059818321144e-17, -2.081668171172169e-17,  5.551115123125783e-17, -9.714451465470120e-17,  2.775557561562891e-17,  5.551115123125783e-17, -3.816391647148976e-17, -3.816391647148976e-17,  2.220446049250313e-16,  6.245004513516506e-17,  3.330669073875470e-16
  5.640000000000000e+00, -4.702778554454396e-01,  5.908860507539019e-01,  2.443915925029139e-01, -1.221587398028843e-01,  1.474023699460909e-01, -7.516388501437110e-02, -1.908198976683755e-17, -6.938905369759108e-18, -6.297430883376424e-03, -3.729718746595022e-17, -7.806388074268650e-18, -2.017802881636886e-02, -9.368002348643066e-17, -5.377927274221019e-17, -3.563212656948359e-02, -1.387930776037051e-16,  9.195041391245463e-17, -5.126770400317637e-02, -2.324953126230228e-16,  8.675198232202346e-17, -6.613379412005051e-02, -2.394571839109743e-16,  1.388157587889706e-17, -8.093065838426089e-02, -3.262347713087884e-16,  1.318821415929145e-16, -8.862610762214575e-02, -1.214306433183765e-16,  3.469446951953614e-17,  0.000000000000000e+00, -6.938893903907228e-18, -5.204170427930421e-17,  2.220446049250313e-16, -1.249000902703301e-16, -6.938893903907228e-18,  1.665334536937735e-16,  3.816391647148975e-17, -1.734723475976807e-17,  3.330669073875469e-16, -9.714451465470117e-17,  1.040834085586084e-17,  1.110223024625156e-16, -1.249000902703301e-16,  2.081668171172168e-17,  5.551115123125781e-17,  2.775557561562891e-17,  3.885780586188047e-16
  5.645000000000000e+00, -4.688657646170440e-01,  5.929208426316147e-01,  2.448296881663595e-01, -1.242716645717793e-01,  1.451298551055714e-01, -8.000242264169409e-02, -3.469452684879554e-17,  5.637860612929275e-17, -6.297430883376382e-03, -9.020715108043772e-17,  2.168441131741292e-17, -2.017802881636886e-02, -6.071853374120506e-17, -3.816593549447175e-17, -3.563212656948357e-02, -7.286636574194519e-17,  2.255387511060209e-17, -5.126770400317621e-02, -4.129394358528315e-16,  1.665638060582850e-16, -6.613379412005062e-02, -1.908716683348346e-16, -9.023024321283092e-17, -8.093065838426078e-02, -2.290584564508514e-16,  2.082349604098649e-17, -8.862610762214546e-02, -9.714451465470117e-17,  4.163336342344336e-17,  5.551115123125781e-17, -1.214306433183765e-16,  3.469446951953613e-18,  5.551115123125781e-17, -7.285838599102590e-17, -6.938893903907228e-18,  1.665334536937735e-16, -1.006139616066548e-16, -2.428612866367530e-17,  1.665334536937735e-16, -7.632783294297951e-17,  2.775557561562891e-17,  1.665334536937735e-16, -8.673617379884033e-17, -2.775557561562891e-17,  5.551115123125781e-17, -3.469446951953614e-17,  6.106226635438360e-16
  5.650000000000000e+00, -4.674619862856436e-01,  5.950544505286282e-01,  2.452619121073751e-01, -1.260333458180075e-01,  1.430226729318821e-01, -8.505162974405582e-02, -2.949034782147622e-17,  4.336815856099443e-18, -6.297430883376383e-03, -9.888091560740294e-17,  5.290996361448753e-17, -2.017802881636887e-02, -1.353155894803999e-16,  1.734815249748717e-18, -3.563212656948361e-02, -1.960452221152335e-16,  1.734913470046315e-18, -5.126770400317624e-02, -2.533157883803084e-16,  6.593150656473782e-17, -6.613379412005030e-02, -3.331578210935295e-16,  3.123354572751839e-17, -8.093065838426083e-02, -2.672348658593267e-16, -6.941165346995497e-18, -8.862610762214546e-02, -1.040834085586084e-16,  1.387778780781446e-17,  2.220446049250313e-16, -1.214306433183765e-16,  4.163336342344337e-17, -5.551115123125783e-17, -7.285838599102590e-17, -3.469446951953614e-17,  2.775557561562891e-16, -6.591949208711866e-17,  1.387778780781445e-17,  1.110223024625156e-16, -9.714451465470120e-17, -6.938893903907228e-18,  2.220446049250313e-16, -1.214306433183765e-16,  6.938893903907227e-18,  5.551115123125781e-17, -5.551115123125781e-17,  4.440892098500626e-16
  5.655000000000000e+00, -4.660672889310392e-01,  5.972863104287227e-01,  2.456869867477631e-01, -1.274269448851464e-01,  1.410921204433313e-01, -9.029971937806826e-02, -3.556189002001543e-17, -2.341880562293699e-17, -6.297430883376382e-03, -3.122555229707461e-17, -1.821490550662685e-17, -2.017802881636878e-02, -1.734815249748716e-16,  2.428741349648202e-17, -3.563212656948360e-02, -1.544072988341219e-16,  2.775861552074102e-17, -5.126770400317614e-02, -3.435378499952127e-16,  0.000000000000000e+00, -6.613379412005034e-02, -3.366282150632538e-16,  2.429275778806986e-17, -8.093065838426078e-02, -3.539994326967704e-16,  6.941165346995499e-18, -8.862610762214541e-02, -1.249000902703301e-16,  4.163336342344336e-17,  5.551115123125781e-17, -4.857225732735059e-17, -2.081668171172168e-17,  2.775557561562891e-16, -7.632783294297951e-17,  6.938893903907228e-18,  2.220446049250313e-16, -1.526556658859590e-16,  6.938893903907228e-18,  5.551115123125783e-17, -9.714451465470120e-17, -2.081668171172169e-17,  1.665334536937735e-16, -1.387778780781446e-17, -1.387778780781446e-17,  1.665334536937735e-16, -6.938893903907228e-17,  4.996003610813204e-16
  5.660000000000000e+00, -4.646822270801310e-01,  5.996152125574186e-01,  2.461035688451338e-01, -1.284393061455790e-01,  1.393467672122639e-01, -9.573229540296774e-02,  2.949034782147621e-17,  3.122507416391598e-17, -6.297430883376422e-03, -1.509235027691939e-16,  2.949079939168157e-17, -2.017802881636883e-02, -7.980150148844095e-17, -5.204445749246149e-18, -3.563212656948354e-02, -2.394180588663914e-16, -5.378231757143574e-17, -5.126770400317621e-02, -2.741362641375941e-16,  2.429055505016657e-17, -6.613379412005023e-02, -3.296874271238053e-16,  1.388157587889706e-17, -8.093065838426050e-02, -4.338228341872187e-16,  2.776466138798200e-17, -8.862610762214536e-02, -9.367506770274756e-17,  2.775557561562891e-17,  0.000000000000000e+00, -1.006139616066548e-16,  3.469446951953614e-17,  1.665334536937735e-16, -1.040834085586084e-16, -5.551115123125783e-17,  3.330669073875470e-16, -9.367506770274756e-17, -2.081668171172168e-17,  1.665334536937735e-16, -9.714451465470120e-17, -6.938893903907228e-18,  1.110223024625157e-16, -1.387778780781446e-16,  4.163336342344337e-17,  1.665334536937735e-16, -4.163336342344337e-17,  7.216449660063518e-16
  5.665000000000000e+00, -4.633071390442833e-01,  6.020392754850420e-01,  2.465103134163937e-01, -1.290614293106409e-01,  1.377923710704335e-01, -1.013327744345638e-01,  4.336815856099443e-18, -1.127572122585855e-17, -6.297430883376369e-03, -1.509235027691939e-16,  9.541140979661683e-17, -2.017802881636883e-02, -1.058237302346717e-16, -7.633187098894351e-17, -3.563212656948354e-02, -2.064547029355114e-16, -6.592671186175994e-17, -5.126770400317612e-02, -2.949567398948797e-16, -1.041023787864281e-17, -6.613379412005019e-02, -3.053946693357354e-16, -3.470393969724266e-17, -8.093065838426056e-02, -4.407639995342142e-16,  4.164699208197299e-17, -8.862610762214541e-02, -6.591949208711867e-17, -3.469446951953614e-17,  2.220446049250313e-16, -1.318389841742373e-16, -2.775557561562891e-17,  2.220446049250313e-16, -7.285838599102590e-17,  6.938893903907228e-18,  1.665334536937735e-16, -1.006139616066548e-16, -2.081668171172169e-17,  2.220446049250313e-16, -9.714451465470117e-17,  0.000000000000000e+00,  1.110223024625156e-16, -1.040834085586084e-16,  2.081668171172168e-17,  2.220446049250313e-16, -9.020562075079397e-17,  3.885780586188048e-16
  5.670000000000000e+00, -4.619421445860913e-01,  6.045559324575758e-01,  2.469059343537560e-01, -1.292888258611338e-01,  1.364318329261733e-01, -1.070828037557782e-01, -7.979741175222975e-17,  6.245014832783197e-17, -6.297430883376396e-03, -7.112486912111437e-17,  3.296030520246763e-17, -2.017802881636879e-02, -1.301111437311537e-16, -1.040889149849230e-17, -3.563212656948350e-02, -2.567671935668544e-16, -5.725214451152836e-17, -5.126770400317598e-02, -2.324953126230228e-16, -3.470079292880938e-17, -6.613379412005008e-02, -3.990953065182906e-16,  0.000000000000000e+00, -8.093065838426078e-02, -4.060581727992367e-16, -8.329398416394599e-17, -8.862610762214525e-02, -7.632783294297951e-17, -1.387778780781446e-17,  2.775557561562891e-16, -1.318389841742373e-16,  4.163336342344336e-17,  5.551115123125781e-17, -1.318389841742373e-16, -6.938893903907228e-18,  1.665334536937735e-16, -1.318389841742373e-16,  0.000000000000000e+00,  1.110223024625157e-16, -7.285838599102590e-17,  2.081668171172169e-17,  1.110223024625157e-16, -7.285838599102590e-17, -6.938893903907228e-17,  3.330669073875470e-16, -1.179611963664229e-16,  2.220446049250313e-16
  5.675000000000000e+00, -4.605871434606114e-01,  6.071619328956294e-01,  2.472892581004970e-01, -1.291217729335783e-01,  1.352651680932529e-01, -1.129626813808723e-01, -4.163343221855465e-17, -4.857233758831376e-17, -6.297430883376341e-03, -1.023504214181890e-16,  5.724684587797010e-17, -2.017802881636879e-02, -1.197022522326614e-16, -7.633187098894351e-17, -3.563212656948343e-02, -2.116594433456503e-16, -2.255387511060208e-17, -5.126770400317603e-02, -3.261874535308081e-16,  3.470079292880937e-18, -6.613379412005017e-02, -2.811019115476655e-16, -7.981906130365811e-17, -8.093065838426033e-02, -5.483520624126444e-16, -2.776466138798199e-17, -8.862610762214546e-02, -9.714451465470117e-17,  6.938893903907227e-18,  1.110223024625156e-16, -1.040834085586084e-16, -2.081668171172169e-17,  2.220446049250313e-16, -7.632783294297950e-17, -4.163336342344336e-17,  3.885780586188047e-16, -1.283695372222837e-16,  6.938893903907228e-18,  1.110223024625157e-16, -1.040834085586084e-16, -3.469446951953614e-17,  2.775557561562891e-16, -1.595945597898663e-16,  2.775557561562891e-17,  0.000000000000000e+00, -1.040834085586084e-16,  4.440892098500626e-16
  5.680000000000000e+00, -4.592418190302687e-01,  6.098533617701668e-01,  2.476592702692803e-01, -1.285654416664700e-01,  1.342895083056179e-01, -1.189517626502447e-01, -2.775562147903643e-17, -8.326686443710930e-17, -6.297430883376313e-03, -1.040851743235820e-17, -3.816456391864673e-17, -2.017802881636869e-02, -1.682770792256255e-16,  5.030964224271277e-17, -3.563212656948354e-02, -3.036098572581049e-16, -5.551723104148204e-17, -5.126770400317601e-02, -2.914866606019987e-16, -5.899134797897593e-17, -6.613379412005008e-02, -3.852137306393934e-16, -8.675984924310663e-17, -8.093065838426049e-02, -4.407639995342141e-16, -8.329398416394598e-17, -8.862610762214518e-02, -1.075528555105620e-16,  4.163336342344336e-17,  1.665334536937735e-16, -1.006139616066548e-16, -4.857225732735059e-17,  2.775557561562891e-16, -6.938893903907228e-17, -9.020562075079397e-17,  3.885780586188048e-16, -1.630640067418199e-16,  1.110223024625157e-16, -5.551115123125783e-17, -9.714451465470117e-17,  1.387778780781445e-17,  5.551115123125781e-17, -1.110223024625156e-16, -2.081668171172168e-17,  3.330669073875469e-16, -8.326672684688673e-17,  6.661338147750939e-16
  5.685000000000000e+00, -4.579056456609759e-01,  6.126256746369295e-01,  2.480151525954344e-01, -1.276298410388969e-01,  1.334991751355062e-01, -1.250287939408125e-01, -1.179613912859049e-16,  6.418487467027175e-17, -6.297430883376438e-03, -1.006156685127959e-16,  2.949079939168156e-17, -2.017802881636876e-02, -1.179674369829127e-16, -1.179674369829127e-16, -3.563212656948334e-02, -2.342133184562524e-16, -2.255387511060208e-17, -5.126770400317601e-02, -3.261874535308081e-16, -6.593150656473782e-17, -6.613379412005008e-02, -3.227466391843568e-16, -1.353453648192464e-16, -8.093065838426028e-02, -5.101756530041692e-16, -6.247048812295949e-17, -8.862610762214530e-02, -1.040834085586084e-16,  3.469446951953614e-17,  5.551115123125783e-17, -1.630640067418199e-16,  2.081668171172169e-17,  1.665334536937735e-16, -6.591949208711867e-17, -4.163336342344337e-17,  2.775557561562891e-16, -9.714451465470117e-17, -4.163336342344336e-17,  2.220446049250313e-16, -1.318389841742373e-16, -6.938893903907228e-18,  2.775557561562891e-16, -7.632783294297951e-17,  1.387778780781446e-17,  2.220446049250313e-16, -1.110223024625156e-16,  4.996003610813203e-16
  5.690000000000000e+00, -4.565778945425015e-01,  6.154737448525953e-01,  2.483563087567134e-01, -1.263295551292766e-01,  1.328858242400657e-01, -1.311721458143913e-01, -3.295980050635577e-17,  3.295980050635577e-17, -6.297430883376410e-03, -1.058199272289750e-16,  1.040851743235820e-17, -2.017802881636879e-02, -2.012385689708511e-16, -6.071853374120507e-17, -3.563212656948348e-02, -2.845258090875956e-16, -7.980601962213046e-17, -5.126770400317605e-02, -3.053669777735225e-16, -4.511103080745218e-17, -6.613379412005009e-02, -4.060360944577391e-16, -1.041118190917280e-16, -8.093065838426028e-02, -4.372934168607164e-16, -2.082349604098650e-17, -8.862610762214525e-02, -1.214306433183765e-16, -5.551115123125783e-17,  2.220446049250313e-16, -9.367506770274758e-17, -2.081668171172169e-17,  1.110223024625157e-16, -7.285838599102590e-17, -6.938893903907228e-17,  3.885780586188048e-16, -1.665334536937735e-16,  4.857225732735060e-17,  5.551115123125783e-17, -1.526556658859590e-16, -4.163336342344337e-17,  1.110223024625157e-16, -4.510281037539698e-17, -5.551115123125783e-17,  3.885780586188048e-16, -6.938893903907228e-17,  7.771561172376094e-16
  5.695000000000000e+00, -4.552576377946123e-01,  6.183919192373197e-01,  2.486823816665807e-01, -1.246833288851805e-01,  1.324386180242963e-01, -1.373599769836502e-01, -7.632795906735017e-17,  3.642925319123531e-17, -6.297430883376436e-03, -6.939011621572134e-17,  3.816456391864674e-17, -2.017802881636868e-02, -1.370504047301486e-16, -9.714965398592808e-17, -3.563212656948339e-02, -2.290085780461135e-16, -5.551723104148205e-17, -5.126770400317596e-02, -4.059992772670697e-16, -7.287166515049968e-17, -6.613379412005005e-02, -3.158058512449082e-16, -1.492269406981434e-16, -8.093065838426033e-02, -4.789404089426894e-16, -1.110586455519280e-16, -8.862610762214525e-02, -6.938893903907228e-17, -1.387778780781446e-17,  2.220446049250313e-16, -1.283695372222837e-16,  6.938893903907228e-18,  1.665334536937735e-16, -1.318389841742373e-16,  0.000000000000000e+00,  2.220446049250313e-16, -1.526556658859590e-16,  6.938893903907228e-18,  5.551115123125783e-17, -6.938893903907227e-17, -4.163336342344336e-17,  2.775557561562891e-16, -1.353084311261910e-16,  1.387778780781446e-17,  1.665334536937735e-16, -1.734723475976807e-16,  6.661338147750939e-16
  5.700000000000000e+00, -4.539437521948970e-01,  6.213740744585076e-01,  2.489932621364003e-01, -1.227135925552403e-01,  1.321444273773084e-01, -1.435703702543663e-01,  3.469452684879555e-17, -8.326686443710932e-17, -6.297430883376300e-03, -1.353107266206566e-16, -2.949079939168157e-17, -2.017802881636879e-02, -2.272607977170818e-16, -1.214370674824101e-17, -3.563212656948340e-02, -2.428878858064839e-16, -4.857757716129679e-17, -5.126770400317601e-02, -2.949567398948797e-16, -8.675198232202343e-17, -6.613379412005002e-02, -4.407400341549817e-16, -5.899669748531251e-17, -8.093065838426038e-02, -4.477051648812097e-16, -1.388233069399100e-16, -8.862610762214514e-02, -9.714451465470120e-17, -6.938893903907228e-18,  2.220446049250313e-16, -1.006139616066548e-16, -5.551115123125783e-17,  3.885780586188048e-16, -1.283695372222837e-16, -1.387778780781446e-17,  1.665334536937735e-16, -1.075528555105620e-16,  6.938893903907228e-18,  2.220446049250313e-16, -1.804112415015879e-16,  4.857225732735060e-17, -5.551115123125783e-17, -9.367506770274758e-17, -5.551115123125783e-17,  3.330669073875470e-16, -1.179611963664229e-16,  7.771561172376096e-16
  5.705000000000000e+00, -4.526349195193549e-01,  6.244136700871665e-01,  2.492890834488987e-01, -1.204459753888564e-01,  1.319880978682267e-01, -1.497814664376030e-01,  0.000000000000000e+00, -6.938905369759108e-18, -6.297430883376299e-03, -9.541140979661685e-17, -4.683832844561191e-17, -2.017802881636879e-02, -2.081778299698459e-16, -1.561333724773845e-17, -3.563212656948343e-02, -2.463577127465766e-16, -5.204740410138941e-17, -5.126770400317589e-02, -3.053669777735225e-16, -4.164095151457124e-17, -6.613379412005001e-02, -4.060360944577391e-16, -1.804604864256618e-16, -8.093065838426045e-02, -4.546463302282052e-16, -1.318821415929145e-16, -8.862610762214519e-02, -4.857225732735060e-17, -6.245004513516506e-17,  3.885780586188048e-16, -9.714451465470120e-17, -6.938893903907228e-18,  1.665334536937735e-16, -1.595945597898663e-16, -2.081668171172169e-17,  1.665334536937735e-16, -9.714451465470117e-17, -2.081668171172168e-17,  1.665334536937735e-16, -1.006139616066548e-16, -6.938893903907228e-17,  3.330669073875470e-16, -1.630640067418199e-16,  1.387778780781446e-17,  5.551115123125783e-17, -1.249000902703301e-16,  8.326672684688674e-16
  5.710000000000000e+00, -4.513296267843255e-01,  6.275038064436715e-01,  2.495701995259733e-01, -1.179088205060122e-01,  1.319527650009178e-01, -1.559716228095631e-01, -9.194049614930816e-17,  8.847104346442860e-17, -6.297430883376436e-03, -4.510357554021886e-17, -8.500289236425863e-17, -2.017802881636873e-02, -2.706311789607997e-16,  6.071853374120506e-17, -3.563212656948345e-02, -1.943103086451872e-16, -1.283835967834272e-16, -5.126770400317593e-02, -2.359653919159037e-16, -1.700338853511659e-16, -6.613379412004995e-02, -4.997367316402943e-16, -9.023024321283092e-17, -8.093065838426050e-02, -4.615874955752007e-16, -1.457644722869055e-16, -8.862610762214514e-02, -1.283695372222837e-16,  2.081668171172169e-17,  5.551115123125783e-17, -9.714451465470120e-17, -3.469446951953614e-17,  2.775557561562891e-16, -1.318389841742373e-16, -4.163336342344337e-17,  3.885780586188048e-16, -1.075528555105620e-16,  2.081668171172169e-17,  1.665334536937735e-16, -4.510281037539697e-17, -2.081668171172168e-17,  1.665334536937735e-16, -1.283695372222837e-16, -4.163336342344337e-17,  2.775557561562891e-16, -1.665334536937735e-16,  6.106226635438361e-16
  5.715000000000000e+00, -4.500261789966011e-01,  6.306372947703154e-01,  2.498371533160206e-01, -1.151327054742743e-01,  1.320201752129306e-01, -1.621195914389947e-01, -2.428616879415688e-17,  3.469452684879554e-18, -6.297430883376354e-03, -5.898159878336313e-17, -1.127589388505472e-16, -2.017802881636868e-02, -2.463437654643176e-16,  2.255259824673331e-17, -3.563212656948364e-02, -2.359482319262987e-16, -9.715515432259357e-17, -5.126770400317589e-02, -2.810764227233559e-16, -1.457433303009994e-16, -6.613379412004997e-02, -3.990953065182906e-16, -1.561677286375920e-16, -8.093065838426022e-02, -4.546463302282052e-16, -1.318821415929145e-16, -8.862610762214525e-02, -1.040834085586084e-16, -2.081668171172169e-17,  2.220446049250313e-16, -1.040834085586084e-16,  0.000000000000000e+00,  1.110223024625157e-16, -6.591949208711867e-17, -2.081668171172169e-17,  2.220446049250313e-16, -1.040834085586084e-16,  6.938893903907228e-18,  2.220446049250313e-16, -1.526556658859590e-16,  6.938893903907228e-18,  1.110223024625157e-16, -4.857225732735060e-17, -9.020562075079397e-17,  5.551115123125783e-16, -7.632783294297951e-17,  6.106226635438361e-16
  5.720000000000000e+00, -4.487227308087726e-01,  6.338067345320837e-01,  2.500906448482579e-01, -1.121499514267795e-01,  1.321710040174494e-01, -1.682046696265661e-01,  5.204179027319332e-18, -3.989870587611487e-17, -6.297430883376410e-03, -1.040851743235820e-16,  0.000000000000000e+00, -2.017802881636876e-02, -1.040889149849229e-16, -1.734815249748716e-16, -3.563212656948328e-02, -2.741163282673177e-16, -5.898705798157469e-17, -5.126770400317616e-02, -3.365976914094509e-16, -5.205118939321406e-17, -6.613379412005013e-02, -3.366282150632539e-16, -1.179933949706251e-16, -8.093065838426035e-02, -4.824109916161873e-16, -1.596468029808965e-16, -8.862610762214521e-02, -1.006139616066548e-16, -2.775557561562891e-17,  2.220446049250313e-16, -9.714451465470120e-17, -1.387778780781446e-17,  1.665334536937735e-16, -1.144917494144692e-16,  2.081668171172168e-17,  2.220446049250313e-16, -2.775557561562891e-17,  0.000000000000000e+00,  0.000000000000000e+00, -1.006139616066548e-16, -6.938893903907227e-17,  3.330669073875469e-16, -1.006139616066548e-16, -3.469446951953614e-17,  2.220446049250313e-16, -1.734723475976807e-16,  6.106226635438361e-16
  5.725000000000000e+00, -4.474173308627969e-01,  6.370045897270025e-01,  2.503315013678784e-01, -1.089940966534514e-01,  1.323851743350153e-01, -1.742067994364446e-01, -1.006141278615070e-16,  2.428616879415687e-17, -6.297430883376408e-03,  1.734752905393034e-18, -9.194190398583078e-17, -2.017802881636871e-02, -1.387852199798973e-16, -9.368002348643070e-17, -3.563212656948343e-02, -2.498275396866692e-16, -6.245688492166730e-17, -5.126770400317603e-02, -3.123071363592843e-16, -1.214527752508328e-16, -6.613379412005001e-02, -4.095064884274634e-16, -6.593748542476106e-17, -8.093065838426067e-02, -3.297053539822862e-16, -2.290584564508515e-16, -8.862610762214519e-02, -1.318389841742373e-16, -4.163336342344336e-17,  2.775557561562891e-16, -7.285838599102589e-17, -3.469446951953614e-17,  2.220446049250313e-16, -1.838806884535416e-16,  4.857225732735060e-17, -5.551115123125783e-17, -4.510281037539698e-17, -6.245004513516506e-17,  3.885780586188048e-16, -9.367506770274758e-17, -2.775557561562891e-17,  1.110223024625157e-16, -1.214306433183765e-16, -2.081668171172169e-17,  5.551115123125783e-17, -1.665334536937735e-16,  6.106226635438361e-16
  5.730000000000000e+00, -4.461079703106104e-01,  6.402232634771751e-01,  2.505606449868472e-01, -1.056993306948210e-01,  1.326421629350499e-01, -1.801066370970872e-01,  8.673631712198885e-18, -4.683761124587398e-17, -6.297430883376299e-03, -8.500289236425866e-17, -1.734752905393034e-18, -2.017802881636871e-02, -1.665422639758768e-16, -5.204445749246149e-17, -3.563212656948345e-02, -2.532973666267618e-16, -9.021550044240832e-17, -5.126770400317603e-02, -2.914866606019987e-16, -7.634174444338061e-17, -6.613379412005012e-02, -3.262170331540810e-16, -1.561677286375920e-16, -8.093065838426045e-02, -3.644111807172636e-16, -1.596468029808965e-16, -8.862610762214512e-02, -9.714451465470116e-17,  1.387778780781445e-17,  1.110223024625156e-16, -1.283695372222837e-16, -4.163336342344336e-17,  0.000000000000000e+00, -9.367506770274756e-17, -1.387778780781445e-17,  4.440892098500625e-16, -8.673617379884033e-17, -3.469446951953614e-17,  2.220446049250313e-16, -1.318389841742373e-16, -6.938893903907228e-18,  0.000000000000000e+00, -9.714451465470120e-17, -4.163336342344337e-17,  3.330669073875470e-16, -1.595945597898663e-16,  6.661338147750939e-16
  5.735000000000000e+00, -4.447926302625681e-01,  6.434551740268561e-01,  2.507790552675137e-01, -1.022999123043927e-01,  1.329212917395114e-01, -1.858856146838875e-01, -6.591960101271154e-17,  2.949034782147622e-17, -6.297430883376411e-03, -5.204258716179100e-17, -5.551209297257707e-17, -2.017802881636871e-02, -1.387852199798973e-16, -2.775704399597946e-17, -3.563212656948351e-02, -2.637068474470397e-16, -5.551723104148204e-17, -5.126770400317614e-02, -2.186149954514990e-16, -1.630937267654040e-16, -6.613379412005006e-02, -3.990953065182905e-16, -7.634866733393384e-17, -8.093065838426060e-02, -3.678817633907614e-16, -1.735291336748875e-16, -8.862610762214525e-02, -1.526556658859590e-16,  3.469446951953614e-17, -1.110223024625156e-16, -7.285838599102590e-17, -6.245004513516506e-17,  4.440892098500626e-16, -1.006139616066548e-16, -4.857225732735059e-17,  2.220446049250313e-16, -1.110223024625156e-16,  2.081668171172168e-17,  0.000000000000000e+00, -8.673617379884033e-17,  0.000000000000000e+00,  1.110223024625156e-16, -8.326672684688674e-17, -5.551115123125783e-17,  4.440892098500626e-16, -1.665334536937735e-16,  4.440892098500626e-16
  5.740000000000000e+00, -4.434693235253566e-01,  6.466928319210928e-01,  2.509877296281076e-01, -9.882962839982323e-02,  1.332020233301610e-01, -1.915260098063776e-01, -3.642925319123533e-17,  5.377651661563309e-17, -6.297430883376355e-03, -8.673764526965166e-17, -6.765536331032830e-17, -2.017802881636882e-02, -1.353155894803998e-16, -8.153631673818965e-17, -3.563212656948339e-02, -2.116594433456503e-16, -3.990300981106522e-17, -5.126770400317618e-02, -3.470079292880937e-16, -5.552126868609499e-17, -6.613379412005023e-02, -2.880426994871141e-16, -1.388157587889706e-16, -8.093065838426045e-02, -4.025875901257389e-16, -1.457644722869055e-16, -8.862610762214547e-02, -4.857225732735060e-17, -6.245004513516506e-17,  3.330669073875470e-16, -1.561251128379126e-16,  1.387778780781445e-17,  0.000000000000000e+00, -1.006139616066548e-16, -6.938893903907227e-18,  1.110223024625156e-16, -5.204170427930421e-17, -1.387778780781446e-17,  2.220446049250313e-16, -6.245004513516504e-17, -7.632783294297950e-17,  3.330669073875469e-16, -1.283695372222837e-16,  4.163336342344336e-17,  0.000000000000000e+00, -1.457167719820518e-16,  3.330669073875470e-16
  5.745000000000000e+00, -4.421361272054918e-01,  6.499289154534990e-01,  2.511876444641985e-01, -9.532133208603327e-02,  1.334642709868186e-01, -1.970110327456157e-01, -9.194049614930820e-17,  7.979741175222976e-17, -6.297430883376494e-03, -4.857308135100493e-17, -8.153338655347257e-17, -2.017802881636873e-02, -1.873600469728613e-16,  3.990075074422047e-17, -3.563212656948361e-02, -1.283835967834273e-16, -1.387930776037052e-16, -5.126770400317613e-02, -2.810764227233559e-16, -9.022206161490438e-17, -6.613379412005008e-02, -3.574505788815993e-16, -1.179933949706250e-16, -8.093065838426065e-02, -3.609405980437660e-16, -9.717631485793698e-17, -8.862610762214547e-02, -8.673617379884033e-17,  0.000000000000000e+00,  2.220446049250313e-16, -9.714451465470117e-17, -3.469446951953614e-17,  1.110223024625156e-16, -9.367506770274756e-17, -2.081668171172168e-17,  2.220446049250313e-16, -6.245004513516506e-17,  2.775557561562891e-17,  0.000000000000000e+00, -1.249000902703301e-16, -3.469446951953614e-17,  3.330669073875469e-16, -5.551115123125781e-17, -1.387778780781445e-17,  0.000000000000000e+00, -1.387778780781445e-16,  5.551115123125783e-16
  5.750000000000000e+00, -4.407912043983180e-01,  6.531563441131397e-01,  2.513797177362088e-01, -9.180653826060263e-02,  1.336886973547862e-01, -2.023249185399882e-01, -4.336815856099443e-17,  8.153213809466952e-17, -6.297430883376354e-03, -9.020715108043774e-17, -2.255178777010943e-17, -2.017802881636890e-02, -1.075585454844204e-16, -4.163556599396919e-17, -3.563212656948348e-02, -1.734913470046314e-16, -1.301185102534735e-16, -5.126770400317617e-02, -2.810764227233559e-16, -3.470079292880937e-17, -6.613379412005040e-02, -2.533387597898714e-16, -1.874012743651103e-16, -8.093065838426060e-02, -3.192936059617930e-16, -1.561762203073987e-16, -8.862610762214553e-02, -6.245004513516506e-17,  1.040834085586084e-17,  2.220446049250313e-16, -1.040834085586084e-16, -1.387778780781446e-17,  2.220446049250313e-16, -1.526556658859590e-16,  4.510281037539698e-17, -1.110223024625157e-16, -1.179611963664229e-16, -2.081668171172169e-17,  1.110223024625157e-16, -2.775557561562891e-17, -8.326672684688674e-17,  4.440892098500626e-16, -5.551115123125783e-17, -3.469446951953614e-18,  2.220446049250313e-16, -1.387778780781445e-16,  3.330669073875470e-16
  5.755000000000000e+00, -4.394328155599784e-01,  6.563683504307857e-01,  2.515647751265397e-01, -8.831504639328841e-02,  1.338569740380826e-01, -2.074530085321834e-01, -2.428616879415688e-17,  1.734726342439777e-17, -6.297430883376327e-03, -1.162284446613333e-16,  0.000000000000000e+00, -2.017802881636893e-02, -1.526637419778870e-16,  3.643112024472303e-17, -3.563212656948370e-02, -9.368532738250095e-17, -1.856357412949556e-16, -5.126770400317601e-02, -2.498457090874275e-16, -1.388031717152375e-16, -6.613379412005017e-02, -3.574505788815994e-16, -2.082236381834559e-17, -8.093065838426095e-02, -3.401171020027795e-16, -1.006468975314347e-16, -8.862610762214558e-02, -2.081668171172169e-17, -8.673617379884035e-17,  3.330669073875470e-16, -1.249000902703301e-16,  6.938893903907228e-18, -1.110223024625157e-16, -6.938893903907228e-17,  2.775557561562891e-17,  2.220446049250313e-16, -7.632783294297951e-17, -4.163336342344337e-17,  0.000000000000000e+00, -6.938893903907228e-17, -5.204170427930421e-17,  4.440892098500626e-16, -9.714451465470120e-17,  3.122502256758253e-17,  0.000000000000000e+00, -1.006139616066548e-16,  5.551115123125783e-16
  5.760000000000000e+00, -4.380593220390570e-01,  6.595585505383598e-01,  2.517435219876786e-01, -8.487456243973479e-02,  1.339519907577933e-01, -2.123818174175449e-01,  5.204179027319330e-18, -4.163343221855464e-17, -6.297430883376297e-03, -1.144936917559402e-16, -6.939011621572135e-18, -2.017802881636893e-02, -9.368002348643068e-17, -5.377927274221020e-17, -3.563212656948351e-02, -1.804310008848167e-16, -1.214439429032420e-17, -5.126770400317629e-02, -2.290252333301419e-16, -7.634174444338063e-17, -6.613379412005024e-02, -2.602795477293200e-16, -5.205590954586400e-17, -8.093065838426090e-02, -3.192936059617930e-16, -1.179998108989235e-16, -8.862610762214564e-02, -1.387778780781446e-17, -2.775557561562891e-17,  3.330669073875470e-16, -1.526556658859590e-16,  6.938893903907228e-18,  1.110223024625157e-16, -6.938893903907228e-18, -2.775557561562891e-17,  0.000000000000000e+00, -1.110223024625157e-16,  3.469446951953614e-18,  0.000000000000000e+00, -4.163336342344336e-17, -3.469446951953614e-17,  1.110223024625156e-16, -4.857225732735059e-17, -3.469446951953613e-18,  1.110223024625156e-16, -8.673617379884035e-17,  3.330669073875470e-16
  5.765000000000000e+00, -4.366691822836190e-01,  6.627210161577810e-01,  2.519165215312811e-01, -8.151029309763320e-02,  1.339579894828758e-01, -2.170990800345046e-01, -3.469452684879555e-18, -6.938905369759110e-18, -6.297430883376383e-03, -5.551209297257707e-17,  5.377734006718404e-17, -2.017802881636890e-02, -1.214370674824102e-16, -3.816593549447176e-17, -3.563212656948360e-02, -1.665516931244462e-16, -7.807110615208415e-17, -5.126770400317624e-02, -2.220850747443800e-16, -6.940158585761874e-18, -6.613379412005062e-02, -2.221052140623530e-16, -1.353453648192464e-16, -8.093065838426078e-02, -2.707054485328245e-16, -1.214703935724213e-16, -8.862610762214537e-02, -1.110223024625157e-16, -6.938893903907228e-18,  1.110223024625157e-16, -6.938893903907227e-17, -6.938893903907227e-18,  0.000000000000000e+00, -3.469446951953614e-17, -4.510281037539697e-17,  0.000000000000000e+00, -1.110223024625157e-16, -1.387778780781446e-17,  2.220446049250313e-16, -6.938893903907228e-18, -3.469446951953614e-18,  2.220446049250313e-16, -6.245004513516506e-17, -1.387778780781446e-17,  1.110223024625157e-16, -8.326672684688674e-17,  2.220446049250313e-16
  5.770000000000000e+00, -4.352609402258144e-01,  6.658503454992886e-01,  2.520841808710894e-01, -7.824454956396616e-02,  1.338606120531314e-01, -2.215937863974946e-01, -1.908198976683754e-17, -1.127572122585855e-16, -6.297430883376325e-03, -6.245110459414920e-17,  3.122555229707460e-17, -2.017802881636884e-02, -1.144978064834152e-16,  5.204445749246147e-18, -3.563212656948366e-02, -9.368532738250095e-17, -1.110344620829641e-16, -5.126770400317628e-02, -1.873842818155706e-16, -1.110425373721900e-16, -6.613379412005047e-02, -2.498683658201471e-16, -7.634866733393385e-17, -8.093065838426078e-02, -2.984701099208065e-16, -6.941165346995500e-17, -8.862610762214591e-02, -2.775557561562891e-17, -5.898059818321144e-17,  4.440892098500626e-16, -1.110223024625157e-16,  5.551115123125783e-17,  0.000000000000000e+00, -2.081668171172169e-17, -4.163336342344337e-17,  2.220446049250313e-16, -6.938893903907228e-17, -3.122502256758253e-17,  3.330669073875470e-16, -7.632783294297951e-17,  3.122502256758253e-17,  0.000000000000000e+00, -1.387778780781446e-17, -2.775557561562891e-17,  1.110223024625157e-16, -1.214306433183765e-16,  5.551115123125783e-16
  5.775000000000000e+00, -4.338332106448914e-01,  6.689417252627360e-01,  2.522467463927515e-01, -7.509642757605083e-02,  1.336468974110920e-01, -2.258562363777849e-01, -3.469452684879553e-17,  3.989870587611487e-17, -6.297430883376436e-03, -4.510357554021887e-17, -5.030783425639797e-17, -2.017802881636882e-02, -7.286224048944608e-17, -3.469630499497433e-18, -3.563212656948365e-02, -1.526723853640756e-16, -1.214439429032420e-17, -5.126770400317646e-02, -1.769740439369278e-16, -1.145126166650709e-16, -6.613379412005034e-02, -2.221052140623530e-16, -2.082236381834559e-17, -8.093065838426088e-02, -2.915289445738109e-16, -5.552932277596398e-17, -8.862610762214607e-02, -6.938893903907227e-18, -7.632783294297950e-17,  3.330669073875469e-16, -8.326672684688674e-17,  1.734723475976807e-17,  1.110223024625157e-16, -2.775557561562891e-17, -3.122502256758253e-17,  2.220446049250313e-16, -4.163336342344336e-17, -3.469446951953613e-18, -1.110223024625156e-16, -5.551115123125783e-17,  0.000000000000000e+00,  2.220446049250313e-16, -6.245004513516506e-17, -3.816391647148976e-17,  1.110223024625157e-16, -5.898059818321143e-17,  3.330669073875470e-16
  5.780000000000000e+00, -4.323846898679993e-01,  6.719909920439906e-01,  2.524043044372012e-01, -7.208154671887680e-02,  1.333053088177436e-01, -2.298781609013911e-01,  1.387781073951822e-17, -1.734726342439777e-18, -6.297430883376327e-03, -5.551209297257707e-17,  2.428654067550247e-17, -2.017802881636887e-02, -1.110281759839178e-16,  2.255259824673331e-17, -3.563212656948378e-02, -9.368532738250097e-17, -1.179741159631494e-16, -5.126770400317612e-02, -1.665638060582850e-16, -7.634174444338063e-17, -6.613379412005063e-02, -2.151644261229045e-16, -5.205590954586399e-17, -8.093065838426106e-02, -2.012937950628695e-16, -7.982340149044824e-17, -8.862610762214597e-02, -6.245004513516506e-17, -3.122502256758253e-17,  4.440892098500626e-16, -5.551115123125783e-17, -4.510281037539698e-17,  0.000000000000000e+00, -4.857225732735060e-17,  1.040834085586084e-17,  1.110223024625157e-16, -5.551115123125781e-17, -6.938893903907227e-18,  2.220446049250313e-16,  0.000000000000000e+00, -2.081668171172169e-17, -1.110223024625157e-16, -1.040834085586084e-16,  4.163336342344337e-17,  0.000000000000000e+00, -8.673617379884035e-17,  5.551115123125783e-16
  5.785000000000000e+00, -4.309142281870633e-01,  6.749947147045384e-01,  2.525567810636239e-01, -6.921177861820847e-02,  1.328258640402446e-01, -2.336529296360875e-01,  2.428616879415688e-17, -5.377651661563309e-17, -6.297430883376327e-03, -6.592061040493527e-17,  1.734752905393033e-18, -2.017802881636890e-02, -9.714965398592809e-17,  5.204445749246147e-17, -3.563212656948384e-02, -1.040948082027788e-16, -5.204740410138940e-17, -5.126770400317638e-02, -1.457433303009993e-16, -6.940158585761874e-17, -6.613379412005056e-02, -1.874012743651104e-16, -1.145230010009008e-16, -8.093065838426089e-02, -1.943526297158740e-16, -2.776466138798200e-17, -8.862610762214586e-02,  0.000000000000000e+00, -5.551115123125783e-17,  0.000000000000000e+00, -5.551115123125783e-17,  3.469446951953614e-18,  1.110223024625157e-16, -5.551115123125783e-17, -1.734723475976807e-17,  4.440892098500626e-16, -7.632783294297951e-17,  3.816391647148976e-17, -1.110223024625157e-16, -2.081668171172169e-17, -2.081668171172169e-17,  3.330669073875470e-16, -4.857225732735060e-17,  3.469446951953614e-18,  1.110223024625157e-16, -7.285838599102590e-17,  3.330669073875470e-16
  5.790000000000000e+00, -4.294209331662324e-01,  6.779502846210052e-01,  2.527039449620305e-01, -6.649500092459060e-02,  1.322002857633354e-01, -2.371757502566794e-01,  2.775562147903643e-17, -7.979741175222973e-17, -6.297430883376408e-03, -4.857308135100492e-17,  1.734752905393033e-17, -2.017802881636884e-02, -5.898371849145636e-17, -5.377927274221020e-17, -3.563212656948379e-02, -1.145042890230567e-16, -1.040948082027788e-17, -5.126770400317633e-02, -1.526834888867612e-16, -2.602559469660703e-17, -6.613379412005090e-02, -1.908716683348347e-16, -3.470393969724267e-17, -8.093065838426118e-02, -1.804702990218830e-16, -6.941165346995501e-17, -8.862610762214565e-02, -3.469446951953614e-17,  2.081668171172169e-17, -1.110223024625157e-16, -4.857225732735060e-17, -2.775557561562891e-17,  3.330669073875470e-16, -2.775557561562891e-17, -3.469446951953614e-18,  0.000000000000000e+00, -3.469446951953614e-17, -2.775557561562891e-17,  1.110223024625157e-16, -4.163336342344337e-17, -2.428612866367530e-17,  1.110223024625157e-16, -4.857225732735060e-17, -1.387778780781446e-17,  3.330669073875470e-16, -4.163336342344336e-17,  4.440892098500626e-16
  5.795000000000000e+00, -4.279042199360300e-01,  6.808559641646733e-01,  2.528454260475702e-01, -6.393501617961375e-02,  1.314219884200234e-01, -2.404437315084819e-01,  3.122507416391599e-17, -1.040835805463866e-17, -6.297430883376299e-03, -6.939011621572134e-17,  5.551209297257707e-17, -2.017802881636901e-02, -7.286224048944607e-17,  1.734815249748716e-18, -3.563212656948378e-02, -4.857757716129679e-17, -8.501076003226938e-17, -5.126770400317650e-02, -1.110425373721900e-16, -1.006322994935472e-16, -6.613379412005047e-02, -1.457565467284192e-16,  4.164472763669119e-17, -8.093065838426156e-02, -1.249409762459190e-16, -9.023514951094146e-17, -8.862610762214568e-02, -3.469446951953614e-17, -6.938893903907228e-18,  0.000000000000000e+00, -2.775557561562891e-17, -6.591949208711867e-17,  3.330669073875470e-16, -4.857225732735060e-17, -2.081668171172169e-17,  1.110223024625157e-16, -1.387778780781446e-17,  3.122502256758253e-17,  0.000000000000000e+00, -6.938893903907228e-17,  0.000000000000000e+00,  1.110223024625157e-16, -3.469446951953614e-17,  2.428612866367530e-17, -2.220446049250313e-16, -9.367506770274758e-17,  0.000000000000000e+00
  5.800000000000000e+00, -4.263637846788602e-01,  6.837108706401560e-01,  2.529807549191939e-01, -6.153169251339172e-02,  1.304858982480532e-01, -2.434558241610622e-01, -1.387781073951821e-17,  6.505223784149163e-17, -6.297430883376491e-03,  6.939011621572133e-18,  2.602129358089550e-17, -2.017802881636896e-02, -1.006192844854255e-16,  4.510519649346663e-17, -3.563212656948390e-02, -7.633619268203782e-17, -6.072197145162100e-17, -5.126770400317629e-02, -1.214527752508328e-16, -2.949567398948796e-17, -6.613379412005073e-02, -1.249341829100736e-16, -7.634866733393385e-17, -8.093065838426100e-02, -1.457644722869055e-16,  6.941165346995501e-18, -8.862610762214615e-02, -3.469446951953614e-17, -1.387778780781445e-17, -1.110223024625156e-16, -3.469446951953614e-17, -6.938893903907227e-18,  1.110223024625156e-16, -5.551115123125781e-17, -1.734723475976807e-17,  1.110223024625156e-16, -2.775557561562891e-17,  3.469446951953614e-18,  1.110223024625157e-16,  0.000000000000000e+00, -2.775557561562891e-17,  2.220446049250313e-16, -3.469446951953614e-17, -6.938893903907228e-18,  1.110223024625157e-16, -1.734723475976807e-17,  4.440892098500626e-16
  5.805000000000000e+00, -4.247995197396823e-01,  6.865149534711640e-01,  2.531094157219888e-01, -5.928142342111142e-02,  1.293882819719095e-01, -2.462118795686814e-01, -3.469452684879554e-17, -4.510288490343421e-17, -6.297430883376216e-03, -1.353107266206566e-16, -5.204258716179100e-18, -2.017802881636865e-02, -2.289956129668306e-16, -5.724890324170764e-17, -3.563212656948306e-02, -3.296335593087997e-16, -9.021550044240834e-17, -5.126770400317551e-02, -4.788709424175693e-16,  1.735039646440468e-17, -6.613379412004973e-02, -5.483222472164341e-16, -1.006414251220037e-16, -8.093065838425990e-02, -5.969402198416130e-16, -4.164699208197299e-17, -8.862610762214453e-02, -1.804112415015880e-16, -2.775557561562892e-17,  4.440892098500627e-16, -1.110223024625157e-16, -7.979727989493313e-17,  4.440892098500626e-16, -1.942890293094024e-16, -1.387778780781446e-17,  2.220446049250313e-16, -1.249000902703301e-16, -3.816391647148976e-17,  6.661338147750939e-16, -1.804112415015879e-16, -1.040834085586084e-17,  0.000000000000000e+00, -1.595945597898663e-16,  1.387778780781446e-17,  2.220446049250313e-16, -1.665334536937735e-16,  5.551115123125783e-16
  5.810000000000000e+00, -4.232115614968242e-01,  6.892687492415790e-01,  2.532309099421703e-01, -5.717688875002740e-02,  1.281264632906727e-01, -2.487160362617095e-01, -5.551124295807288e-17,  8.673631712198886e-18, -6.297430883376439e-03, -1.040851743235820e-16, -3.816456391864674e-17, -2.017802881636843e-02, -2.255259824673331e-16, -3.469630499497433e-18, -3.563212656948329e-02, -2.810559821475028e-16, -1.058297216728251e-16, -5.126770400317567e-02, -4.094693565599506e-16, -4.164095151457125e-17, -6.613379412004952e-02, -4.858551557613972e-16,  3.470393969724266e-17, -8.093065838426021e-02, -6.108225505356038e-16,  6.594107079645723e-17, -8.862610762214507e-02, -1.526556658859590e-16, -5.898059818321144e-17,  3.330669073875470e-16, -1.387778780781446e-16,  0.000000000000000e+00,  2.220446049250313e-16, -1.942890293094024e-16,  4.510281037539698e-17,  0.000000000000000e+00, -9.714451465470120e-17, -9.714451465470120e-17,  6.661338147750939e-16, -1.595945597898663e-16,  1.040834085586084e-17,  0.000000000000000e+00, -1.457167719820518e-16, -4.163336342344337e-17,  6.661338147750939e-16, -1.179611963664229e-16,  3.330669073875470e-16
  5.815000000000000e+00, -4.216001006046626e-01,  6.919735342912584e-01,  2.533447906004391e-01, -5.520851011094003e-02,  1.266988580291987e-01, -2.509712994424065e-01, -6.245014832783196e-17,  3.989870587611487e-17, -6.297430883376353e-03, -7.979863364807954e-17, -8.153338655347257e-17, -2.017802881636859e-02, -2.185867214683383e-16,  3.816593549447176e-17, -3.563212656948351e-02, -2.671766743871323e-16, -1.561422123041682e-17, -5.126770400317578e-02, -3.712984843382602e-16,  4.164095151457124e-17, -6.613379412005006e-02, -4.129768823971875e-16, -3.123354572751839e-17, -8.093065838425993e-02, -4.997639049836759e-16,  2.429407871448424e-17, -8.862610762214485e-02, -1.387778780781446e-16, -3.469446951953614e-17,  4.440892098500626e-16, -1.179611963664229e-16, -1.387778780781446e-17, -1.110223024625157e-16, -1.804112415015879e-16,  4.510281037539697e-17,  2.220446049250313e-16, -1.179611963664229e-16, -3.816391647148976e-17,  2.220446049250313e-16, -1.526556658859590e-16, -1.387778780781446e-17,  2.220446049250313e-16, -9.714451465470117e-17, -4.510281037539697e-17,  5.551115123125782e-16, -6.245004513516504e-17,  3.330669073875470e-16
  5.820000000000000e+00, -4.199654814532847e-01,  6.946310517792902e-01,  2.534506985341334e-01, -5.336431996780223e-02,  1.251047882364054e-01, -2.529831621571117e-01, -1.040835805463866e-17, -2.168407928049721e-17, -6.297430883376354e-03, -1.249022091882984e-16,  4.076669327673629e-17, -2.017802881636882e-02, -1.387852199798973e-16, -4.337038124371791e-17, -3.563212656948334e-02, -2.706465013272250e-16,  8.327584656222309e-17, -5.126770400317623e-02, -3.435378499952128e-16,  3.990591186813078e-17, -6.613379412004997e-02, -3.990953065182905e-16,  2.776315175779412e-17, -8.093065838426043e-02, -4.234110861667254e-16,  4.164699208197299e-17, -8.862610762214508e-02, -1.387778780781446e-16,  0.000000000000000e+00,  0.000000000000000e+00, -1.387778780781446e-16, -1.040834085586084e-17,  2.220446049250313e-16, -1.040834085586084e-16, -4.510281037539697e-17,  5.551115123125782e-16, -1.457167719820518e-16, -1.040834085586084e-17,  1.110223024625156e-16, -1.110223024625157e-16,  2.081668171172169e-17,  1.110223024625157e-16, -9.020562075079394e-17, -7.632783294297950e-17,  5.551115123125782e-16,  4.163336342344336e-17,  6.661338147750939e-16
  5.825000000000000e+00, -4.183081806203924e-01,  6.972434439595656e-01,  2.535483811400893e-01, -5.163077243010893e-02,  1.233444770448089e-01, -2.547586746410768e-01, -2.775562147903643e-17,  2.602089513659666e-18, -6.297430883376382e-03, -8.673764526965166e-17,  2.428654067550247e-17, -2.017802881636887e-02, -1.214370674824101e-16, -6.245334899095378e-17, -3.563212656948328e-02, -2.706465013272250e-16,  9.889006779263991e-17, -5.126770400317612e-02, -2.776063434304750e-16,  3.123071363592844e-17, -6.613379412005008e-02, -3.574505788815994e-16,  6.246709145503678e-17, -8.093065838426039e-02, -3.401171020027795e-16,  2.776466138798200e-17, -8.862610762214530e-02, -1.526556658859590e-16,  1.387778780781446e-17,  1.110223024625157e-16, -1.110223024625157e-16, -4.163336342344337e-17,  2.220446049250313e-16, -1.040834085586084e-16,  3.469446951953614e-18,  2.220446049250313e-16, -1.526556658859590e-16,  5.898059818321143e-17,  0.000000000000000e+00, -6.938893903907227e-17, -2.428612866367529e-17,  3.330669073875469e-16, -1.318389841742373e-16,  3.122502256758252e-17,  1.110223024625156e-16, -2.775557561562891e-17,  6.661338147750938e-16
  5.830000000000000e+00, -4.166288144976813e-01,  6.998131438593814e-01,  2.536377005616093e-01, -4.999334190840767e-02,  1.214190211251042e-01, -2.563064146220691e-01,  0.000000000000000e+00, -6.591960101271154e-17, -6.297430883376216e-03, -1.040851743235820e-16,  2.168441131741292e-17, -2.017802881636888e-02, -1.422548504793947e-16,  1.908296774723588e-17, -3.563212656948350e-02, -1.839008278249093e-16,  2.949352899078733e-17, -5.126770400317623e-02, -2.671961055518321e-16,  6.940158585761874e-17, -6.613379412005012e-02, -2.984538813962869e-16,  7.981906130365811e-17, -8.093065838426067e-02, -3.887052594317479e-16,  1.527056376339010e-16, -8.862610762214536e-02, -1.318389841742373e-16, -3.469446951953614e-17,  1.110223024625157e-16, -1.040834085586084e-16,  2.775557561562891e-17,  0.000000000000000e+00, -1.179611963664229e-16, -3.469446951953614e-18,  4.440892098500626e-16, -1.110223024625157e-16,  0.000000000000000e+00,  0.000000000000000e+00, -1.318389841742373e-16, -1.387778780781445e-17,  1.110223024625156e-16, -1.179611963664229e-16,  0.000000000000000e+00,  1.110223024625157e-16,  0.000000000000000e+00,  7.771561172376096e-16
  5.835000000000000e+00, -4.149281420632650e-01,  7.023427751499326e-01,  2.537186286677441e-01, -4.843702390328143e-02,  1.193303502409952e-01, -2.576363902686523e-01, -3.469452684879555e-17,  3.209243733513588e-17, -6.297430883376383e-03, -8.326813945886560e-17,  5.551209297257707e-17, -2.017802881636882e-02, -9.714965398592808e-17,  3.469630499497432e-18, -3.563212656948356e-02, -2.047197894654650e-16,  9.021550044240832e-17, -5.126770400317623e-02, -1.977945196942134e-16,  5.725630833253545e-17, -6.613379412005034e-02, -2.949834874265626e-16,  1.613733195921784e-16, -8.093065838426095e-02, -2.984701099208065e-16,  8.676456683744373e-17, -8.862610762214525e-02, -9.714451465470120e-17,  1.040834085586084e-17,  1.110223024625157e-16, -9.714451465470117e-17,  3.469446951953613e-18,  1.110223024625156e-16, -8.326672684688674e-17,  1.387778780781446e-17,  0.000000000000000e+00, -9.020562075079397e-17, -6.938893903907228e-18,  0.000000000000000e+00, -9.020562075079397e-17,  1.734723475976807e-17,  2.220446049250313e-16, -1.040834085586084e-16,  6.938893903907228e-18,  2.220446049250313e-16,  1.734723475976807e-17,  7.771561172376096e-16
  5.840000000000000e+00, -4.132070669422805e-01,  7.048350560754723e-01,  2.537912348472061e-01, -4.694679679996802e-02,  1.170812121524663e-01, -2.587599077969212e-01, -1.908198976683755e-17,  1.908198976683755e-17, -6.297430883376383e-03, -6.245110459414920e-17, -4.336882263482584e-18, -2.017802881636882e-02, -1.561333724773845e-16,  1.344481818555255e-16, -3.563212656948390e-02, -1.145042890230567e-16,  0.000000000000000e+00, -5.126770400317612e-02, -2.359653919159037e-16,  1.301279734830351e-16, -6.613379412005045e-02, -2.290460020018015e-16,  1.422861527586949e-16, -8.093065838426082e-02, -2.568231178388334e-16,  1.318821415929145e-16, -8.862610762214564e-02, -1.110223024625156e-16,  5.551115123125781e-17,  0.000000000000000e+00, -1.110223024625157e-16, -3.122502256758253e-17,  3.330669073875470e-16, -7.632783294297950e-17, -6.938893903907227e-18,  0.000000000000000e+00, -1.249000902703301e-16,  5.898059818321143e-17,  0.000000000000000e+00, -7.632783294297950e-17, -1.734723475976807e-17,  2.220446049250313e-16, -8.326672684688673e-17, -6.938893903907227e-18,  3.330669073875469e-16,  5.204170427930421e-17,  3.330669073875470e-16
  5.845000000000000e+00, -4.114666455838977e-01,  7.072927063409566e-01,  2.538556734444121e-01, -4.550810483707097e-02,  1.146752093943204e-01, -2.596894500266649e-01, -8.673631712198886e-18, -2.602089513659666e-18, -6.297430883376494e-03, -6.939011621572134e-17,  3.122555229707460e-17, -2.017802881636887e-02, -1.040889149849230e-16,  6.245334899095379e-17, -3.563212656948351e-02, -1.110344620829641e-16,  6.766162533180624e-17, -5.126770400317639e-02, -2.012645989870943e-16,  1.735039646440468e-16, -6.613379412005051e-02, -2.359867899412501e-16,  1.561677286375920e-16, -8.093065838426095e-02, -2.290584564508515e-16,  1.318821415929145e-16, -8.862610762214564e-02, -4.163336342344337e-17,  1.734723475976807e-17,  1.110223024625157e-16, -1.110223024625157e-16,  1.387778780781446e-17,  0.000000000000000e+00, -9.714451465470120e-17,  1.040834085586084e-17,  2.220446049250313e-16, -9.020562075079397e-17,  3.469446951953614e-18,  1.110223024625157e-16, -9.020562075079394e-17,  4.510281037539697e-17,  1.110223024625156e-16, -8.326672684688673e-17,  2.081668171172168e-17,  1.110223024625156e-16,  3.469446951953614e-17,  2.220446049250313e-16
  5.850000000000000e+00, -4.097080984262731e-01,  7.097183661717068e-01,  2.539121718868793e-01, -4.410731382983380e-02,  1.121168601858267e-01, -2.604385581121114e-01, -8.673631712198886e-18, -7.806268540978998e-18, -6.297430883376383e-03, -5.204258716179100e-17,  5.811422233066662e-17, -2.017802881636893e-02, -1.006192844854255e-16,  6.939260998994866e-17, -3.563212656948362e-02, -1.006249812626862e-16,  6.592671186175993e-17, -5.126770400317639e-02, -1.561535681796422e-16,  1.318630131294756e-16, -6.613379412005052e-02, -1.874012743651104e-16,  1.422861527586949e-16, -8.093065838426101e-02, -2.012937950628695e-16,  1.839408816953807e-16, -8.862610762214576e-02, -6.591949208711866e-17,  3.469446951953614e-17,  3.330669073875469e-16, -1.144917494144692e-16,  2.081668171172168e-17, -1.110223024625156e-16, -8.673617379884033e-17,  2.428612866367529e-17,  1.110223024625156e-16, -5.551115123125781e-17, -3.469446951953614e-17,  3.330669073875469e-16, -1.006139616066548e-16,  9.367506770274756e-17, -2.220446049250313e-16, -1.144917494144692e-16,  1.040834085586084e-17,  0.000000000000000e+00,  3.122502256758252e-17,  4.440892098500626e-16
