Time(sec)	Fx	Fy	Fz	Tx	Ty	Tz	GON	GRFz
3.983333	13.490000	23.780000	86.630000	4.570000	24.900000	8.470000	2.814600	0.000000	
3.991633	13.530000	20.280000	82.860000	6.680000	10.180000	9.860000	2.789600	0.000000	
3.999933	12.080000	15.910000	87.730000	4.920000	-4.250000	11.180000	2.748700	0.000000	
4.008333	8.490000	14.200000	96.520000	-1.440000	-17.610000	11.430000	2.715400	0.000000	
4.016633	3.890000	14.460000	109.050000	-11.720000	-29.320000	10.040000	2.712100	0.000000	
4.024933	-0.890000	13.320000	124.770000	-23.740000	-39.540000	6.790000	2.708700	0.000000	
4.033333	-5.850000	10.190000	143.600000	-36.920000	-48.270000	1.840000	2.700700	0.000000	
4.041633	-10.080000	8.740000	166.200000	-51.250000	-52.830000	-4.040000	2.692800	0.000000	
4.049933	-12.380000	10.010000	192.820000	-66.590000	-50.950000	-8.700000	2.689400	0.000000	
4.058333	-13.010000	10.950000	220.960000	-80.210000	-42.610000	-11.040000	2.690300	0.000000	
4.066633	-11.280000	9.280000	245.570000	-88.160000	-30.520000	-12.220000	2.689900	0.000000	
4.074933	-7.440000	5.840000	266.650000	-91.530000	-15.520000	-12.520000	2.680300	0.000000	
4.083333	-3.640000	4.680000	284.390000	-95.370000	-1.540000	-12.430000	2.670800	0.000000	
4.091633	-0.930000	6.430000	298.950000	-100.330000	10.900000	-11.440000	2.684200	0.000200	
4.099933	0.560000	8.100000	312.550000	-103.400000	22.570000	-9.950000	2.713000	0.000700	
4.108333	0.200000	5.080000	325.690000	-103.140000	31.860000	-8.410000	2.731600	0.000900	
4.116633	-0.500000	-0.920000	336.920000	-99.900000	39.600000	-6.420000	2.709800	0.000500	
4.124933	0.150000	-5.300000	347.260000	-96.610000	46.380000	-4.810000	2.688000	0.000100	
4.133333	2.330000	-6.000000	358.250000	-95.020000	52.110000	-4.400000	2.688200	0.000000	
4.141633	3.890000	-3.420000	367.050000	-96.250000	57.900000	-4.150000	2.698900	0.000000	
4.149933	5.840000	-0.870000	373.620000	-95.920000	67.100000	-3.000000	2.710200	0.000000	
4.158333	8.160000	0.670000	380.210000	-93.050000	78.910000	-2.190000	2.722100	0.000000	
4.166633	10.880000	3.120000	386.000000	-89.970000	91.740000	-2.170000	2.734000	0.000000	
4.174933	14.080000	7.660000	389.690000	-88.070000	105.060000	-2.640000	2.726500	0.000400	
4.183333	16.850000	12.340000	390.090000	-86.630000	117.940000	-2.690000	2.719000	0.000800	
4.191633	17.790000	15.610000	388.530000	-85.340000	129.650000	-2.660000	2.723400	0.000800	
4.199933	15.980000	16.490000	384.650000	-84.640000	139.820000	-3.400000	2.735700	0.000400	
4.208333	13.400000	14.070000	381.180000	-82.520000	148.020000	-6.040000	2.748800	0.000000	
4.216633	10.540000	9.280000	376.380000	-78.460000	154.270000	-9.750000	2.771300	0.000000	
4.224933	8.160000	4.510000	365.460000	-72.630000	159.390000	-12.060000	2.793800	0.000000	
4.233333	6.260000	0.390000	346.930000	-65.700000	163.930000	-12.130000	2.801000	0.000000	
4.241633	6.560000	-1.720000	328.410000	-59.460000	169.100000	-10.900000	2.801000	0.000000	
4.249933	8.450000	-1.590000	312.520000	-54.250000	175.020000	-9.710000	2.798700	0.000000	
4.258333	10.400000	0.050000	299.000000	-51.100000	180.300000	-9.270000	2.792800	0.000000	
4.266633	11.660000	3.360000	287.890000	-50.700000	183.790000	-9.580000	2.787000	0.000000	
4.274933	12.660000	8.800000	279.340000	-52.830000	185.660000	-10.220000	2.818300	0.000000	
4.283333	14.530000	16.080000	275.170000	-53.980000	187.500000	-9.690000	2.849700	0.000000	
4.291633	16.570000	23.790000	277.940000	-54.800000	189.350000	-9.120000	2.862800	0.000000	
4.299933	18.300000	30.640000	288.150000	-57.190000	190.530000	-10.410000	2.856000	0.000000	
4.308333	17.560000	34.250000	298.780000	-60.910000	189.280000	-14.190000	2.849300	0.000000	
4.316633	14.430000	34.690000	309.720000	-65.810000	185.700000	-20.330000	2.849000	0.000000	
4.324933	12.330000	34.590000	318.400000	-67.510000	183.310000	-24.280000	2.849000	0.000000	
4.333333	12.950000	34.750000	325.100000	-64.900000	183.620000	-25.240000	2.866600	0.000000	
4.341633	14.530000	33.560000	328.100000	-58.870000	184.310000	-24.740000	2.897900	0.000000	
4.349933	15.220000	30.180000	327.080000	-53.600000	183.460000	-25.310000	2.928400	0.000000	
4.358333	15.090000	24.870000	322.640000	-49.260000	181.160000	-26.890000	2.939600	0.000000	
4.366633	15.560000	21.120000	318.780000	-43.990000	179.250000	-26.390000	2.950700	0.000000	
4.374933	17.040000	19.970000	315.130000	-36.290000	178.260000	-22.330000	2.956800	0.000000	
4.383333	18.990000	21.100000	307.900000	-28.600000	178.320000	-17.030000	2.962200	0.000000	
4.391633	19.540000	22.640000	299.770000	-24.380000	177.290000	-14.390000	2.964600	0.000000	
4.399933	18.360000	24.410000	291.690000	-23.780000	174.430000	-14.670000	2.944700	0.000000	
4.408333	16.560000	27.610000	287.420000	-26.230000	170.450000	-16.920000	2.924800	0.000000	
4.416633	14.620000	32.410000	287.090000	-31.410000	165.810000	-20.650000	2.929800	0.000400	
4.424933	13.710000	38.210000	289.620000	-38.320000	161.120000	-24.460000	2.935900	0.000700	
4.433333	12.910000	42.840000	290.480000	-46.900000	155.230000	-29.540000	2.945900	0.000900	
4.441633	12.040000	44.620000	289.510000	-54.030000	149.250000	-35.490000	2.964400	0.000400	
4.449933	11.350000	42.250000	290.400000	-54.500000	143.980000	-39.760000	2.977000	0.000000	
4.458333	10.990000	36.810000	293.280000	-49.990000	138.900000	-42.310000	2.958000	0.000000	
4.466633	11.670000	31.940000	297.030000	-45.900000	133.070000	-43.050000	2.939100	0.000000	
4.474933	14.040000	28.000000	299.620000	-41.930000	128.120000	-41.400000	2.931800	0.000200	
4.483333	17.770000	24.930000	300.910000	-37.800000	125.110000	-38.830000	2.935300	0.000700	
4.491633	21.560000	22.970000	301.310000	-34.360000	123.760000	-37.330000	2.940800	0.000900	
4.499933	24.920000	22.000000	299.210000	-30.790000	123.300000	-36.300000	2.952300	0.000500	
4.508333	26.990000	23.450000	291.350000	-28.480000	120.970000	-34.850000	2.963800	0.000100	
4.516633	27.940000	28.870000	277.940000	-30.340000	115.760000	-33.360000	2.966100	0.000000	
4.524933	28.670000	37.140000	266.100000	-34.510000	107.810000	-32.240000	2.964900	0.000000	
4.533333	29.040000	44.800000	257.770000	-35.400000	98.670000	-31.420000	2.951700	0.000000	
4.541633	29.060000	50.230000	248.440000	-31.730000	89.450000	-30.210000	2.913200	0.000000	
4.549933	28.800000	52.630000	235.790000	-23.240000	79.550000	-27.080000	2.874700	0.000000	
4.558333	28.300000	52.280000	220.250000	-10.650000	68.210000	-21.620000	2.856600	0.000000	
4.566633	28.130000	51.060000	205.800000	1.200000	54.350000	-14.870000	2.843700	0.000000	
4.574933	29.350000	49.200000	195.880000	10.580000	39.600000	-8.130000	2.805700	0.000000	
4.583333	30.260000	45.850000	188.910000	18.680000	25.060000	-2.400000	2.753700	0.000000	
4.591633	29.190000	40.710000	177.180000	25.850000	11.530000	2.380000	2.702500	0.000000	
4.599933	26.280000	34.230000	159.730000	31.560000	-0.520000	6.400000	2.656200	0.000000	
4.608333	23.060000	29.820000	144.260000	32.430000	-10.810000	9.220000	2.610000	0.000000	
4.616633	19.540000	28.410000	133.320000	27.750000	-19.940000	10.470000	2.552700	0.000000	
4.624933	14.790000	26.780000	125.200000	18.440000	-30.080000	9.400000	2.491200	0.000000	
4.633333	8.510000	22.430000	117.180000	8.600000	-39.960000	6.260000	2.431900	0.000000	
4.641633	0.660000	16.190000	108.820000	-1.950000	-49.000000	1.070000	2.381500	0.000000	
4.649933	-7.240000	11.050000	100.580000	-14.890000	-56.790000	-5.130000	2.331100	0.000000	
4.658333	-14.270000	7.320000	93.400000	-30.410000	-63.660000	-11.810000	2.303200	0.000300	
4.666633	-19.000000	4.440000	88.890000	-45.940000	-69.210000	-18.080000	2.281000	0.000700	
4.674933	-22.970000	0.620000	83.860000	-59.390000	-74.840000	-24.200000	2.247900	0.000900	
4.683333	-26.000000	-4.200000	77.110000	-69.410000	-79.750000	-29.390000	2.186800	0.000400	
4.691633	-26.890000	-7.170000	67.930000	-73.930000	-80.080000	-31.470000	2.131600	0.000000	
4.699933	-25.460000	-7.530000	58.110000	-73.400000	-75.470000	-30.580000	2.120000	0.000400	
4.708333	-21.890000	-6.060000	53.920000	-68.990000	-67.450000	-28.140000	2.108400	0.000800	
4.716633	-16.040000	-4.890000	56.470000	-60.200000	-57.530000	-24.170000	2.100800	0.000800	
4.724933	-9.530000	-4.310000	59.450000	-49.830000	-46.320000	-20.260000	2.100400	0.000400	
4.733333	-4.830000	-4.350000	57.620000	-41.120000	-34.820000	-18.070000	2.096900	0.000100	
4.741633	-1.530000	-4.350000	52.470000	-33.670000	-23.120000	-16.990000	2.081400	0.000500	
4.749933	1.170000	-2.570000	48.970000	-27.820000	-12.240000	-16.210000	2.066000	0.000900	
4.758333	2.960000	1.100000	49.220000	-26.020000	-3.610000	-17.130000	2.082800	0.000700	
4.766633	2.980000	2.790000	47.010000	-25.790000	3.190000	-19.350000	2.114900	0.000300	
4.774933	1.430000	2.420000	36.510000	-25.770000	9.110000	-21.500000	2.143200	0.000000	
4.783333	-1.500000	2.250000	21.450000	-27.400000	13.650000	-23.650000	2.161600	0.000000	
4.791633	-4.350000	4.090000	10.290000	-29.130000	17.020000	-24.390000	2.180000	0.000000	
4.799933	-6.270000	7.940000	5.670000	-29.540000	19.550000	-22.980000	2.191700	0.000000	
4.808333	-5.470000	11.560000	3.940000	-26.500000	22.420000	-19.410000	2.203300	0.000000	
4.816633	-2.950000	13.280000	1.310000	-20.990000	25.830000	-15.250000	2.229000	0.000000	
4.824933	0.390000	13.680000	0.000000	-13.100000	29.810000	-10.460000	2.263900	0.000000	
4.833333	5.100000	16.910000	2.000000	-4.970000	34.170000	-5.050000	2.298000	0.000000	
4.841633	10.870000	22.720000	10.690000	3.080000	38.840000	0.760000	2.322500	0.000000	
4.849933	16.040000	27.490000	21.650000	10.830000	44.050000	5.860000	2.347100	0.000000	
4.858333	20.480000	29.740000	32.390000	19.240000	50.100000	10.310000	2.369800	0.000000	
4.866633	24.800000	29.610000	41.020000	26.990000	55.480000	14.030000	2.391700	0.000000	
4.874933	27.050000	28.710000	49.050000	31.180000	58.650000	16.390000	2.415300	0.000000	
4.883333	26.830000	27.310000	56.020000	32.210000	59.320000	17.120000	2.448200	0.000000	
4.891633	24.590000	25.120000	60.330000	30.570000	57.180000	15.870000	2.481100	0.000000	
4.899933	20.740000	21.860000	61.440000	26.280000	52.230000	12.630000	2.516700	0.000000	
4.908333	15.450000	17.110000	58.290000	20.450000	46.950000	8.010000	2.553100	0.000000	
4.916633	10.210000	12.120000	50.280000	14.890000	42.090000	3.290000	2.582900	0.000200	
4.924933	6.350000	7.530000	40.700000	10.870000	36.900000	-0.800000	2.605600	0.000600	
4.933333	4.100000	3.840000	34.230000	10.480000	32.210000	-3.650000	2.628400	0.000900	
4.941633	3.130000	1.040000	31.530000	13.820000	28.400000	-5.350000	2.678400	0.000600	
4.949933	1.320000	-0.980000	33.030000	14.350000	24.060000	-7.980000	2.733700	0.000200	
4.958333	-0.890000	-2.520000	39.210000	11.650000	19.500000	-11.240000	2.755600	0.000200	
4.966633	-2.400000	-2.780000	47.220000	7.260000	18.130000	-14.150000	2.751200	0.000600	
4.974933	-2.490000	-0.670000	56.460000	1.240000	19.460000	-16.560000	2.749100	0.001000	
4.983333	-0.900000	3.890000	68.020000	-6.070000	22.780000	-18.500000	2.802500	0.000600	
4.991633	2.890000	9.750000	85.400000	-12.560000	27.130000	-20.420000	2.855800	0.000200	
4.999933	7.830000	16.430000	106.020000	-19.220000	33.120000	-22.880000	2.876000	0.000000	
5.008333	11.540000	21.800000	121.560000	-26.880000	38.690000	-25.180000	2.877600	0.000000	
5.016633	16.410000	25.650000	131.720000	-29.450000	45.440000	-24.950000	2.879600	0.000000	
5.024933	22.100000	28.090000	136.660000	-27.170000	53.510000	-22.460000	2.884700	0.000000	
5.033333	26.100000	28.800000	139.990000	-22.650000	59.950000	-19.790000	2.889800	0.000000	
5.041633	27.880000	27.400000	143.420000	-16.660000	62.790000	-17.410000	2.870200	0.001400	
5.049933	28.810000	24.870000	148.760000	-7.800000	61.030000	-13.410000	2.849500	0.002800	
5.058333	27.040000	21.690000	149.220000	0.570000	56.390000	-8.120000	2.831800	0.006500	
5.066633	22.370000	18.030000	144.640000	5.680000	47.180000	-2.810000	2.825800	0.019000	
5.074933	17.050000	16.100000	143.160000	6.100000	33.940000	0.720000	2.820000	0.032100	
5.083333	11.080000	15.700000	144.850000	2.210000	17.310000	2.380000	2.820800	0.059900	
5.091633	3.870000	14.520000	147.500000	-3.290000	1.140000	2.080000	2.821600	0.087700	
5.099933	-3.170000	12.110000	150.370000	-9.340000	-15.060000	0.890000	2.823300	0.117200	
5.108333	-8.090000	10.170000	158.040000	-16.160000	-28.800000	0.430000	2.825800	0.148500	
5.116633	-11.160000	8.950000	170.940000	-25.690000	-37.200000	-0.110000	2.826600	0.182200	
5.124933	-12.610000	8.140000	187.840000	-38.080000	-40.370000	-1.190000	2.814700	0.234200	
5.133333	-13.180000	6.430000	204.050000	-51.160000	-36.940000	-3.370000	2.802800	0.286200	
5.141633	-12.660000	3.660000	219.720000	-62.390000	-25.360000	-5.470000	2.803800	0.309700	
5.149933	-12.110000	-0.150000	238.310000	-71.810000	-8.310000	-7.280000	2.813300	0.314300	
5.158333	-11.170000	-2.970000	263.330000	-81.690000	9.240000	-8.360000	2.815800	0.315900	
5.166633	-8.490000	-4.270000	291.270000	-91.340000	27.550000	-8.010000	2.789600	0.305600	
5.174933	-4.880000	-5.350000	314.170000	-99.960000	44.460000	-7.260000	2.763400	0.295300	
5.183333	-1.690000	-7.360000	328.900000	-107.470000	58.320000	-7.270000	2.778000	0.302700	
5.191633	1.910000	-8.230000	340.380000	-111.860000	68.080000	-6.670000	2.811800	0.318400	
5.199933	6.890000	-6.800000	353.470000	-112.560000	74.100000	-3.630000	2.828200	0.334300	
5.208333	11.560000	-4.610000	366.220000	-110.670000	76.270000	0.830000	2.828600	0.350100	
5.216633	15.980000	-2.400000	374.140000	-107.230000	76.670000	5.860000	2.829000	0.366000	
5.224933	20.840000	-0.110000	376.110000	-102.450000	76.440000	11.360000	2.805700	0.376000	
5.233333	26.190000	0.990000	379.920000	-97.860000	76.710000	16.260000	2.782300	0.386000	
5.241633	30.820000	0.410000	388.810000	-94.120000	77.220000	19.930000	2.790400	0.392100	
5.249933	33.570000	0.360000	395.110000	-91.730000	78.500000	21.930000	2.819300	0.395700	
5.258333	33.360000	0.100000	391.540000	-92.780000	81.930000	21.200000	2.844400	0.398900	
5.266633	30.440000	-0.750000	380.020000	-96.410000	87.610000	18.110000	2.824000	0.398100	
5.274933	27.930000	-2.650000	372.700000	-97.070000	96.170000	15.630000	2.803500	0.397300	
5.283333	26.950000	-4.540000	370.860000	-94.040000	107.670000	14.450000	2.814800	0.395100	
5.291633	26.350000	-5.040000	369.180000	-91.500000	119.610000	12.220000	2.841000	0.392300	
5.299933	24.730000	-3.370000	363.380000	-88.670000	130.560000	9.300000	2.862600	0.389300	
5.308333	22.210000	-0.220000	353.390000	-84.580000	139.610000	6.320000	2.859800	0.384600	
5.316633	20.020000	1.460000	346.770000	-77.740000	145.270000	4.400000	2.857000	0.380000	
5.324933	18.760000	0.670000	347.160000	-68.180000	147.470000	3.680000	2.853400	0.375200	
5.333333	18.760000	-1.920000	352.910000	-59.770000	148.100000	3.170000	2.849900	0.370500	
5.341633	18.600000	-4.300000	353.840000	-56.970000	146.640000	0.930000	2.857800	0.365600	
5.349933	18.350000	-4.690000	349.350000	-58.030000	143.250000	-2.290000	2.878200	0.360600	
5.358333	19.080000	-3.020000	343.940000	-57.290000	140.470000	-3.500000	2.895900	0.355700	
5.366633	20.740000	0.150000	337.530000	-54.460000	138.160000	-2.790000	2.882000	0.352100	
5.374933	22.840000	2.560000	329.810000	-48.860000	136.510000	-1.270000	2.868100	0.348600	
5.383333	25.290000	4.980000	320.870000	-41.510000	136.480000	0.380000	2.864800	0.346100	
5.391633	27.320000	7.970000	308.940000	-36.720000	137.510000	1.280000	2.869800	0.344400	
5.399933	27.940000	11.570000	292.750000	-34.060000	137.360000	1.540000	2.878300	0.343100	
5.408333	27.620000	15.590000	275.390000	-31.250000	136.430000	1.590000	2.905300	0.343900	
5.416633	26.800000	18.010000	260.790000	-27.560000	134.990000	1.150000	2.932300	0.344700	
5.424933	25.440000	17.430000	249.420000	-24.370000	132.890000	-0.390000	2.939300	0.345900	
5.433333	22.860000	14.160000	240.980000	-24.410000	128.540000	-3.250000	2.935200	0.347300	
5.441633	19.150000	11.020000	235.680000	-30.260000	122.010000	-7.070000	2.939300	0.348900	
5.449933	15.650000	8.920000	233.640000	-40.020000	116.360000	-11.050000	2.952300	0.350700	
5.458333	14.090000	7.960000	236.680000	-47.630000	114.420000	-13.670000	2.965300	0.352500	
5.466633	14.820000	7.780000	245.710000	-50.560000	116.270000	-14.460000	2.952700	0.355000	
5.474933	15.960000	8.150000	256.340000	-52.280000	117.830000	-15.120000	2.930000	0.357800	
5.483333	17.010000	9.290000	265.230000	-55.240000	118.680000	-16.140000	2.926900	0.361200	
5.491633	17.350000	10.750000	271.430000	-58.280000	119.460000	-16.980000	2.939200	0.365200	
5.499933	17.410000	12.580000	274.790000	-58.300000	122.270000	-17.010000	2.951500	0.369300	
5.508333	17.510000	14.630000	276.420000	-54.820000	127.410000	-16.630000	2.963600	0.376400	
5.516633	16.440000	15.620000	277.880000	-50.500000	131.150000	-17.510000	2.975600	0.383400	
5.524933	13.140000	14.840000	279.110000	-46.820000	131.060000	-20.270000	2.980300	0.390200	
5.533333	10.630000	13.990000	283.140000	-42.790000	129.110000	-23.010000	2.980700	0.396800	
5.541633	11.440000	14.160000	292.470000	-36.860000	129.660000	-23.720000	2.972700	0.402100	
5.549933	13.820000	15.150000	303.220000	-30.400000	131.980000	-22.960000	2.949600	0.405100	
5.558333	16.110000	17.170000	311.440000	-26.290000	134.480000	-21.920000	2.926500	0.408200	
5.566633	18.630000	20.480000	317.650000	-25.200000	136.790000	-20.930000	2.941200	0.408700	
5.574933	20.860000	23.910000	325.820000	-27.120000	138.010000	-21.320000	2.970500	0.408200	
5.583333	22.630000	27.770000	334.700000	-31.300000	138.670000	-22.380000	2.982300	0.406600	
5.591633	24.810000	32.390000	343.880000	-35.690000	139.030000	-22.660000	2.971600	0.403400	
5.599933	25.200000	36.410000	349.980000	-39.390000	137.490000	-22.670000	2.960900	0.400300	
5.608333	22.680000	39.270000	351.640000	-43.290000	133.380000	-23.390000	2.944700	0.396900	
5.616633	18.930000	41.780000	351.180000	-50.110000	127.440000	-26.220000	2.928000	0.393600	
5.624933	16.200000	44.170000	353.520000	-58.130000	120.610000	-30.480000	2.933400	0.398100	
5.633333	14.780000	45.310000	356.370000	-63.390000	113.170000	-33.830000	2.959300	0.409700	
5.641633	15.250000	46.110000	353.940000	-63.920000	106.500000	-33.510000	2.981200	0.421200	
5.649933	17.460000	46.960000	346.520000	-59.680000	100.450000	-29.790000	2.974500	0.431200	
5.658333	19.830000	48.510000	337.270000	-52.770000	93.760000	-25.690000	2.967900	0.441200	
5.666633	21.580000	50.460000	326.570000	-45.070000	86.200000	-22.570000	2.957400	0.434900	
5.674933	23.240000	52.550000	309.490000	-37.790000	77.940000	-19.700000	2.945500	0.422200	
5.683333	25.000000	54.130000	286.290000	-27.320000	69.000000	-15.040000	2.925700	0.406700	
5.691633	26.530000	54.770000	259.100000	-13.900000	58.910000	-8.540000	2.874000	0.380000	
5.699933	26.750000	54.560000	235.730000	-2.100000	46.230000	-2.430000	2.822300	0.353300	
5.708333	25.620000	54.170000	217.050000	6.260000	30.990000	2.170000	2.797100	0.325800	
5.716633	23.940000	55.060000	202.300000	9.240000	14.540000	4.240000	2.778400	0.298000	
5.724933	22.440000	56.230000	188.720000	6.890000	-2.080000	5.390000	2.757400	0.267800	
5.733333	20.190000	55.810000	175.190000	1.910000	-17.050000	6.500000	2.730000	0.231200	
5.741633	16.020000	52.730000	166.100000	-2.100000	-29.340000	7.730000	2.700000	0.194700	
5.749933	10.090000	47.150000	162.140000	-5.160000	-39.130000	8.590000	2.650400	0.159000	
5.758333	3.810000	40.080000	158.790000	-8.790000	-46.550000	7.590000	2.600800	0.123300	
5.766633	-1.980000	32.580000	150.530000	-12.380000	-50.410000	4.630000	2.543800	0.091700	
5.774933	-8.300000	25.410000	138.160000	-17.450000	-52.910000	0.010000	2.481700	0.063000	
5.783333	-16.180000	17.300000	122.110000	-22.890000	-56.140000	-4.810000	2.419100	0.037900	
5.791633	-24.650000	8.710000	102.410000	-27.830000	-58.780000	-9.230000	2.354900	0.027600	
5.799933	-30.270000	2.640000	80.310000	-32.740000	-59.300000	-12.660000	2.290600	0.017300	
5.808333	-32.420000	0.330000	56.550000	-39.440000	-58.900000	-15.670000	2.241400	0.010900	
5.816633	-32.110000	0.540000	37.040000	-47.120000	-58.730000	-18.320000	2.199300	0.006300	
5.824933	-30.710000	2.360000	25.860000	-53.920000	-58.590000	-19.280000	2.163300	0.002900	
5.833333	-29.090000	5.270000	19.590000	-59.420000	-58.530000	-18.770000	2.143100	0.002500	
5.841633	-26.930000	7.940000	15.190000	-61.570000	-56.490000	-17.000000	2.122900	0.002100	
5.849933	-23.800000	9.890000	12.290000	-59.510000	-51.500000	-14.010000	2.097900	0.001600	
5.858333	-19.060000	11.390000	14.340000	-54.900000	-45.410000	-11.230000	2.071600	0.001200	
5.866633	-14.900000	11.430000	21.900000	-50.130000	-41.680000	-10.320000	2.060600	0.000800	
5.874933	-12.840000	9.740000	30.890000	-45.390000	-39.260000	-10.720000	2.059800	0.000400	
5.883333	-12.820000	7.280000	34.080000	-41.090000	-36.380000	-11.790000	2.059100	0.000100	
5.891633	-14.400000	4.380000	30.610000	-37.470000	-32.930000	-13.510000	2.072200	0.000000	
5.899933	-15.640000	1.630000	28.150000	-35.430000	-30.380000	-16.320000	2.088000	0.000000	
5.908333	-15.950000	-0.650000	28.970000	-35.230000	-28.720000	-20.060000	2.087900	0.000300	
5.916633	-15.030000	-1.580000	32.460000	-35.200000	-26.260000	-23.110000	2.080300	0.000700	
5.924933	-14.410000	-1.610000	34.890000	-34.000000	-21.920000	-24.110000	2.075500	0.000900	
5.933333	-14.180000	-1.110000	34.980000	-31.870000	-15.880000	-23.020000	2.084600	0.000500	
5.941633	-12.160000	-0.590000	34.750000	-29.840000	-10.080000	-20.810000	2.093800	0.000100	
5.949933	-7.650000	0.080000	36.120000	-27.840000	-5.020000	-17.750000	2.131300	0.000300	
5.958333	-2.330000	2.030000	39.760000	-24.470000	0.100000	-14.170000	2.177700	0.000700	
5.966633	2.450000	5.410000	41.690000	-18.950000	6.860000	-9.530000	2.212900	0.000900	
5.974933	6.450000	10.020000	42.100000	-12.730000	14.860000	-4.260000	2.212500	0.000500	
5.983333	8.890000	14.510000	42.080000	-10.520000	21.530000	-0.940000	2.212100	0.000100	
5.991633	9.980000	18.430000	41.840000	-12.240000	26.360000	0.040000	2.246000	0.000000	
5.999933	11.110000	20.960000	42.060000	-14.320000	29.840000	-0.550000	2.286500	0.000000	
6.008333	11.600000	22.890000	44.780000	-15.510000	32.860000	-2.290000	2.324200	0.000100	
6.016633	9.850000	23.480000	46.940000	-14.870000	34.890000	-4.770000	2.356200	0.000600	
6.024933	6.430000	21.190000	45.350000	-13.160000	35.160000	-7.250000	2.389200	0.000900	
6.033333	2.220000	16.210000	41.030000	-11.870000	33.530000	-9.990000	2.428100	0.000500	
6.041633	-0.650000	10.120000	37.910000	-13.560000	30.350000	-13.650000	2.467000	0.000100	
6.049933	-1.670000	3.360000	35.550000	-15.170000	26.490000	-17.310000	2.507900	0.000000	
6.058333	-0.760000	-1.410000	35.960000	-12.000000	24.420000	-18.250000	2.550000	0.000000	
6.066633	0.490000	-3.050000	39.190000	-7.010000	24.020000	-16.990000	2.588900	0.000100	
6.074933	1.270000	-2.500000	43.110000	-1.500000	25.080000	-14.340000	2.617900	0.000500	
6.083333	1.440000	-1.020000	46.250000	0.830000	27.650000	-12.440000	2.646800	0.001000	
6.091633	2.000000	1.880000	50.600000	-0.430000	32.090000	-11.510000	2.687300	0.001000	
6.099933	4.510000	7.050000	61.300000	-1.180000	39.430000	-10.170000	2.728200	0.001000	
6.108333	7.070000	13.160000	74.180000	2.570000	49.770000	-7.330000	2.767200	0.000900	
6.116633	8.410000	20.040000	87.790000	7.470000	61.490000	-3.560000	2.802300	0.000400	
6.124933	7.430000	25.150000	99.300000	6.330000	71.190000	-2.020000	2.836800	0.000000	
6.133333	4.390000	28.200000	108.680000	-0.400000	78.710000	-2.770000	2.857200	0.000000	
6.141633	2.290000	28.750000	118.550000	-6.470000	83.730000	-4.670000	2.877600	0.000000	
6.149933	2.870000	28.790000	133.410000	-9.120000	86.710000	-6.000000	2.874600	0.000000	
6.158333	4.520000	28.930000	149.740000	-8.930000	87.810000	-6.480000	2.858300	0.000000	
6.166633	4.490000	28.140000	159.830000	-8.940000	86.090000	-7.000000	2.842200	0.000000	
6.174933	3.200000	26.300000	163.790000	-9.070000	81.340000	-7.470000	2.827200	0.000500	
6.183333	3.570000	23.090000	163.540000	-5.630000	74.450000	-7.020000	2.812200	0.000900	
6.191633	6.300000	18.610000	159.890000	3.240000	66.310000	-5.320000	2.807100	0.001000	
6.199933	9.580000	14.740000	158.330000	13.640000	55.770000	-3.450000	2.806000	0.001000	
6.208333	10.870000	13.280000	159.750000	19.810000	43.040000	-2.020000	2.806500	0.001000	
6.216633	11.220000	13.270000	160.760000	22.620000	29.340000	-0.290000	2.814000	0.001000	
6.224933	13.100000	13.170000	161.440000	23.360000	15.580000	2.110000	2.821500	0.001000	
6.233333	17.120000	12.730000	163.080000	22.180000	1.670000	5.030000	2.825500	0.000600	
6.241633	16.980000	11.740000	167.220000	15.190000	-12.580000	5.190000	2.828500	0.000200	
6.249933	11.040000	10.700000	173.430000	2.030000	-26.440000	2.280000	2.820100	0.000000	
6.258333	2.930000	10.830000	185.120000	-15.050000	-36.890000	-2.100000	2.801000	0.000000	
6.266633	-3.380000	11.240000	199.040000	-31.330000	-40.710000	-5.800000	2.782000	0.000000	
6.274933	-7.630000	11.330000	213.480000	-46.070000	-37.840000	-8.560000	2.809100	0.000000	
6.283333	-12.060000	9.950000	228.170000	-61.090000	-32.650000	-10.770000	2.836200	0.000000	
6.291633	-17.650000	7.990000	246.260000	-77.210000	-26.250000	-13.130000	2.828400	0.000000	
6.299933	-22.920000	5.390000	264.330000	-90.740000	-17.500000	-15.070000	2.797500	0.000000	
6.308333	-21.310000	2.440000	279.090000	-96.130000	-5.450000	-13.100000	2.769400	0.000000	
6.316633	-12.920000	-0.380000	292.030000	-94.240000	9.730000	-7.580000	2.773900	0.000400	
6.324933	-1.860000	-1.790000	307.590000	-91.850000	24.270000	-1.890000	2.778500	0.000900	
6.333333	9.450000	-2.600000	323.480000	-90.450000	36.170000	2.890000	2.781300	0.000700	
6.341633	17.830000	-3.960000	330.820000	-87.830000	43.620000	7.400000	2.783300	0.000300	
6.349933	24.510000	-3.770000	333.280000	-83.050000	49.750000	11.340000	2.787600	0.000000	
6.358333	29.710000	-1.760000	332.690000	-78.200000	55.460000	14.000000	2.803800	0.000000	
6.366633	32.200000	2.390000	334.470000	-79.200000	60.550000	14.050000	2.820000	0.000000	
6.374933	31.390000	8.420000	339.940000	-87.310000	64.480000	11.300000	2.837100	0.000400	
6.383333	28.210000	12.310000	344.280000	-96.390000	67.230000	6.800000	2.854100	0.000800	
6.391633	23.150000	11.570000	339.630000	-101.910000	69.590000	2.310000	2.857200	0.000800	
6.399933	16.600000	9.100000	329.500000	-105.720000	72.400000	-1.490000	2.845100	0.000400	
6.408333	12.120000	8.490000	325.860000	-111.410000	78.420000	-4.770000	2.834500	0.000000	
6.416633	9.590000	9.140000	327.450000	-118.270000	87.320000	-7.720000	2.840400	0.000000	
6.424933	8.020000	7.550000	325.760000	-120.490000	96.560000	-10.550000	2.846400	0.000000	
6.433333	7.190000	3.460000	318.790000	-115.820000	105.150000	-12.530000	2.859000	0.000200	
6.441633	7.360000	-1.210000	309.700000	-105.820000	113.810000	-12.640000	2.876900	0.000600	
6.449933	7.880000	-2.040000	303.430000	-96.400000	123.050000	-11.000000	2.889700	0.001000	
6.458333	9.160000	0.770000	300.390000	-87.390000	132.370000	-8.280000	2.875000	0.001000	
6.466633	11.270000	4.100000	297.520000	-76.780000	140.350000	-5.860000	2.860300	0.001000	
6.474933	13.900000	5.680000	292.040000	-63.120000	146.310000	-4.240000	2.853200	0.001000	
6.483333	16.850000	5.270000	283.520000	-49.430000	150.150000	-3.090000	2.850400	0.001000	
6.491633	20.850000	6.040000	278.550000	-39.560000	153.530000	-1.460000	2.852800	0.001000	
6.499933	24.900000	8.640000	277.330000	-32.780000	156.800000	0.450000	2.860700	0.001000	
6.508333	27.820000	11.980000	277.130000	-27.440000	159.560000	1.400000	2.868700	0.001000	
6.516633	29.420000	15.070000	276.340000	-23.020000	161.290000	0.790000	2.880600	0.001000	
6.524933	29.100000	16.280000	274.310000	-22.130000	159.110000	-1.210000	2.892700	0.001000	
6.533333	26.420000	15.840000	270.590000	-24.920000	153.590000	-3.880000	2.897300	0.001000	
6.541633	22.310000	14.550000	267.370000	-30.880000	146.440000	-6.860000	2.896100	0.001000	
6.549933	17.650000	13.740000	267.590000	-37.400000	139.040000	-10.120000	2.894800	0.001000	
6.558333	12.650000	13.400000	270.680000	-43.560000	131.660000	-13.420000	2.890200	0.001000	
6.566633	9.870000	12.550000	271.560000	-44.000000	125.680000	-14.670000	2.885700	0.001000	
6.574933	10.130000	10.700000	270.100000	-39.260000	120.820000	-13.710000	2.895200	0.001000	
6.583333	11.630000	8.350000	269.960000	-35.980000	115.240000	-13.010000	2.912600	0.001000	
6.591633	14.490000	7.350000	271.520000	-31.990000	112.250000	-12.210000	2.929900	0.000900	
