---- AnyBody Output File ---------------------------------
Study: Main.Studies.MotionOptimization
Operation: Main.Studies.MotionOptimization.Kinematics
----------------------------------------------------------
Constants (Name = Value): 
Main.Studies.KinematicStudyForParameterIdentification.JointAngleOutputs.OutputFile1.FileName = "..\Input\Subjects\PS\Overground Gait Trials\PS_ngait_og_ss7\PS_ngait_og_ss7-output-euler-trunk.txt"
Main.Studies.KinematicStudyForParameterIdentification.JointAngleOutputs.OutputFile1.NumberFormat.Digits = 15
Main.Studies.KinematicStudyForParameterIdentification.JointAngleOutputs.OutputFile1.NumberFormat.Width = 22
Main.Studies.KinematicStudyForParameterIdentification.JointAngleOutputs.OutputFile1.NumberFormat.Style = ScientificNumber
Main.Studies.KinematicStudyForParameterIdentification.JointAngleOutputs.OutputFile1.NumberFormat.FormatStr = "%22.15e"
Main.Studies.KinematicStudyForParameterIdentification.JointAngleOutputs.OutputFile1.Search = 
Main.Studies.KinematicStudyForParameterIdentification.JointAngleOutputs.OutputFile1.Format = 0
Main.Studies.KinematicStudyForParameterIdentification.JointAngleOutputs.OutputFile1.SepSign = " "
Main.Studies.KinematicStudyForParameterIdentification.JointAngleOutputs.OutputFile1.LineSepSign = ""
Main.Studies.KinematicStudyForParameterIdentification.JointAngleOutputs.OutputFile1.Header.TitleSectionOnOff = On
Main.Studies.KinematicStudyForParameterIdentification.JointAngleOutputs.OutputFile1.Header.ConstSectionOnOff = On
Main.Studies.KinematicStudyForParameterIdentification.JointAngleOutputs.OutputFile1.Header.ConstSectionSaveOptionsOnOff = On
Main.Studies.KinematicStudyForParameterIdentification.JointAngleOutputs.OutputFile1.Header.VarSectionOnOff = On
Main.Studies.KinematicStudyForParameterIdentification.JointAngleOutputs.OutputFile1.Header.ColumnNamesOnOff = On
Main.Studies.KinematicStudyForParameterIdentification.JointAngleOutputs.OutputFile1.Header.LinePrefix = ""
Main.Studies.KinematicStudyForParameterIdentification.JointAngleOutputs.OutputFile1.ConstSectionSaveOptionsOnOff = On
----------------------------------------------------------
Variables (Column# Name): 
col0  Main.Studies.MotionOptimization.t
col1  Main.Studies.KinematicStudyForParameterIdentification.JointAngleOutputs.OutputFile1.PelvisPosX
col2  Main.Studies.KinematicStudyForParameterIdentification.JointAngleOutputs.OutputFile1.PelvisPosY
col3  Main.Studies.KinematicStudyForParameterIdentification.JointAngleOutputs.OutputFile1.PelvisPosZ
col4  Main.Studies.KinematicStudyForParameterIdentification.JointAngleOutputs.OutputFile1.PelvisRotX
col5  Main.Studies.KinematicStudyForParameterIdentification.JointAngleOutputs.OutputFile1.PelvisRotY
col6  Main.Studies.KinematicStudyForParameterIdentification.JointAngleOutputs.OutputFile1.PelvisRotZ
col7  Main.Studies.KinematicStudyForParameterIdentification.JointAngleOutputs.OutputFile1.PelvisThoraxExtension
col8  Main.Studies.KinematicStudyForParameterIdentification.JointAngleOutputs.OutputFile1.PelvisThoraxLateralBending
col9  Main.Studies.KinematicStudyForParameterIdentification.JointAngleOutputs.OutputFile1.PelvisThoraxRotation
col10  Main.Studies.KinematicStudyForParameterIdentification.JointAngleOutputs.OutputFile1.NeckExtension
----------------------------------------------------------
Main.Studies.MotionOptimization.t Main.Studies.KinematicStudyForParameterIdentification.JointAngleOutputs.OutputFile1.PelvisPosX Main.Studies.KinematicStudyForParameterIdentification.JointAngleOutputs.OutputFile1.PelvisPosY Main.Studies.KinematicStudyForParameterIdentification.JointAngleOutputs.OutputFile1.PelvisPosZ Main.Studies.KinematicStudyForParameterIdentification.JointAngleOutputs.OutputFile1.PelvisRotX Main.Studies.KinematicStudyForParameterIdentification.JointAngleOutputs.OutputFile1.PelvisRotY Main.Studies.KinematicStudyForParameterIdentification.JointAngleOutputs.OutputFile1.PelvisRotZ Main.Studies.KinematicStudyForParameterIdentification.JointAngleOutputs.OutputFile1.PelvisThoraxExtension Main.Studies.KinematicStudyForParameterIdentification.JointAngleOutputs.OutputFile1.PelvisThoraxLateralBending Main.Studies.KinematicStudyForParameterIdentification.JointAngleOutputs.OutputFile1.PelvisThoraxRotation Main.Studies.KinematicStudyForParameterIdentification.JointAngleOutputs.OutputFile1.NeckExtension
5.028333333333333e+000 2.972148048416718e-001 2.241694910612554e-001 1.032740969997900e+000 1.422699194913260e+000 -2.643401869463546e-002 3.112494929163903e+000 -3.013154402713965e-001 1.958728874665133e-001 6.725447107371899e-002 0.000000000000000e+000
5.036390804597701e+000 2.885944743373217e-001 2.225351656445238e-001 1.031585946532672e+000 1.422858514154146e+000 -2.718702709127396e-002 3.109669829160117e+000 -3.013288076334464e-001 1.931724317793997e-001 6.735912547958244e-002 0.000000000000000e+000
5.044448275862069e+000 2.797926472174282e-001 2.208092144472511e-001 1.030468999325066e+000 1.423055298384420e+000 -2.822933150956208e-002 3.106437532250121e+000 -3.010775770209409e-001 1.904010198830004e-001 6.802864565497502e-002 0.000000000000000e+000
5.052505747126437e+000 2.708058211543712e-001 2.189929885210995e-001 1.029407759716628e+000 1.423237453417620e+000 -2.937500336181897e-002 3.102738050995671e+000 -3.002994264553652e-001 1.876062956596777e-001 6.916140027780157e-002 0.000000000000000e+000
5.060563218390805e+000 2.616441793459408e-001 2.170951374902849e-001 1.028426330437269e+000 1.423386289244359e+000 -3.043170498772896e-002 3.098589186318958e+000 -2.987737529141722e-001 1.847827338907248e-001 7.061687272716428e-002 0.000000000000000e+000
5.068620689655173e+000 2.523320234604575e-001 2.151312147328058e-001 1.027554282645054e+000 1.423521921851529e+000 -3.119722561545135e-002 3.094088169662736e+000 -2.963261738891344e-001 1.818661778540358e-001 7.217436237382631e-002 0.000000000000000e+000
5.076678160919541e+000 2.429058233676953e-001 2.131231460950005e-001 1.026825119072094e+000 1.423734678364308e+000 -3.149375639669860e-002 3.089383874702086e+000 -2.928695627906107e-001 1.786922696476977e-001 7.357658845760957e-002 0.000000000000000e+000
5.084735632183909e+000 2.334110783893178e-001 2.110992220842473e-001 1.026274283896999e+000 1.424192024617226e+000 -3.119150010855809e-002 3.084642415838123e+000 -2.884216013306833e-001 1.749872104278165e-001 7.458184939692089e-002 0.000000000000000e+000
5.092793103448277e+000 2.238987413565768e-001 2.090924132490947e-001 1.025936777228268e+000 1.425119698474449e+000 -3.022390897605098e-002 3.080020395102053e+000 -2.831059316781003e-001 1.704009105768311e-001 7.501288065517975e-002 0.000000000000000e+000
5.100850574712645e+000 2.144211102974067e-001 2.071359118033304e-001 1.025844269281780e+000 1.426779543146200e+000 -2.860416766887575e-002 3.075653108780167e+000 -2.771546461643252e-001 1.645537201881845e-001 7.478345796092867e-002 0.000000000000000e+000
5.108908045977013e+000 2.050264005636042e-001 2.052573671197325e-001 1.026021201834047e+000 1.429439062998164e+000 -2.644451118232549e-002 3.071661169403988e+000 -2.709141793819542e-001 1.570957448542258e-001 7.389037767995402e-002 0.000000000000000e+000
5.116965517241381e+000 1.957517581360359e-001 2.034741872727793e-001 1.026479254927463e+000 1.433313394712275e+000 -2.396944512458554e-002 3.068162733513324e+000 -2.648375474405342e-001 1.477942698450444e-001 7.239217136395730e-002 0.000000000000000e+000
5.125022988505749e+000 1.866171765154339e-001 2.017906676271131e-001 1.027211179286417e+000 1.438495617659960e+000 -2.150953936460165e-002 3.065268421924391e+000 -2.594462574749517e-001 1.366254976490745e-001 7.039682762639643e-002 0.000000000000000e+000
5.133080459770117e+000 1.776245327326473e-001 2.001968384361521e-001 1.028187701840309e+000 1.444916622124346e+000 -1.945071405007748e-002 3.063053481796979e+000 -2.552435930791386e-001 1.238187256222152e-001 6.804302822485892e-002 0.000000000000000e+000
5.141137931034485e+000 1.687628941421440e-001 1.986712673172222e-001 1.029360718835628e+000 1.452355936245606e+000 -1.812945310478842e-002 3.061526081567909e+000 -2.525821740909245e-001 1.098207251968010e-001 6.546856935643837e-002 0.000000000000000e+000
5.149195402298853e+000 1.600169157566422e-001 1.971901398064073e-001 1.030671851384527e+000 1.460495649162477e+000 -1.772057952634620e-002 3.060620869031143e+000 -2.515466065939600e-001 9.518745085050843e-002 6.278636510249544e-002 0.000000000000000e+000
5.157252873563221e+000 1.513742654367759e-001 1.957392327786808e-001 1.032062775956264e+000 1.468993190118189e+000 -1.818258212949320e-002 3.060237569069996e+000 -2.519223305329267e-001 8.044884643132561e-002 6.006296675263669e-002 0.000000000000000e+000
5.165310344827589e+000 1.428293219566028e-001 1.943210654974502e-001 1.033483954900188e+000 1.477545115178374e+000 -1.928260923329117e-002 3.060309474903510e+000 -2.532639052546549e-001 6.600711120105797e-002 5.728592567290849e-002 0.000000000000000e+000
5.173367816091957e+000 1.343824914767921e-001 1.929533996185999e-001 1.034899621082980e+000 1.485927834601463e+000 -2.068010306674184e-002 3.060847265055644e+000 -2.550244712351847e-001 5.209489279652787e-002 5.434860249500120e-002 0.000000000000000e+000
5.181425287356325e+000 1.260371759171068e-001 1.916618599754566e-001 1.036288658057305e+000 1.494014411100315e+000 -2.203157644166742e-002 3.061916751334485e+000 -2.566957649206065e-001 3.878185731902658e-002 5.109033544674569e-002 0.000000000000000e+000
5.189482758620692e+000 1.177968481058911e-001 1.904711737359580e-001 1.037642237333056e+000 1.501762799412163e+000 -2.308232650366304e-002 3.063573369309212e+000 -2.579211608646255e-001 2.602230875918360e-002 4.738136982243626e-002 0.000000000000000e+000
5.197540229885060e+000 1.096623216454681e-001 1.893980176238299e-001 1.038959471926281e+000 1.509172297014991e+000 -2.371835639868869e-002 3.065810248525934e+000 -2.585532163240174e-001 1.374193503116525e-002 4.320094857376491e-002 0.000000000000000e+000
5.205597701149428e+000 1.016288334013888e-001 1.884465305400396e-001 1.040243093642138e+000 1.516233880099016e+000 -2.395880367220293e-002 3.068549742801172e+000 -2.586314605498760e-001 1.924543874696546e-003 3.865886324000672e-002 0.000000000000000e+000
5.213655172413796e+000 9.368521970493653e-002 1.876064904652849e-001 1.041496959634675e+000 1.522919622178792e+000 -2.390002475039688e-002 3.071668594834619e+000 -2.582990409363973e-001 -9.366919421342114e-003 3.394924263131560e-002 0.000000000000000e+000
5.221712643678164e+000 8.581740491322215e-002 1.868549744809012e-001 1.042725067717769e+000 1.529216286384195e+000 -2.365575052963065e-002 3.075034124026520e+000 -2.577228402838033e-001 -2.004375673397788e-002 2.927178303896866e-002 0.000000000000000e+000
5.229770114942532e+000 7.801364921968412e-002 1.861617002632846e-001 1.043930745562282e+000 1.535154480274730e+000 -2.332217039482032e-002 3.078536510301222e+000 -2.570514762583832e-001 -3.004849257984866e-002 2.476969143379152e-002 0.000000000000000e+000
5.237827586206900e+000 7.026688964281173e-002 1.854960104997563e-001 1.045116261632662e+000 1.540791726677490e+000 -2.296401804056081e-002 3.082111356146254e+000 -2.563953939136914e-001 -3.935169803429411e-002 2.051040988591610e-002 0.000000000000000e+000
5.245885057471268e+000 6.257358937884004e-002 1.848337093158685e-001 1.046283983663579e+000 1.546162512344313e+000 -2.261582805805884e-002 3.085751384400718e+000 -2.558227806414299e-001 -4.790514848821971e-002 1.650093178863977e-002 0.000000000000000e+000
5.253942528735636e+000 5.493199891271929e-002 1.841629164351425e-001 1.047438383146082e+000 1.551241194815437e+000 -2.229517467468334e-002 3.089505592497829e+000 -2.553784437711235e-001 -5.561433662993787e-002 1.271133701545135e-002 0.000000000000000e+000
5.262000000000004e+000 4.734071205633867e-002 1.834861940756609e-001 1.048586613631639e+000 1.555940437420962e+000 -2.201625002079100e-002 3.093461541771977e+000 -2.551074884522485e-001 -6.235255862318860e-002 9.090718049323045e-003 0.000000000000000e+000
5.270057471264372e+000 3.979591549780003e-002 1.828159756062222e-001 1.049736764806802e+000 1.560132787968801e+000 -2.179696292178934e-002 3.097712453890112e+000 -2.550596880512768e-001 -6.798689747728802e-002 5.578150494091882e-003 0.000000000000000e+000
5.278114942528740e+000 3.228874599215537e-002 1.821670650177206e-001 1.050895111215502e+000 1.563678145392439e+000 -2.166116462608247e-002 3.102327361615303e+000 -2.552791998533955e-001 -7.239756885407583e-002 2.109574673020165e-003 0.000000000000000e+000
5.286172413793108e+000 2.480713439209936e-002 1.815536811079206e-001 1.052063734641263e+000 1.566453678894820e+000 -2.163255566295530e-002 3.107339693132067e+000 -2.557942184832503e-001 -7.550573476090723e-002 -1.379848869891591e-003 0.000000000000000e+000
5.294229885057476e+000 1.734189570445799e-002 1.809894120167550e-001 1.053238862921368e+000 1.568396681907446e+000 -2.171952291001844e-002 3.112739318763229e+000 -2.566079181887472e-001 -7.732472199918117e-002 -4.942624554892022e-003 0.000000000000000e+000
5.302287356321844e+000 9.891447271721818e-003 1.804826665443843e-001 1.054410488447412e+000 1.569557268596320e+000 -2.190501851257509e-002 3.118454230548778e+000 -2.576929421926453e-001 -7.801328884564025e-002 -8.590482741764868e-003 0.000000000000000e+000
5.310344827586212e+000 2.461734497921886e-003 1.800303923811493e-001 1.055564211579295e+000 1.570114759660388e+000 -2.215292555472681e-002 3.124347205594767e+000 -2.589974350451841e-001 -7.787359401607813e-002 -1.227790952784316e-002 0.000000000000000e+000
5.318402298850580e+000 -4.937397798263713e-003 1.796190020788600e-001 1.056684830203390e+000 1.570319159812669e+000 -2.242180249932724e-002 3.130249243155525e+000 -2.604579813391231e-001 -7.726664593575455e-002 -1.591546945876395e-002 0.000000000000000e+000
5.326459770114948e+000 -1.229697589870984e-002 1.792325800078004e-001 1.057759519649545e+000 1.570396886662815e+000 -2.267409273181742e-002 3.136009423257343e+000 -2.620098866163979e-001 -7.650237873750980e-002 -1.940198588446003e-002 0.000000000000000e+000
5.334517241379316e+000 -1.961341999138635e-002 1.788624491657203e-001 1.058778986884054e+000 1.570491625158696e+000 -2.288667931869948e-002 3.141535407282737e+000 -2.636007696806082e-001 -7.578283739575964e-002 -2.266108957494338e-002 0.000000000000000e+000
5.342574712643684e+000 -2.689179829556058e-002 1.785143845695494e-001 1.059736901451900e+000 1.570661383461670e+000 -2.306698489977221e-002 3.146817630794772e+000 -2.652107897415305e-001 -7.521423066974635e-002 -2.566819374180875e-002 0.000000000000000e+000
5.350632183908052e+000 -3.414573626354515e-002 1.782092506753604e-001 1.060628611268336e+000 1.570916070813103e+000 -2.325759753608603e-002 3.151926434323933e+000 -2.668609502401207e-001 -7.485806306516261e-002 -2.845323130876559e-002 0.000000000000000e+000
5.358689655172420e+000 -4.139209814351741e-002 1.779717591285107e-001 1.061449469307025e+000 1.571270777577761e+000 -2.351264287018329e-002 3.156964306393355e+000 -2.685917291833444e-001 -7.477855709047607e-002 -3.107302067635668e-002 0.000000000000000e+000
5.366747126436787e+000 -4.864196508955904e-002 1.778107207348770e-001 1.062193312485045e+000 1.571771182911121e+000 -2.384952136696095e-002 3.161987334308911e+000 -2.704142494304596e-001 -7.503682524934588e-002 -3.357024905542683e-002 0.000000000000000e+000
5.374804597701155e+000 -5.589381292221096e-002 1.777080774733524e-001 1.062852818690719e+000 1.572468975268943e+000 -2.420085916154058e-002 3.166958852654946e+000 -2.722569644008815e-001 -7.563884953349126e-002 -3.595695642204164e-002 0.000000000000000e+000
5.382862068965523e+000 -6.313485858870753e-002 1.776297940313619e-001 1.063422058411842e+000 1.573392266337837e+000 -2.441091972295073e-002 3.171781785485673e+000 -2.739561843243706e-001 -7.652288717308056e-002 -3.823269615595176e-002 0.000000000000000e+000
5.390919540229891e+000 -7.035020222650952e-002 1.775479507143887e-001 1.063898186115428e+000 1.574552953352962e+000 -2.430441067564648e-002 3.176376843296160e+000 -2.753267676134216e-001 -7.761888945086189e-002 -4.040674311023179e-002 0.000000000000000e+000
5.398977011494259e+000 -7.753280037937020e-002 1.774542966318580e-001 1.064280212135931e+000 1.575959711602617e+000 -2.378589675203546e-002 3.180737203300707e+000 -2.762703363600381e-001 -7.889824863264484e-002 -4.250412863259139e-002 0.000000000000000e+000
5.407034482758627e+000 -8.468695209877984e-002 1.773592590709816e-001 1.064567034369302e+000 1.577609581260179e+000 -2.288403599927791e-002 3.184925902006230e+000 -2.768250656463883e-001 -8.036583727853024e-002 -4.456357217317544e-002 0.000000000000000e+000
5.415091954022995e+000 -9.182390835097563e-002 1.772819902700474e-001 1.064757053974085e+000 1.579490786861526e+000 -2.170686547943368e-002 3.189030743663196e+000 -2.771169688690876e-001 -8.204570845538085e-002 -4.663490772996209e-002 0.000000000000000e+000
5.423149425287363e+000 -9.895466526487738e-002 1.772390725611216e-001 1.064848763053149e+000 1.581612516942532e+000 -2.035852203872857e-002 3.193115674905856e+000 -2.772666334311634e-001 -8.399309081937952e-002 -4.876899516813142e-002 0.000000000000000e+000
5.431206896551731e+000 -1.060856370847242e-001 1.772386791241968e-001 1.064841033071686e+000 1.584029329836315e+000 -1.888407670138181e-002 3.197201573573194e+000 -2.773265082846120e-001 -8.630590697305761e-002 -5.099962190972417e-002 0.000000000000000e+000
5.439264367816099e+000 -1.132188674197829e-001 1.772815040498308e-001 1.064732838635257e+000 1.586834487500040e+000 -1.726816790994890e-002 3.201278354501538e+000 -2.772786201619135e-001 -8.911173475010747e-002 -5.333384365898682e-002 0.000000000000000e+000
5.447321839080467e+000 -1.203551576948676e-001 1.773632832506581e-001 1.064522612499355e+000 1.590130483280555e+000 -1.547498797740121e-002 3.205321764612043e+000 -2.770767203949348e-001 -9.253516342987166e-002 -5.575608529701071e-002 0.000000000000000e+000
5.455379310344835e+000 -1.274978475427716e-001 1.774765529551482e-001 1.064207809364532e+000 1.594002345958899e+000 -1.349633431978159e-002 3.209296409252955e+000 -2.766943850470008e-001 -9.667175093959302e-002 -5.823279774004648e-002 0.000000000000000e+000
5.463436781609203e+000 -1.346551295423361e-001 1.776139687303723e-001 1.063785255945078e+000 1.598507640004674e+000 -1.137587521534145e-002 3.213152438599059e+000 -2.761480612077037e-001 -1.015858170921028e-001 -6.071248384206283e-002 0.000000000000000e+000
5.471494252873571e+000 -1.418392297153363e-001 1.777718848447556e-001 1.063252145699506e+000 1.603674160545320e+000 -9.198961269056838e-003 3.216827680070515e+000 -2.754879294204360e-001 -1.073144492559421e-001 -6.312696170304691e-002 0.000000000000000e+000
5.479551724137939e+000 -1.490629535267547e-001 1.779499572970686e-001 1.062607284105810e+000 1.609495151673386e+000 -7.055148887080254e-003 3.220257149094191e+000 -2.747620384133170e-001 -1.138555424924684e-001 -6.539771995103916e-002 0.000000000000000e+000
5.487609195402307e+000 -1.563362728206982e-001 1.781467776007346e-001 1.061852458006530e+000 1.615927185441809e+000 -4.995272025194231e-003 3.223386277089028e+000 -2.739730237535619e-001 -1.211485189088997e-001 -6.745051728459478e-002 0.000000000000000e+000
5.495666666666675e+000 -1.636652904218889e-001 1.783561029645101e-001 1.060993617966619e+000 1.622892808219212e+000 -3.017222210927706e-003 3.226182320209284e+000 -2.730656468179823e-001 -1.290641626125451e-001 -6.923693449993990e-002 0.000000000000000e+000
5.503724137931043e+000 -1.710539490663769e-001 1.785676224155184e-001 1.060041186445545e+000 1.630279520043491e+000 -1.096254081268677e-003 3.228638869008659e+000 -2.719648801511162e-001 -1.374054816625149e-001 -7.074869746315844e-002 0.000000000000000e+000
5.511781609195411e+000 -1.785070649917458e-001 1.787713147994653e-001 1.059009141138272e+000 1.637938111372947e+000 7.669598449799864e-004 3.230770167875419e+000 -2.706334300718791e-001 -1.459224314254082e-001 -7.201104056185415e-002 0.000000000000000e+000
5.519839080459779e+000 -1.860323358871458e-001 1.789604690342286e-001 1.057913380526508e+000 1.645687103681859e+000 2.524219966948404e-003 3.232595363341589e+000 -2.690991178244393e-001 -1.543342339870790e-001 -7.305758824162800e-002 0.000000000000000e+000
5.527896551724147e+000 -1.936389773880149e-001 1.791304755371672e-001 1.056770468396114e+000 1.653314454815973e+000 4.104229266647330e-003 3.234119856752158e+000 -2.674320271432155e-001 -1.623361083258672e-001 -7.390023496229933e-002 0.000000000000000e+000
5.535954022988515e+000 -2.013326666595238e-001 1.792761089049071e-001 1.055597631823520e+000 1.660577838414627e+000 5.469149607717494e-003 3.235323886992150e+000 -2.656877176224463e-001 -1.695968171768595e-001 -7.451257191695263e-002 0.000000000000000e+000
5.544011494252882e+000 -2.091106958891006e-001 1.793915622950472e-001 1.054413265579797e+000 1.667222986257478e+000 6.660464528145393e-003 3.236162340262612e+000 -2.638580442289266e-001 -1.757833641827651e-001 -7.484074380971452e-002 0.000000000000000e+000
5.552068965517250e+000 -2.169625967718711e-001 1.794737163202840e-001 1.053235634679675e+000 1.673021903883986e+000 7.787719976442675e-003 3.236576630728804e+000 -2.618767973799958e-001 -1.806165810849768e-001 -7.483155413843913e-002 0.000000000000000e+000
5.560126436781618e+000 -2.248763869597993e-001 1.795263826148189e-001 1.052079347643634e+000 1.677815207595735e+000 8.961547432200234e-003 3.236521496281289e+000 -2.596808558562982e-001 -1.839309480329580e-001 -7.445701148393490e-002 0.000000000000000e+000
5.568183908045986e+000 -2.328453014595834e-001 1.795632252256854e-001 1.050952558452045e+000 1.681544991588760e+000 1.023237025315193e-002 3.235999280296347e+000 -2.572624046746758e-001 -1.857157102182417e-001 -7.373284653476812e-002 0.000000000000000e+000
5.576241379310354e+000 -2.408708880360008e-001 1.796065006457359e-001 1.049856967260290e+000 1.684258948425530e+000 1.158208791287674e-002 3.235080130840475e+000 -2.546641152559382e-001 -1.861085262945950e-001 -7.273196001458150e-002 0.000000000000000e+000
5.584298850574722e+000 -2.489623601061545e-001 1.796814014419153e-001 1.048789679896889e+000 1.686074215768461e+000 1.295321922842052e-002 3.233897601704902e+000 -2.519412071819272e-001 -1.853307489060152e-001 -7.158098205974921e-002 0.000000000000000e+000
5.592356321839090e+000 -2.571339675789051e-001 1.798110452985285e-001 1.047746131516725e+000 1.687124268478496e+000 1.428399845394734e-002 3.232627558555962e+000 -2.491264710061091e-001 -1.836076933167447e-001 -7.043579829020397e-002 0.000000000000000e+000
5.600413793103458e+000 -2.654021111010704e-001 1.800146192368980e-001 1.046723616490903e+000 1.687524779905255e+000 1.553560982933155e-002 3.231458585248041e+000 -2.462072711601911e-001 -1.811226258347912e-001 -6.944800599750811e-002 0.000000000000000e+000
5.608471264367826e+000 -2.737828520571517e-001 1.803060537728062e-001 1.045723812433568e+000 1.687369535899190e+000 1.670083423245394e-002 3.230565717936137e+000 -2.431251366572005e-001 -1.780087299444174e-001 -6.873853596653680e-002 0.000000000000000e+000
5.616528735632194e+000 -2.822891544305079e-001 1.806927122241430e-001 1.044753643580728e+000 1.686742175332356e+000 1.779339470466512e-002 3.230098491661323e+000 -2.398025769347307e-001 -1.743602313061225e-001 -6.838593587460552e-002 0.000000000000000e+000
5.624586206896562e+000 -2.909277918925978e-001 1.811757057263073e-001 1.043825026799106e+000 1.685723943096216e+000 1.883555572803108e-002 3.230175455887245e+000 -2.361742794701686e-001 -1.702444006429847e-001 -6.842008571771205e-002 0.000000000000000e+000
5.632643678160930e+000 -2.996967712866785e-001 1.817516125414318e-001 1.042953270444624e+000 1.684388502379152e+000 1.985560745990322e-002 3.230874776455228e+000 -2.322032164727272e-001 -1.657040112874650e-001 -6.881057057833641e-002 0.000000000000000e+000
5.640701149425298e+000 -3.085832176647783e-001 1.824135860041417e-001 1.042154323949657e+000 1.682789035540843e+000 2.089078821710722e-002 3.232218980209045e+000 -2.278859342827814e-001 -1.607527264002648e-001 -6.945380119131153e-002 0.000000000000000e+000
5.648758620689666e+000 -3.175614275767131e-001 1.831506982416969e-001 1.041443034123800e+000 1.680945192928856e+000 2.199191757354924e-002 3.234156242845426e+000 -2.232511796040829e-001 -1.553682952913633e-001 -7.017542426147677e-002 0.000000000000000e+000
5.656816091954034e+000 -3.265925050977622e-001 1.839476636764812e-001 1.040834241222819e+000 1.678823076589188e+000 2.322700327433203e-002 3.236557319313615e+000 -2.183528060810368e-001 -1.494729201325408e-001 -7.076116477044098e-002 0.000000000000000e+000
5.664873563218402e+000 -3.356276470497849e-001 1.847868826989148e-001 1.040345292023988e+000 1.676301535382427e+000 2.467340977911103e-002 3.239246641876297e+000 -2.132677960064505e-001 -1.428925942206102e-001 -7.100484160186636e-002 0.000000000000000e+000
5.672931034482770e+000 -3.446150480631722e-001 1.856507862668536e-001 1.039996540994173e+000 1.673154864599320e+000 2.639181115869937e-002 3.242049205102846e+000 -2.081077266847710e-001 -1.353337730861714e-001 -7.074860837034006e-002 0.000000000000000e+000
5.680988505747138e+000 -3.535081583968699e-001 1.865228452650131e-001 1.039807615560236e+000 1.669090814264301e+000 2.838487579031557e-002 3.244816494310295e+000 -2.030452392156422e-001 -1.264317490298376e-001 -6.990041709075832e-002 0.000000000000000e+000
5.689045977011506e+000 -3.622728394663538e-001 1.873894936338003e-001 1.039790002594253e+000 1.663833420344325e+000 3.055008769462830e-002 3.247423679886156e+000 -1.983515216604265e-001 -1.158660934417528e-001 -6.842613000470417e-002 0.000000000000000e+000
5.697103448275874e+000 -3.708920158238090e-001 1.882442369254919e-001 1.039939597992787e+000 1.657212429033736e+000 3.265173504827224e-002 3.249760179935513e+000 -1.944135816211719e-001 -1.034916756607598e-001 -6.632747897581720e-002 0.000000000000000e+000
5.705160919540242e+000 -3.793668506976607e-001 1.890904690991668e-001 1.040233865613598e+000 1.649233826244232e+000 3.434486069007114e-002 3.251729058973678e+000 -1.916869112298220e-001 -8.943600865207436e-002 -6.362330615008428e-002 0.000000000000000e+000
5.713218390804610e+000 -3.877133172635268e-001 1.899389443011359e-001 1.040635609442667e+000 1.640106370938292e+000 3.526156284354731e-002 3.253254598000198e+000 -1.905767981878022e-001 -7.411721701580906e-002 -6.034455333366684e-002 0.000000000000000e+000
5.721275862068977e+000 -3.959549043572370e-001 1.908006407986516e-001 1.041101215332168e+000 1.630199501622190e+000 3.512924806496742e-002 3.254297777928315e+000 -1.912958994418195e-001 -5.815423296436249e-002 -5.654508539899110e-002 0.000000000000000e+000
5.729333333333345e+000 -4.041152691223879e-001 1.916804540930060e-001 1.041588641813725e+000 1.619939654670225e+000 3.385554465880580e-002 3.254875849234615e+000 -1.937788446813605e-001 -4.219916083149002e-002 -5.231844793450406e-002 0.000000000000000e+000
5.737390804597713e+000 -4.122145577574921e-001 1.925766811007457e-001 1.042061884330066e+000 1.609692896786793e+000 3.152793808726151e-002 3.255069698176486e+000 -1.977091907581542e-001 -2.677607551022911e-002 -4.780172876960004e-002 0.000000000000000e+000
5.745448275862081e+000 -4.202693695255076e-001 1.934853327302587e-001 1.042492750286695e+000 1.599691519776223e+000 2.834535756572287e-002 3.255006126555910e+000 -2.026296774898291e-001 -1.220057839237596e-002 -4.315795346498368e-002 0.000000000000000e+000
5.753505747126449e+000 -4.282930983480778e-001 1.944030120604673e-001 1.042862459734355e+000 1.590032001640827e+000 2.454892355451688e-002 3.254822186499554e+000 -2.080518787392128e-001 1.407791840566526e-003 -3.854866632833189e-002 0.000000000000000e+000
5.761563218390817e+000 -4.362939404191853e-001 1.953240174019084e-001 1.043164052955450e+000 1.580735864621103e+000 2.039712299693441e-002 3.254633284576550e+000 -2.135112143747694e-001 1.405105547496002e-002 -3.411771816688054e-002 0.000000000000000e+000
5.769620689655185e+000 -4.442711596020381e-001 1.962347741276664e-001 1.043405155936866e+000 1.571842274732007e+000 1.617556864566261e-002 3.254521179226511e+000 -2.185773196426654e-001 2.575130405009138e-002 -2.999479383027211e-002 0.000000000000000e+000
5.777678160919553e+000 -4.522136075180028e-001 1.971124655161552e-001 1.043609177424346e+000 1.563473299196199e+000 1.219275955145860e-002 3.254532351494896e+000 -2.228717014959881e-001 3.647313174872966e-002 -2.629522996229882e-002 0.000000000000000e+000
5.785735632183921e+000 -4.601057784307527e-001 1.979301751099226e-001 1.043810842897344e+000 1.555799637120908e+000 8.708426970400307e-003 3.254655930216907e+000 -2.261466528730874e-001 4.614322846628265e-002 -2.307722393385735e-002 0.000000000000000e+000
5.793793103448289e+000 -4.679416035633793e-001 1.986646622085204e-001 1.044044316422533e+000 1.548904456856258e+000 5.798280991527349e-003 3.254775271565165e+000 -2.284177198861702e-001 5.477868499627026e-002 -2.026529505607756e-002 0.000000000000000e+000
5.801850574712657e+000 -4.757352000312001e-001 1.993025423155367e-001 1.044330827842838e+000 1.542669064925643e+000 3.266854173086253e-003 3.254652044083232e+000 -2.300338827612056e-001 6.259767864243322e-002 -1.762377495820690e-002 0.000000000000000e+000
5.809908045977025e+000 -4.835147864960331e-001 1.998431592887830e-001 1.044676233445929e+000 1.536822093324633e+000 7.402370579503437e-004 3.254008450482601e+000 -2.315533782114070e-001 6.995977464949474e-002 -1.484996710250343e-002 0.000000000000000e+000
5.817965517241393e+000 -4.913011453548976e-001 2.002964572942867e-001 1.045079444337221e+000 1.531138253958012e+000 -2.092126415997431e-003 3.252669167260297e+000 -2.334627646666440e-001 7.715179067828423e-002 -1.173542583926444e-002 0.000000000000000e+000
5.826022988505761e+000 -4.990898943663521e-001 2.006754282126171e-001 1.045541811966501e+000 1.525612858654631e+000 -5.289553936663305e-003 3.250639827281131e+000 -2.359550604301404e-001 8.420631330003442e-002 -8.263050906378553e-003 0.000000000000000e+000
5.834080459770129e+000 -5.068543508446882e-001 2.009892572529514e-001 1.046068504249129e+000 1.520459436100251e+000 -8.681203849049579e-003 3.248065307878293e+000 -2.389316456263770e-001 9.090847938967986e-002 -4.574152019790017e-003 0.000000000000000e+000
5.842137931034497e+000 -5.145652471743637e-001 2.012451893056061e-001 1.046662633818291e+000 1.515954924395841e+000 -1.204188775618187e-002 3.245135540250747e+000 -2.421753953840007e-001 9.695467100038012e-002 -8.648858517682159e-004 0.000000000000000e+000
5.850195402298865e+000 -5.222080821615146e-001 2.014544881537164e-001 1.047319660248621e+000 1.512284269947452e+000 -1.523904993154268e-002 3.242018360223801e+000 -2.455095165719688e-001 1.021118132405448e-001 2.694634993684410e-003 0.000000000000000e+000
5.858252873563233e+000 -5.297839212690650e-001 2.016288307609023e-001 1.048027407883176e+000 1.509488210573239e+000 -1.823238759719703e-002 3.238822326499368e+000 -2.488190195933612e-001 1.062900562444803e-001 5.990588092270523e-003 0.000000000000000e+000
5.866310344827601e+000 -5.372988173520952e-001 2.017690633461831e-001 1.048770343735869e+000 1.507497761868921e+000 -2.098338026048108e-002 3.235571462589086e+000 -2.519848243268564e-001 1.095344941715329e-001 8.973321108479503e-003 0.000000000000000e+000
5.874367816091969e+000 -5.447567943909195e-001 2.018628085713239e-001 1.049533120256280e+000 1.506184910869298e+000 -2.341273960597023e-002 3.232209194126515e+000 -2.548621723324442e-001 1.119772936714723e-001 1.166048006248752e-002 0.000000000000000e+000
5.882425287356337e+000 -5.521607618325731e-001 2.018941269837173e-001 1.050300904750265e+000 1.505391340294063e+000 -2.544298715941062e-002 3.228641642646668e+000 -2.573370243770419e-001 1.137938617131196e-001 1.412391869471236e-002 0.000000000000000e+000
5.890482758620705e+000 -5.595145206730047e-001 2.018533556074733e-001 1.051058658812137e+000 1.504953893749193e+000 -2.705172166408110e-002 3.224793185333280e+000 -2.593834146420735e-001 1.151665254010302e-001 1.645325931640293e-002 0.000000000000000e+000
5.898540229885072e+000 -5.668210251679087e-001 2.017396199446492e-001 1.051792161707020e+000 1.504746846966309e+000 -2.827019327446045e-002 3.220645653731975e+000 -2.610551067009834e-001 1.162386874409997e-001 1.870846468268196e-002 0.000000000000000e+000
5.906597701149440e+000 -5.740795331333728e-001 2.015580604658083e-001 1.052489965518731e+000 1.504708967528866e+000 -2.914118606871030e-002 3.216250316567936e+000 -2.624293161527687e-001 1.170887518870971e-001 2.088809745338681e-002 0.000000000000000e+000
5.914655172413808e+000 -5.812866507984816e-001 2.013172100693534e-001 1.053143390925355e+000 1.504818064565134e+000 -2.969381931920712e-002 3.211713283740370e+000 -2.635678579983406e-001 1.177591498687056e-001 2.293347700159350e-002 0.000000000000000e+000
5.922712643678176e+000 -5.884405522827333e-001 2.010294164509223e-001 1.053744426341539e+000 1.505034930244410e+000 -2.994857077814483e-002 3.207171469182186e+000 -2.645148108556408e-001 1.183121254816052e-001 2.475351772411210e-002 0.000000000000000e+000
5.930770114942544e+000 -5.955428625080030e-001 2.007124406415731e-001 1.054284010808559e+000 1.505259574819436e+000 -2.991867344293109e-002 3.202775387700405e+000 -2.652978573735455e-001 1.188698284359362e-001 2.624514216005855e-002 0.000000000000000e+000
5.938827586206912e+000 -6.025962431319392e-001 2.003884685607379e-001 1.054751797780759e+000 1.505312983574680e+000 -2.959598918885531e-002 3.198673565268031e+000 -2.659184409930927e-001 1.196339738484718e-001 2.731033660648491e-002 0.000000000000000e+000
5.946885057471280e+000 -6.096019960009290e-001 2.000770865650143e-001 1.055137619045569e+000 1.504965950218964e+000 -2.894985757893354e-002 3.194981063984516e+000 -2.663543252484893e-001 1.208632472795950e-001 2.788462966847809e-002 0.000000000000000e+000
5.954942528735648e+000 -6.165626413867636e-001 1.997808771850707e-001 1.055435563659074e+000 1.504057864562155e+000 -2.797017470339358e-002 3.191717596841821e+000 -2.666041352316246e-001 1.227529831721107e-001 2.798771796376545e-002 0.000000000000000e+000
5.963000000000016e+000 -6.234874578312829e-001 1.994726879434570e-001 1.055648486217121e+000 1.502658771708173e+000 -2.672952117674621e-002 3.188749306565253e+000 -2.667501730509599e-001 1.252564641467203e-001 2.776897930967756e-002 0.000000000000000e+000
5.971057471264384e+000 -6.303934155916587e-001 1.991007550084180e-001 1.055787599264397e+000 1.501105269280713e+000 -2.538603424534247e-002 3.185813944964903e+000 -2.669591262141834e-001 1.280316864471446e-001 2.748360276976881e-002 0.000000000000000e+000
5.979114942528752e+000 -6.372989800650561e-001 1.986128018822427e-001 1.055866149048502e+000 1.499818400836271e+000 -2.410260595818681e-002 3.182641038126131e+000 -2.673949949441366e-001 1.306291906334908e-001 2.739105352438495e-002 0.000000000000000e+000
5.987172413793120e+000 -6.442164922409316e-001 1.979809375173851e-001 1.055892020816238e+000 1.499037888586188e+000 -2.295705341431309e-002 3.179075292414244e+000 -2.681250191161854e-001 1.327845756053269e-001 2.765483822704778e-002 0.000000000000000e+000
5.995229885057488e+000 -6.511492566612734e-001 1.972111204770692e-001 1.055863882585398e+000 1.498688005456171e+000 -2.192014262822917e-002 3.175116518251289e+000 -2.691003828613951e-001 1.345701628942421e-001 2.831405091189808e-002 0.000000000000000e+000
6.003287356321856e+000 -6.580943528742645e-001 1.963348534484555e-001 1.055772419517272e+000 1.498450089494004e+000 -2.090222868752445e-002 3.170869962817332e+000 -2.702097061752885e-001 1.363148266709200e-001 2.932294609240749e-002 0.000000000000000e+000
6.011344827586224e+000 -6.650480498740646e-001 1.953907641851884e-001 1.055605313278827e+000 1.497946090021643e+000 -1.982042467911738e-002 3.166458158413227e+000 -2.713526891692868e-001 1.384028381677777e-001 3.061264951817623e-002 0.000000000000000e+000
6.019402298850592e+000 -6.720098484748893e-001 1.944087014385552e-001 1.055352191181780e+000 1.496890070352613e+000 -1.864343423194859e-002 3.161950639047451e+000 -2.724881015617825e-001 1.411108197102237e-001 3.213794565326181e-002 0.000000000000000e+000
6.027459770114960e+000 -6.789835201663469e-001 1.934055729510485e-001 1.055006644901299e+000 1.495132504019030e+000 -1.739861157978706e-002 3.157339603386188e+000 -2.736386647086361e-001 1.445597649879452e-001 3.389888569431734e-002 0.000000000000000e+000
6.035517241379328e+000 -6.859762667111997e-001 1.923895150185460e-001 1.054565844627729e+000 1.492622823100970e+000 -1.614880862821688e-002 3.152553375140537e+000 -2.748614097452553e-001 1.487575084603872e-001 3.594403621141460e-002 0.000000000000000e+000
6.043574712643696e+000 -6.929973157319035e-001 1.913625825800492e-001 1.054029652566177e+000 1.489365807459478e+000 -1.495613780282712e-002 3.147482938250248e+000 -2.762045990549342e-001 1.536536305442055e-001 3.835782846370663e-002 0.000000000000000e+000
6.051632183908064e+000 -7.000564728692904e-001 1.903206181050596e-001 1.053399960507451e+000 1.485412020181230e+000 -1.385374252931881e-002 3.142019008393222e+000 -2.776756388813531e-001 1.591562888901504e-001 4.122072432918753e-002 0.000000000000000e+000
6.059689655172432e+000 -7.071635141388780e-001 1.892560564689776e-001 1.052679797657578e+000 1.480856850616844e+000 -1.284531606451300e-002 3.136114548525980e+000 -2.792410489809905e-001 1.651360648310349e-001 4.454270256358999e-002 0.000000000000000e+000
6.067747126436800e+000 -7.143282668723208e-001 1.881646440724368e-001 1.051871847035840e+000 1.475811990224952e+000 -1.192678746832243e-002 3.129844422675643e+000 -2.808521323166361e-001 1.714600599380806e-001 4.821286234706363e-002 0.000000000000000e+000
6.075804597701167e+000 -7.215591191499129e-001 1.870514493205715e-001 1.050977344682646e+000 1.470364516638513e+000 -1.109691844417959e-002 3.123397300092199e+000 -2.824609716144940e-001 1.780307695532173e-001 5.201877810160866e-002 0.000000000000000e+000
6.083862068965535e+000 -7.288600809470675e-001 1.859319234580061e-001 1.049997108821190e+000 1.464574898070185e+000 -1.034432944815600e-002 3.116997514769976e+000 -2.840124004130087e-001 1.847673133934396e-001 5.572413513674428e-002 0.000000000000000e+000
6.091919540229903e+000 -7.362302639397790e-001 1.848270183597029e-001 1.048934801432430e+000 1.458525071949134e+000 -9.633651804993315e-003 3.110832684755855e+000 -2.854322487782350e-001 1.915365653681400e-001 5.913209385151511e-002 0.000000000000000e+000
6.099977011494271e+000 -7.436665674697254e-001 1.837555929759769e-001 1.047800241929911e+000 1.452363733602766e+000 -8.900702659323967e-003 3.105034030418473e+000 -2.866203934740161e-001 1.981110651213796e-001 6.209885710624789e-002 0.000000000000000e+000
6.108034482758639e+000 -7.511656886007778e-001 1.827294187441383e-001 1.046610488097671e+000 1.446305261405771e+000 -8.051378449242419e-003 3.099686829688822e+000 -2.874483765446541e-001 2.041907559500901e-001 6.452652103314552e-002 0.000000000000000e+000
6.116091954023007e+000 -7.587239895820624e-001 1.817525605835051e-001 1.045388166684069e+000 1.440599437279710e+000 -6.974063034584033e-003 3.094839477375436e+000 -2.877770270339480e-001 2.094485239248355e-001 6.635911992092954e-002 0.000000000000000e+000
6.124149425287375e+000 -7.663380799269801e-001 1.808222740861889e-001 1.044157841582473e+000 1.435501924093022e+000 -5.571030499492702e-003 3.090503806447743e+000 -2.874940850042279e-001 2.135635913472429e-001 6.757792534239371e-002 0.000000000000000e+000
6.132206896551743e+000 -7.740079066666349e-001 1.799294654961082e-001 1.042941352372702e+000 1.431240800635065e+000 -3.801567946301931e-003 3.086654275707879e+000 -2.865569679553912e-001 2.162616651628366e-001 6.819655357535881e-002 0.000000000000000e+000
6.140264367816111e+000 -7.817400991146252e-001 1.790600192236579e-001 1.041753316912813e+000 1.427968907087690e+000 -1.736303675667683e-003 3.083237365629763e+000 -2.850461899896722e-001 2.173802660382785e-001 6.826220274302129e-002 0.000000000000000e+000
6.148321839080479e+000 -7.895488063133032e-001 1.781981015051624e-001 1.040598780889450e+000 1.425718514090947e+000 4.004721998449590e-004 3.080187029279393e+000 -2.832106542290908e-001 2.169277785126217e-001 6.786139119781809e-002 0.000000000000000e+000
6.156379310344847e+000 -7.974546472298908e-001 1.773297364518716e-001 1.039475153078617e+000 1.424382814024086e+000 2.267354412522238e-003 3.077421661408507e+000 -2.814205924409555e-001 2.150945582178642e-001 6.712986814814639e-002 0.000000000000000e+000
6.164436781609215e+000 -8.054825894878929e-001 1.764443389622198e-001 1.038378426180188e+000 1.423736064638416e+000 3.541015007035409e-003 3.074821327099701e+000 -2.800001690482875e-001 2.122097211120658e-001 6.625878517196211e-002 0.000000000000000e+000
6.172494252873583e+000 -8.136575494817171e-001 1.755344038545139e-001 1.037310499121533e+000 1.423491593219744e+000 4.057245169246215e-003 3.072225255331305e+000 -2.790621211668222e-001 2.086615917591140e-001 6.546895220557748e-002 0.000000000000000e+000
6.180551724137951e+000 -8.219985774324788e-001 1.745940848080272e-001 1.036284154195084e+000 1.423386626745198e+000 3.859775482443872e-003 3.069470311242139e+000 -2.784697399030789e-001 2.048010521007070e-001 6.494874261176487e-002 0.000000000000000e+000
6.188609195402319e+000 -8.305144280576354e-001 1.736166952046786e-001 1.035324378399092e+000 1.423264654165507e+000 3.159107638964986e-003 3.066439694917380e+000 -2.779140890296352e-001 2.008546625419330e-001 6.479615016463443e-002 0.000000000000000e+000
6.196666666666687e+000 -8.392017281914826e-001 1.725932434216699e-001 1.034465699406972e+000 1.423106846684505e+000 2.255124706790790e-003 3.063086242385122e+000 -2.770277456415036e-001 1.968918088737755e-001 6.499859608355527e-002 0.000000000000000e+000
