---- AnyBody Output File ---------------------------------
Study: Main.Studies.MotionOptimization
Operation: Main.Studies.MotionOptimization.Kinematics
----------------------------------------------------------
Constants (Name = Value): 
Main.Studies.KinematicStudyForParameterIdentification.JointAngleOutputs.OutputFile6.FileName = "..\Input\Subjects\PS\Overground Gait Trials\PS_ngait_og_ss7\PS_ngait_og_ss7-output-euler-leftarm.txt"
Main.Studies.KinematicStudyForParameterIdentification.JointAngleOutputs.OutputFile6.NumberFormat.Digits = 15
Main.Studies.KinematicStudyForParameterIdentification.JointAngleOutputs.OutputFile6.NumberFormat.Width = 22
Main.Studies.KinematicStudyForParameterIdentification.JointAngleOutputs.OutputFile6.NumberFormat.Style = ScientificNumber
Main.Studies.KinematicStudyForParameterIdentification.JointAngleOutputs.OutputFile6.NumberFormat.FormatStr = "%22.15e"
Main.Studies.KinematicStudyForParameterIdentification.JointAngleOutputs.OutputFile6.Search = 
Main.Studies.KinematicStudyForParameterIdentification.JointAngleOutputs.OutputFile6.Format = 0
Main.Studies.KinematicStudyForParameterIdentification.JointAngleOutputs.OutputFile6.SepSign = " "
Main.Studies.KinematicStudyForParameterIdentification.JointAngleOutputs.OutputFile6.LineSepSign = ""
Main.Studies.KinematicStudyForParameterIdentification.JointAngleOutputs.OutputFile6.Header.TitleSectionOnOff = On
Main.Studies.KinematicStudyForParameterIdentification.JointAngleOutputs.OutputFile6.Header.ConstSectionOnOff = On
Main.Studies.KinematicStudyForParameterIdentification.JointAngleOutputs.OutputFile6.Header.ConstSectionSaveOptionsOnOff = On
Main.Studies.KinematicStudyForParameterIdentification.JointAngleOutputs.OutputFile6.Header.VarSectionOnOff = On
Main.Studies.KinematicStudyForParameterIdentification.JointAngleOutputs.OutputFile6.Header.ColumnNamesOnOff = On
Main.Studies.KinematicStudyForParameterIdentification.JointAngleOutputs.OutputFile6.Header.LinePrefix = ""
Main.Studies.KinematicStudyForParameterIdentification.JointAngleOutputs.OutputFile6.ConstSectionSaveOptionsOnOff = On
----------------------------------------------------------
Variables (Column# Name): 
col0  Main.Studies.MotionOptimization.t
col1  Main.Studies.KinematicStudyForParameterIdentification.JointAngleOutputs.OutputFile6.SternoClavicularProtraction
col2  Main.Studies.KinematicStudyForParameterIdentification.JointAngleOutputs.OutputFile6.SternoClavicularElevation
col3  Main.Studies.KinematicStudyForParameterIdentification.JointAngleOutputs.OutputFile6.SternoClavicularAxialRotation
col4  Main.Studies.KinematicStudyForParameterIdentification.JointAngleOutputs.OutputFile6.GlenohumeralFlexion
col5  Main.Studies.KinematicStudyForParameterIdentification.JointAngleOutputs.OutputFile6.GlenohumeralExternalRotation
col6  Main.Studies.KinematicStudyForParameterIdentification.JointAngleOutputs.OutputFile6.GlenohumeralAbduction
col7  Main.Studies.KinematicStudyForParameterIdentification.JointAngleOutputs.OutputFile6.ElbowFlexion
col8  Main.Studies.KinematicStudyForParameterIdentification.JointAngleOutputs.OutputFile6.ElbowPronation
col9  Main.Studies.KinematicStudyForParameterIdentification.JointAngleOutputs.OutputFile6.WristFlexion
col10  Main.Studies.KinematicStudyForParameterIdentification.JointAngleOutputs.OutputFile6.WristAbduction
----------------------------------------------------------
Main.Studies.MotionOptimization.t Main.Studies.KinematicStudyForParameterIdentification.JointAngleOutputs.OutputFile6.SternoClavicularProtraction Main.Studies.KinematicStudyForParameterIdentification.JointAngleOutputs.OutputFile6.SternoClavicularElevation Main.Studies.KinematicStudyForParameterIdentification.JointAngleOutputs.OutputFile6.SternoClavicularAxialRotation Main.Studies.KinematicStudyForParameterIdentification.JointAngleOutputs.OutputFile6.GlenohumeralFlexion Main.Studies.KinematicStudyForParameterIdentification.JointAngleOutputs.OutputFile6.GlenohumeralExternalRotation Main.Studies.KinematicStudyForParameterIdentification.JointAngleOutputs.OutputFile6.GlenohumeralAbduction Main.Studies.KinematicStudyForParameterIdentification.JointAngleOutputs.OutputFile6.ElbowFlexion Main.Studies.KinematicStudyForParameterIdentification.JointAngleOutputs.OutputFile6.ElbowPronation Main.Studies.KinematicStudyForParameterIdentification.JointAngleOutputs.OutputFile6.WristFlexion Main.Studies.KinematicStudyForParameterIdentification.JointAngleOutputs.OutputFile6.WristAbduction
5.028333333333333e+000 -7.025829529918078e-001 1.874459202071412e-001 -3.490658494342478e-001 -2.818181560100164e-002 9.774578024785352e-001 3.249736907807423e-002 2.108523415887319e-001 0.000000000000000e+000 2.220446049250313e-016 0.000000000000000e+000
5.036390804597701e+000 -7.022391986930642e-001 1.857521322442761e-001 -3.490658172155656e-001 -3.400795343998331e-002 9.767153093139733e-001 3.155400166085352e-002 2.118985544612003e-001 0.000000000000000e+000 2.220446049250313e-016 0.000000000000000e+000
5.044448275862069e+000 -7.025170284582136e-001 1.835959938580725e-001 -3.490657972838024e-001 -3.908847481653655e-002 9.774001259252683e-001 3.099217662787803e-002 2.122957797286578e-001 2.107342425544702e-008 0.000000000000000e+000 0.000000000000000e+000
5.052505747126437e+000 -7.029250210869005e-001 1.810563192241099e-001 -3.490657755870729e-001 -4.385858489903383e-002 9.788941631220938e-001 3.057892208437385e-002 2.124251509087436e-001 -2.107342425544702e-008 4.440892098500626e-016 0.000000000000000e+000
5.060563218390805e+000 -7.034635689054021e-001 1.782423996971354e-001 -3.490657541410419e-001 -4.840221055988403e-002 9.809832336740365e-001 3.031448004077507e-002 2.122708271081357e-001 -2.107342425544702e-008 0.000000000000000e+000 0.000000000000000e+000
5.068620689655173e+000 -7.041076225016708e-001 1.752655745110079e-001 -3.490657317756616e-001 -5.278410966095892e-002 9.834968985853021e-001 3.021002299582400e-002 2.118844969652938e-001 0.000000000000000e+000 -2.220446049250313e-016 0.000000000000000e+000
5.076678160919541e+000 -7.047870742110357e-001 1.722212384075708e-001 -3.490657078859725e-001 -5.704132373059712e-002 9.864189843155059e-001 3.030061380199770e-002 2.113876941991253e-001 0.000000000000000e+000 -4.440892098500626e-016 0.000000000000000e+000
5.084735632183909e+000 -7.053623547712147e-001 1.691654557862048e-001 -3.490656824810344e-001 -6.119605125399885e-002 9.897396768553510e-001 3.063705943490763e-002 2.109854428458306e-001 0.000000000000000e+000 -2.220446049250313e-016 0.000000000000000e+000
5.092793103448277e+000 -7.056091258237487e-001 1.660948389074202e-001 -3.490656559381165e-001 -6.526502325058847e-002 9.932311477513942e-001 3.127165056843236e-002 2.109514185169557e-001 0.000000000000000e+000 4.440892098500626e-016 0.000000000000000e+000
5.100850574712645e+000 -7.052319558913172e-001 1.629394965371200e-001 -3.490656289054476e-001 -6.924556258300285e-002 9.963481144864469e-001 3.225883006452043e-002 2.115589458072330e-001 2.980232238769531e-008 -4.440892098500626e-016 0.000000000000000e+000
5.108908045977013e+000 -7.039177584547331e-001 1.595709773600216e-001 -3.490656027340114e-001 -7.308108573102512e-002 9.983177570234529e-001 3.366313813177819e-002 2.129826540100657e-001 0.000000000000000e+000 2.220446049250313e-016 0.000000000000000e+000
5.116965517241381e+000 -7.013992665610398e-001 1.558300694658883e-001 -3.490655799488579e-001 -7.663860337415329e-002 9.983388500525952e-001 3.555614081297895e-002 2.152321161541665e-001 2.107342425544702e-008 8.881784197001252e-016 0.000000000000000e+000
5.125022988505749e+000 -6.974928768499114e-001 1.515784614853630e-001 -3.490655637500901e-001 -7.972547303596178e-002 9.957857573634623e-001 3.800258521186738e-002 2.181483661987741e-001 -2.580956827951785e-008 0.000000000000000e+000 0.000000000000000e+000
5.133080459770117e+000 -6.921184205060120e-001 1.467573119877355e-001 -3.490655565940504e-001 -8.213292221099500e-002 9.903944794638337e-001 4.104397208052180e-002 2.214413361017548e-001 0.000000000000000e+000 8.881784197001252e-016 0.000000000000000e+000
5.141137931034485e+000 -6.853193978550944e-001 1.414272668334338e-001 -3.490655591843330e-001 -8.367488004705659e-002 9.823662984046538e-001 4.468864643918181e-002 2.247420638243272e-001 0.000000000000000e+000 2.220446049250313e-016 0.000000000000000e+000
5.149195402298853e+000 -6.772724305051736e-001 1.357811318181412e-001 -3.490655704867614e-001 -8.420648539222464e-002 9.722776096858397e-001 4.891885489635222e-002 2.276655691354573e-001 0.000000000000000e+000 2.220446049250313e-016 0.000000000000000e+000
5.157252873563221e+000 -6.682752089693114e-001 1.301332957257251e-001 -3.490655881352111e-001 -8.362568280005167e-002 9.608358979511580e-001 5.371064155986693e-002 2.298811944612844e-001 -2.107342425544702e-008 8.881784197001252e-016 0.000000000000000e+000
5.165310344827589e+000 -6.587250755452904e-001 1.248901229622654e-001 -3.490656088970930e-001 -8.186062725302112e-002 9.487065006712029e-001 5.905387118989914e-002 2.311639322801421e-001 0.000000000000000e+000 0.000000000000000e+000 0.000000000000000e+000
5.173367816091957e+000 -6.490984309923815e-001 1.205043086750941e-001 -3.490656293572951e-001 -7.884407436378615e-002 9.365438975861866e-001 6.496927444235545e-002 2.313964391540193e-001 1.490116119384766e-008 -4.440892098500626e-016 0.000000000000000e+000
5.181425287356325e+000 -6.399217260919586e-001 1.174166542298940e-001 -3.490656467570740e-001 -7.449084423668384e-002 9.250687455520660e-001 7.151608701009617e-002 2.305370644488829e-001 2.980232238769531e-008 -4.440892098500626e-016 0.000000000000000e+000
5.189482758620692e+000 -6.317194006806016e-001 1.159853304195713e-001 -3.490656597218759e-001 -6.870025993406026e-002 9.149661295202999e-001 7.877096956301864e-002 2.286136561686685e-001 -1.490116119384766e-008 6.661338147750939e-016 0.000000000000000e+000
5.197540229885060e+000 -6.249423973122203e-001 1.164067377320825e-001 -3.490656685467516e-001 -6.139311389815538e-002 9.065945329755232e-001 8.677277931142979e-002 2.257779765165763e-001 0.000000000000000e+000 2.220446049250313e-016 0.000000000000000e+000
5.205597701149428e+000 -6.199020372702079e-001 1.186570555895288e-001 -3.490656750015561e-001 -5.257484646256194e-002 8.997227325412183e-001 9.546405837934846e-002 2.223823527186821e-001 2.107342425544702e-008 4.440892098500626e-016 0.000000000000000e+000
5.213655172413796e+000 -6.167322451198847e-001 1.224969708986448e-001 -3.490656818113445e-001 -4.239288713771572e-002 8.935361226467977e-001 1.046728400128019e-001 2.190056110764818e-001 -2.107342425544702e-008 -2.220446049250313e-016 0.000000000000000e+000
5.221712643678164e+000 -6.153869342400773e-001 1.275448856670485e-001 -3.490656917234145e-001 -3.115160328616917e-002 8.868620775913194e-001 1.141446679651169e-001 2.163984212574707e-001 -2.980232238769531e-008 -2.220446049250313e-016 0.000000000000000e+000
5.229770114942532e+000 -6.156644085390994e-001 1.333712082651539e-001 -3.490657063845976e-001 -1.927855657217004e-002 8.783522975288624e-001 1.235943282858211e-001 2.153728164648484e-001 0.000000000000000e+000 8.881784197001252e-016 0.000000000000000e+000
5.237827586206900e+000 -6.172400861446301e-001 1.395655577545376e-001 -3.490657256582602e-001 -7.256323250139474e-003 8.666339741094749e-001 1.327504451468649e-001 2.166630975361352e-001 1.490116119384766e-008 -2.220446049250313e-016 0.000000000000000e+000
5.245885057471268e+000 -6.197056717295520e-001 1.457702715030822e-001 -3.490657477100813e-001 4.470959591064805e-003 8.506383363745464e-001 1.413956126627843e-001 2.207790272951862e-001 0.000000000000000e+000 -2.220446049250313e-016 0.000000000000000e+000
5.253942528735636e+000 -6.226352103386945e-001 1.516968008386290e-001 -3.490657699041607e-001 1.559591000335869e-002 8.299926990410534e-001 1.494052038320419e-001 2.278986157572752e-001 2.107342425544702e-008 2.220446049250313e-016 0.000000000000000e+000
5.262000000000004e+000 -6.256695293242612e-001 1.571330283903480e-001 -3.490657901012317e-001 2.600377599998471e-002 8.051561075903476e-001 1.567626676875707e-001 2.378548325920983e-001 0.000000000000000e+000 -8.881784197001252e-016 0.000000000000000e+000
5.270057471264372e+000 -6.285738591934745e-001 1.619417987165472e-001 -3.490658074250526e-001 3.575149967978675e-002 7.772349994102323e-001 1.635333238705821e-001 2.502183714974745e-001 0.000000000000000e+000 2.220446049250313e-016 0.000000000000000e+000
5.278114942528740e+000 -6.312456782608495e-001 1.660599512353105e-001 -3.490658221247344e-001 4.499405750906482e-002 7.476483891173394e-001 1.698199406834148e-001 2.644175703983000e-001 0.000000000000000e+000 0.000000000000000e+000 0.000000000000000e+000
5.286172413793108e+000 -6.336875793544488e-001 1.695085094941544e-001 -3.490658351327953e-001 5.391461906619588e-002 7.177957130436220e-001 1.757370999447161e-001 2.798371562997175e-001 0.000000000000000e+000 2.220446049250313e-016 0.000000000000000e+000
5.294229885057476e+000 -6.359646951073943e-001 1.724009379075429e-001 -3.490658478258534e-001 6.268551668926636e-002 6.888134880016027e-001 1.814045876437164e-001 2.958865918915710e-001 1.490116119384766e-008 -4.440892098500626e-016 0.000000000000000e+000
5.302287356321844e+000 -6.381575435584059e-001 1.749228618627172e-001 -3.490658618520597e-001 7.144963614094690e-002 6.614679430546396e-001 1.869359641574393e-001 3.120538958886081e-001 0.000000000000000e+000 0.000000000000000e+000 0.000000000000000e+000
5.310344827586212e+000 -6.403195277391657e-001 1.772828928472263e-001 -3.490658788156671e-001 8.031160953450067e-002 6.361775970211260e-001 1.924184968369077e-001 3.279441354272568e-001 -2.580956827951785e-008 2.220446049250313e-016 0.000000000000000e+000
5.318402298850580e+000 -6.424580448581617e-001 1.796618535243986e-001 -3.490658998964288e-001 8.934197031979618e-002 6.131073877820402e-001 1.979022677475314e-001 3.432832416893887e-001 -1.490116119384766e-008 0.000000000000000e+000 0.000000000000000e+000
5.326459770114948e+000 -6.445529678262659e-001 1.821815839517507e-001 -3.490659256259133e-001 9.859352207075012e-002 5.922741731341287e-001 2.034076516869137e-001 3.578856099578709e-001 -1.490116119384766e-008 6.661338147750939e-016 0.000000000000000e+000
5.334517241379316e+000 -6.465860912575414e-001 1.848993989136458e-001 -3.490659560581355e-001 1.081157508675397e-001 5.736403683146713e-001 2.089398415709031e-001 3.716196616346510e-001 2.107342425544702e-008 0.000000000000000e+000 0.000000000000000e+000
5.342574712643684e+000 -6.485464705507701e-001 1.878262639486743e-001 -3.490659912959994e-001 1.179542119067654e-001 5.571673102867355e-001 2.145006276440774e-001 3.843998175137880e-001 0.000000000000000e+000 -2.220446049250313e-016 0.000000000000000e+000
5.350632183908052e+000 -6.504202769367108e-001 1.909545683388028e-001 -3.490660319846140e-001 1.281343234580865e-001 5.427911985080137e-001 2.201000516978362e-001 3.961995158996607e-001 3.332000937312528e-008 0.000000000000000e+000 0.000000000000000e+000
5.358689655172420e+000 -6.521883958475068e-001 1.942728126074329e-001 -3.490660795096823e-001 1.386399339619782e-001 5.303714774456059e-001 2.257552161991386e-001 4.070697681455904e-001 0.000000000000000e+000 4.440892098500626e-016 0.000000000000000e+000
5.366747126436787e+000 -6.538358764777528e-001 1.977533674616065e-001 -3.490661357237713e-001 1.494029824200511e-001 5.197145307404302e-001 2.314561962172041e-001 4.171464821589593e-001 0.000000000000000e+000 0.000000000000000e+000 0.000000000000000e+000
5.374804597701155e+000 -6.553617887603165e-001 2.013313392769616e-001 -3.490662021343370e-001 1.603120106412790e-001 5.106587626452579e-001 2.371294861927412e-001 4.266290530694841e-001 2.107342425544702e-008 -4.440892098500626e-016 0.000000000000000e+000
5.382862068965523e+000 -6.567694232630058e-001 2.049136268332386e-001 -3.490662792343073e-001 1.712330046318429e-001 5.030962376835964e-001 2.426560279559113e-001 4.357361879348080e-001 -1.490116119384766e-008 0.000000000000000e+000 0.000000000000000e+000
5.390919540229891e+000 -6.580378337005534e-001 2.084203114575072e-001 -3.490663665836405e-001 1.820329017299489e-001 4.968886032801549e-001 2.479327680171345e-001 4.446707011258911e-001 -2.107342425544702e-008 -2.220446049250313e-016 0.000000000000000e+000
5.398977011494259e+000 -6.591074660446920e-001 2.118138079133380e-001 -3.490664632015025e-001 1.926008755033657e-001 4.917843735657457e-001 2.529119156423850e-001 4.536064538641407e-001 1.490116119384766e-008 2.220446049250313e-016 0.000000000000000e+000
5.407034482758627e+000 -6.599054084539165e-001 2.150909327457744e-001 -3.490665679947529e-001 2.028666079480384e-001 4.874539114036107e-001 2.575959432381971e-001 4.626723424829446e-001 0.000000000000000e+000 2.220446049250313e-016 0.000000000000000e+000
5.415091954022995e+000 -6.603924830656112e-001 2.182623830502841e-001 -3.490666804907013e-001 2.128087949389461e-001 4.836230541925757e-001 2.620184477004680e-001 4.719213663155426e-001 -3.332000937312528e-008 -4.440892098500626e-016 0.000000000000000e+000
5.423149425287363e+000 -6.605847025363937e-001 2.213461535809831e-001 -3.490668014365974e-001 2.224432956312954e-001 4.801554306508340e-001 2.662317061395020e-001 4.813152414522480e-001 2.107342425544702e-008 -2.220446049250313e-016 0.000000000000000e+000
5.431206896551731e+000 -6.605325533921100e-001 2.243719165947709e-001 -3.490669323839001e-001 2.317971696002750e-001 4.769890269826910e-001 2.703011532604931e-001 4.907504145162333e-001 2.107342425544702e-008 -2.220446049250313e-016 0.000000000000000e+000
5.439264367816099e+000 -6.602941911368527e-001 2.273817087663037e-001 -3.490670741481754e-001 2.408891424480188e-001 4.740273661980751e-001 2.743034199651601e-001 5.001064621732199e-001 2.580956827951785e-008 -2.220446049250313e-016 0.000000000000000e+000
5.447321839080467e+000 -6.599307710996899e-001 2.304206065762928e-001 -3.490672253397337e-001 2.497271474304972e-001 4.711229817451965e-001 2.783209431220728e-001 5.092753187526572e-001 -3.650024149988857e-008 0.000000000000000e+000 0.000000000000000e+000
5.455379310344835e+000 -6.595090183572206e-001 2.335274657344131e-001 -3.490673826455001e-001 2.583183636974993e-001 4.681471941065414e-001 2.824287997746773e-001 5.181542749044021e-001 2.107342425544702e-008 -2.220446049250313e-016 0.000000000000000e+000
5.463436781609203e+000 -6.590949614342821e-001 2.367387608986820e-001 -3.490675425388005e-001 2.666794963589889e-001 4.650526989742472e-001 2.866811850179625e-001 5.266268874566618e-001 2.580956827951785e-008 -2.220446049250313e-016 0.000000000000000e+000
5.471494252873571e+000 -6.587435712223829e-001 2.400975992143293e-001 -3.490677022446132e-001 2.748338175162259e-001 4.618598622216473e-001 2.911062250276303e-001 5.345678648020392e-001 1.490116119384766e-008 0.000000000000000e+000 0.000000000000000e+000
5.479551724137939e+000 -6.584899235780419e-001 2.436498635502316e-001 -3.490678595940061e-001 2.827931665083368e-001 4.585808090567117e-001 2.957060772703486e-001 5.418749320436104e-001 -2.580956827951785e-008 -2.220446049250313e-016 0.000000000000000e+000
5.487609195402307e+000 -6.583461965458077e-001 2.474245095180330e-001 -3.490680128970647e-001 2.905385573738482e-001 4.551668392972977e-001 3.004551685599827e-001 5.484956933193429e-001 3.332000937312528e-008 -2.220446049250313e-016 0.000000000000000e+000
5.495666666666675e+000 -6.583086467383407e-001 2.514096699906405e-001 -3.490681609274525e-001 2.980145702445733e-001 4.515369574857527e-001 3.052954897747590e-001 5.544279905225474e-001 2.107342425544702e-008 -2.220446049250313e-016 0.000000000000000e+000
5.503724137931043e+000 -6.583685174738221e-001 2.555418619996714e-001 -3.490683030230209e-001 3.051434586194843e-001 4.476511146549476e-001 3.101344022005754e-001 5.596992684954595e-001 2.107342425544702e-008 0.000000000000000e+000 0.000000000000000e+000
5.511781609195411e+000 -6.585190115649128e-001 2.597182679355703e-001 -3.490684395143296e-001 3.118487347675911e-001 4.435417745693027e-001 3.148554473022622e-001 5.643411012477086e-001 2.107342425544702e-008 2.220446049250313e-016 0.000000000000000e+000
5.519839080459779e+000 -6.587591979489528e-001 2.638191494145390e-001 -3.490685720884167e-001 3.180668028641205e-001 4.392715248951772e-001 3.193411161117583e-001 5.683794766241502e-001 -2.980232238769531e-008 -4.440892098500626e-016 0.000000000000000e+000
5.527896551724147e+000 -6.590970522098760e-001 2.677193314864703e-001 -3.490687038158323e-001 3.237428002037985e-001 4.348772914222538e-001 3.234869081601322e-001 5.718470482934095e-001 2.107342425544702e-008 -2.220446049250313e-016 0.000000000000000e+000
5.535954022988515e+000 -6.595540015412086e-001 2.712894594202240e-001 -3.490688386702402e-001 3.288267409763568e-001 4.303657223618599e-001 3.271990392988677e-001 5.747967262141039e-001 -3.650024149988857e-008 0.000000000000000e+000 0.000000000000000e+000
5.544011494252882e+000 -6.601717206580891e-001 2.744044262153873e-001 -3.490689804247446e-001 3.332715950971914e-001 4.257517426020234e-001 3.303940925508273e-001 5.773058208857042e-001 -2.107342425544702e-008 -4.440892098500626e-016 0.000000000000000e+000
5.552068965517250e+000 -6.610074980886973e-001 2.769668810068062e-001 -3.490691310738709e-001 3.370242281929725e-001 4.210867752868597e-001 3.330099719007597e-001 5.794831908333890e-001 -2.980232238769531e-008 2.220446049250313e-016 0.000000000000000e+000
5.560126436781618e+000 -6.621066860541919e-001 2.789379811705379e-001 -3.490692888574222e-001 3.400167291167846e-001 4.164327879404333e-001 3.350197889400095e-001 5.814765088323427e-001 -2.107342425544702e-008 -4.440892098500626e-016 0.000000000000000e+000
5.568183908045986e+000 -6.634722879804573e-001 2.803591594957466e-001 -3.490694472364540e-001 3.421674004798010e-001 4.118067597157136e-001 3.364404659631402e-001 5.834595986458128e-001 0.000000000000000e+000 0.000000000000000e+000 0.000000000000000e+000
5.576241379310354e+000 -6.650600642959841e-001 2.813460741384444e-001 -3.490695962150241e-001 3.433875748940896e-001 4.071718311964151e-001 3.373258931990291e-001 5.855999002188739e-001 -2.580956827951785e-008 0.000000000000000e+000 0.000000000000000e+000
5.584298850574722e+000 -6.667981307808285e-001 2.820492721542012e-001 -3.490697241744558e-001 3.435935676545110e-001 4.024820740883153e-001 3.377434959321042e-001 5.880264665012414e-001 0.000000000000000e+000 2.220446049250313e-016 0.000000000000000e+000
5.592356321839090e+000 -6.686111455252704e-001 2.826016273016931e-001 -3.490698192073972e-001 3.427264266084706e-001 3.977272055427529e-001 3.377542024484090e-001 5.908055601419779e-001 0.000000000000000e+000 -2.220446049250313e-016 0.000000000000000e+000
5.600413793103458e+000 -6.704337397311559e-001 2.830795266324231e-001 -3.490698726056794e-001 3.407706428923338e-001 3.929577203358225e-001 3.374033853154227e-001 5.939219745972887e-001 1.490116119384766e-008 2.220446049250313e-016 0.000000000000000e+000
5.608471264367826e+000 -6.722093522466321e-001 2.834906903817600e-001 -3.490698829573070e-001 3.377603755745038e-001 3.882720476124024e-001 3.367130027253489e-001 5.972773235249427e-001 -1.490116119384766e-008 0.000000000000000e+000 0.000000000000000e+000
5.616528735632194e+000 -6.738854392195879e-001 2.837837960939980e-001 -3.490698548337984e-001 3.337776692950498e-001 3.837585834024067e-001 3.356817743314762e-001 6.007062982317142e-001 0.000000000000000e+000 4.440892098500626e-016 0.000000000000000e+000
5.624586206896562e+000 -6.754162075441691e-001 2.838655903643506e-001 -3.490697928905122e-001 3.289541464591457e-001 3.794565762060554e-001 3.342977973006562e-001 6.039947942417508e-001 -1.490116119384766e-008 -2.220446049250313e-016 0.000000000000000e+000
5.632643678160930e+000 -6.767649751463168e-001 2.836223658785435e-001 -3.490696987291697e-001 3.234711953879554e-001 3.753845308947326e-001 3.325433389871523e-001 6.069034377218858e-001 0.000000000000000e+000 -6.661338147750939e-016 0.000000000000000e+000
5.640701149425298e+000 -6.778976780075626e-001 2.829473545169656e-001 -3.490695731705583e-001 3.175428601209993e-001 3.715875662241012e-001 3.303841244637824e-001 6.092109599317813e-001 0.000000000000000e+000 0.000000000000000e+000 0.000000000000000e+000
5.648758620689666e+000 -6.787820065941644e-001 2.817557124152343e-001 -3.490694194933564e-001 3.113843440758908e-001 3.681442600754290e-001 3.277643738096685e-001 6.107591375084792e-001 -1.490116119384766e-008 2.220446049250313e-016 0.000000000000000e+000
5.656816091954034e+000 -6.794040464350575e-001 2.799696543216077e-001 -3.490692444175418e-001 3.051906570932121e-001 3.651451868347067e-001 3.246170597470749e-001 6.114627924129894e-001 0.000000000000000e+000 4.440892098500626e-016 0.000000000000000e+000
5.664873563218402e+000 -6.797832156536920e-001 2.774930814102445e-001 -3.490690581110413e-001 2.991364389915945e-001 3.626849152449199e-001 3.208722428292499e-001 6.112778947241259e-001 2.980232238769531e-008 -4.440892098500626e-016 0.000000000000000e+000
5.672931034482770e+000 -6.799640807086186e-001 2.742141812895025e-001 -3.490688738522741e-001 2.933747333418975e-001 3.608840478717450e-001 3.164531530051871e-001 6.101652500257903e-001 -2.107342425544702e-008 -4.440892098500626e-016 0.000000000000000e+000
5.680988505747138e+000 -6.799923094114182e-001 2.700494651777174e-001 -3.490687058902621e-001 2.880147574231560e-001 3.599076776843289e-001 3.112736147901657e-001 6.080944366498047e-001 0.000000000000000e+000 -2.220446049250313e-016 0.000000000000000e+000
5.689045977011506e+000 -6.798935238791183e-001 2.650114009286968e-001 -3.490685650951744e-001 2.830961462004473e-001 3.599377444427895e-001 3.052544824131342e-001 6.050810046553765e-001 0.000000000000000e+000 8.881784197001252e-016 0.000000000000000e+000
5.697103448275874e+000 -6.796659874517734e-001 2.592670123066145e-001 -3.490684540454260e-001 2.785864527728243e-001 3.611232052903289e-001 2.983585735518238e-001 6.012074538530825e-001 3.650024149988857e-008 0.000000000000000e+000 0.000000000000000e+000
5.705160919540242e+000 -6.792919603132445e-001 2.531491738817178e-001 -3.490683642496232e-001 2.744016522600978e-001 3.635527882112206e-001 2.906251356329363e-001 5.966036005437119e-001 0.000000000000000e+000 2.220446049250313e-016 0.000000000000000e+000
5.713218390804610e+000 -6.787613789471975e-001 2.470992790759592e-001 -3.490682785790296e-001 2.704321982471316e-001 3.672527311611072e-001 2.821802157900979e-001 5.914022197153180e-001 1.490116119384766e-008 -4.440892098500626e-016 0.000000000000000e+000
5.721275862068977e+000 -6.780892743359874e-001 2.415621738668341e-001 -3.490681788671851e-001 2.665620143128293e-001 3.721989636708066e-001 2.732122554496093e-001 5.856972171694691e-001 -2.580956827951785e-008 0.000000000000000e+000 0.000000000000000e+000
5.729333333333345e+000 -6.773193087560224e-001 2.368844339816356e-001 -3.490680532857577e-001 2.626815411856387e-001 3.783339338714232e-001 2.639281037252195e-001 5.795241913748559e-001 -2.580956827951785e-008 6.661338147750939e-016 0.000000000000000e+000
5.737390804597713e+000 -6.765212654039192e-001 2.332582174579545e-001 -3.490678995482467e-001 2.587011776734802e-001 3.855723646087317e-001 2.545182605438091e-001 5.728673396048009e-001 0.000000000000000e+000 -4.440892098500626e-016 0.000000000000000e+000
5.745448275862081e+000 -6.757836797790832e-001 2.307169234405042e-001 -3.490677250371732e-001 2.545626051355643e-001 3.938071858414443e-001 2.451434781346724e-001 5.656805196263092e-001 2.107342425544702e-008 0.000000000000000e+000 0.000000000000000e+000
5.753505747126449e+000 -6.751990362539670e-001 2.291594047461147e-001 -3.490675443416686e-001 2.502403892787062e-001 4.029476373765427e-001 2.359315133146847e-001 5.579091636402955e-001 1.490116119384766e-008 -2.220446049250313e-016 0.000000000000000e+000
5.761563218390817e+000 -6.748474603891634e-001 2.283794664838783e-001 -3.490673739409484e-001 2.457312863789167e-001 4.129674840948623e-001 2.269740263359569e-001 5.495096677883146e-001 0.000000000000000e+000 8.881784197001252e-016 0.000000000000000e+000
5.769620689655185e+000 -6.747832966655047e-001 2.280948963844798e-001 -3.490672267874896e-001 2.410380763416025e-001 4.238956094501085e-001 2.183291188166088e-001 5.404626421045885e-001 2.580956827951785e-008 -2.220446049250313e-016 0.000000000000000e+000
5.777678160919553e+000 -6.750248868986295e-001 2.279808596386530e-001 -3.490671098977785e-001 2.361638364169343e-001 4.357518090763178e-001 2.100338612701445e-001 5.307671725052242e-001 0.000000000000000e+000 -4.440892098500626e-016 0.000000000000000e+000
5.785735632183921e+000 -6.755550173096376e-001 2.277100212816048e-001 -3.490670248030827e-001 2.311234908538022e-001 4.484991976099301e-001 2.021149895787188e-001 5.204154683212965e-001 -3.332000937312528e-008 -6.661338147750939e-016 0.000000000000000e+000
5.793793103448289e+000 -6.763420920781987e-001 2.269955926743517e-001 -3.490669688527676e-001 2.259573677191051e-001 4.620332888259325e-001 1.945871837453309e-001 5.093727136154406e-001 0.000000000000000e+000 -2.220446049250313e-016 0.000000000000000e+000
5.801850574712657e+000 -6.773729932300001e-001 2.256345791241299e-001 -3.490669364607997e-001 2.207321397500315e-001 4.761900238537463e-001 1.874506361366224e-001 4.975777746091933e-001 -2.580956827951785e-008 0.000000000000000e+000 0.000000000000000e+000
5.809908045977025e+000 -6.786647362891101e-001 2.235511875281409e-001 -3.490669205836056e-001 2.155314783220170e-001 4.907901376171781e-001 1.807045747300449e-001 4.849556246639981e-001 1.490116119384766e-008 -6.661338147750939e-016 0.000000000000000e+000
5.817965517241393e+000 -6.802358724297914e-001 2.208250795453330e-001 -3.490669142471700e-001 2.104416990758946e-001 5.057195006822505e-001 1.743683835182628e-001 4.714364831162924e-001 0.000000000000000e+000 0.000000000000000e+000 0.000000000000000e+000
5.826022988505761e+000 -6.820611105654403e-001 2.176727785554966e-001 -3.490669116236135e-001 2.055348674750872e-001 5.209906326214288e-001 1.684831417003703e-001 4.569816966925781e-001 -3.332000937312528e-008 2.220446049250313e-016 0.000000000000000e+000
5.834080459770129e+000 -6.840455222790504e-001 2.143794870457376e-001 -3.490669085818965e-001 2.008549949591845e-001 5.367471992505168e-001 1.630859387455301e-001 4.416005073166636e-001 3.332000937312528e-008 2.220446049250313e-016 0.000000000000000e+000
5.842137931034497e+000 -6.860326289091414e-001 2.112247854616745e-001 -3.490669026761354e-001 1.964128614079657e-001 5.532255311619839e-001 1.581873740855090e-001 4.253477972622659e-001 0.000000000000000e+000 -4.440892098500626e-016 0.000000000000000e+000
5.850195402298865e+000 -6.878428433471125e-001 2.084338070871343e-001 -3.490668927764951e-001 1.921837964153661e-001 5.706928910661420e-001 1.537772365843504e-001 4.083250946598122e-001 1.490116119384766e-008 0.000000000000000e+000 0.000000000000000e+000
5.858252873563233e+000 -6.893330067994402e-001 2.061449476076755e-001 -3.490668786853614e-001 1.880987212790282e-001 5.893643309232484e-001 1.498381777527383e-001 3.907045630793821e-001 2.580956827951785e-008 0.000000000000000e+000 0.000000000000000e+000
5.866310344827601e+000 -6.904512823095088e-001 2.043914238129345e-001 -3.490668604782811e-001 1.840426467885450e-001 6.093218011726941e-001 1.463431366479676e-001 3.727501956695841e-001 -2.107342425544702e-008 0.000000000000000e+000 0.000000000000000e+000
5.874367816091969e+000 -6.912514580792694e-001 2.031120773684625e-001 -3.490668378142898e-001 1.798820579387437e-001 6.304837155377233e-001 1.432466261934744e-001 3.547994982576381e-001 0.000000000000000e+000 0.000000000000000e+000 0.000000000000000e+000
5.882425287356337e+000 -6.918605474400276e-001 2.021844426878099e-001 -3.490668100648426e-001 1.755072629667154e-001 6.526320913730388e-001 1.404852174175165e-001 3.372134298372856e-001 -1.490116119384766e-008 -6.661338147750939e-016 0.000000000000000e+000
5.890482758620705e+000 -6.924236703219648e-001 2.014579814085997e-001 -3.490667771509957e-001 1.708563662167690e-001 6.754688810063583e-001 1.379844343351303e-001 3.203314845074354e-001 0.000000000000000e+000 0.000000000000000e+000 0.000000000000000e+000
5.898540229885072e+000 -6.930495045935116e-001 2.007822192211248e-001 -3.490667403272577e-001 1.659081811804379e-001 6.986811064502868e-001 1.356652520264110e-001 3.044461665570184e-001 0.000000000000000e+000 2.220446049250313e-016 0.000000000000000e+000
5.906597701149440e+000 -6.937777656849722e-001 2.000311678536291e-001 -3.490667020836070e-001 1.606614466403893e-001 7.219854800090030e-001 1.334501525624955e-001 2.897781468008195e-001 4.214684851089404e-008 -1.332267629550188e-015 0.000000000000000e+000
5.914655172413808e+000 -6.945841928514918e-001 1.991211611302419e-001 -3.490666650481124e-001 1.551237931830392e-001 7.451383957844913e-001 1.312697651883321e-001 2.764467235873752e-001 1.490116119384766e-008 8.881784197001252e-016 0.000000000000000e+000
5.922712643678176e+000 -6.954145522188188e-001 1.980219736227338e-001 -3.490666308741018e-001 1.493100857929477e-001 7.679195953302617e-001 1.290684759695203e-001 2.644643635381327e-001 0.000000000000000e+000 2.220446049250313e-016 0.000000000000000e+000
5.930770114942544e+000 -6.962228639748438e-001 1.967592970240308e-001 -3.490665997566778e-001 1.432393339023605e-001 7.901001895516582e-001 1.268051814870320e-001 2.537685581933233e-001 0.000000000000000e+000 0.000000000000000e+000 0.000000000000000e+000
5.938827586206912e+000 -6.969952385682228e-001 1.954030407775891e-001 -3.490665703998148e-001 1.369335915439516e-001 8.114361190761630e-001 1.244452316329018e-001 2.442662502605182e-001 2.580956827951785e-008 2.220446049250313e-016 0.000000000000000e+000
5.946885057471280e+000 -6.977559661639008e-001 1.940379272382364e-001 -3.490665402639452e-001 1.304244013272098e-001 8.317029701867017e-001 1.219493138683940e-001 2.358598108675850e-001 0.000000000000000e+000 4.440892098500626e-016 0.000000000000000e+000
5.954942528735648e+000 -6.985594756677063e-001 1.927182454914547e-001 -3.490665064617130e-001 1.237611804227248e-001 8.507203027303912e-001 1.192747086608188e-001 2.284470370969183e-001 -2.580956827951785e-008 0.000000000000000e+000 0.000000000000000e+000
5.963000000000016e+000 -6.994695142567717e-001 1.914321541196911e-001 -3.490664675054881e-001 1.170098374138215e-001 8.683277321291169e-001 1.163925730792790e-001 2.219232186652895e-001 -2.580956827951785e-008 0.000000000000000e+000 0.000000000000000e+000
5.971057471264384e+000 -7.005331887107003e-001 1.901126401378959e-001 -3.490664246402376e-001 1.102341963741995e-001 8.843256272385887e-001 1.133002921179041e-001 2.162118825036423e-001 -1.490116119384766e-008 -4.440892098500626e-016 0.000000000000000e+000
5.979114942528752e+000 -7.017653673579637e-001 1.886894983929568e-001 -3.490663812699010e-001 1.034710953292692e-001 8.984367474021229e-001 1.100070065160641e-001 2.113019676501539e-001 0.000000000000000e+000 -4.440892098500626e-016 0.000000000000000e+000
5.987172413793120e+000 -7.031487279899698e-001 1.871392220648485e-001 -3.490663408977692e-001 9.672094591889291e-002 9.103452790604385e-001 1.065031232973016e-001 2.072534819002521e-001 3.332000937312528e-008 2.220446049250313e-016 0.000000000000000e+000
5.995229885057488e+000 -7.046436777828490e-001 1.855058579280871e-001 -3.490663052587524e-001 8.995612956127275e-002 9.197654883546822e-001 1.027464789961547e-001 2.041761168391030e-001 -3.332000937312528e-008 -2.220446049250313e-016 0.000000000000000e+000
6.003287356321856e+000 -7.062035064800888e-001 1.838884392336180e-001 -3.490662738568807e-001 8.313210709568653e-002 9.264623700061037e-001 9.867648324580677e-002 2.022068425369842e-001 0.000000000000000e+000 -2.220446049250313e-016 0.000000000000000e+000
6.011344827586224e+000 -7.077890375047355e-001 1.824022163968668e-001 -3.490662448628250e-001 7.619845781627754e-002 9.302750464743860e-001 9.423896306229436e-002 2.014880017783059e-001 0.000000000000000e+000 2.220446049250313e-016 0.000000000000000e+000
6.019402298850592e+000 -7.093747293207718e-001 1.811372326034335e-001 -3.490662163549256e-001 6.911504345915431e-002 9.311873604579671e-001 8.940508462717013e-002 2.021369091361335e-001 0.000000000000000e+000 2.220446049250313e-016 0.000000000000000e+000
6.027459770114960e+000 -7.109450606891157e-001 1.801374552529498e-001 -3.490661870137538e-001 6.186602592876023e-002 9.293576752714348e-001 8.417960916378263e-002 2.042164962121288e-001 2.980232238769531e-008 0.000000000000000e+000 0.000000000000000e+000
6.035517241379328e+000 -7.124886227208311e-001 1.794044924998901e-001 -3.490661561546311e-001 5.446305014929953e-002 9.250950573238667e-001 7.859909931723336e-002 2.077160545828956e-001 0.000000000000000e+000 -2.220446049250313e-016 0.000000000000000e+000
6.043574712643696e+000 -7.139949427214496e-001 1.789174939738916e-001 -3.490661234770196e-001 4.693884753320732e-002 9.188637866646726e-001 7.272469617362945e-002 2.125378912785212e-001 -1.490116119384766e-008 4.440892098500626e-016 0.000000000000000e+000
6.051632183908064e+000 -7.154511837334941e-001 1.786553078082949e-001 -3.490660888979145e-001 3.933727362244355e-002 9.112637668769279e-001 6.663495602779716e-002 2.184936517425214e-001 -2.580956827951785e-008 0.000000000000000e+000 0.000000000000000e+000
6.059689655172432e+000 -7.168387738118095e-001 1.786065061589444e-001 -3.490660525617194e-001 3.171031690822801e-002 9.029229768715097e-001 6.041940213559496e-002 2.253201593696235e-001 0.000000000000000e+000 6.661338147750939e-016 0.000000000000000e+000
6.067747126436800e+000 -7.181347256676929e-001 1.787685201711251e-001 -3.490660149608579e-001 2.412432809955711e-002 8.944019862444640e-001 5.417111032594341e-002 2.327122472482440e-001 2.107342425544702e-008 0.000000000000000e+000 0.000000000000000e+000
6.075804597701167e+000 -7.193152808983019e-001 1.791515734523070e-001 -3.490659770366397e-001 1.666096838282227e-002 8.861757799368036e-001 4.798297008332360e-002 2.403602535080619e-001 -1.490116119384766e-008 -4.440892098500626e-016 0.000000000000000e+000
6.083862068965535e+000 -7.203555408162720e-001 1.797868683926562e-001 -3.490659401520757e-001 9.407993006116167e-003 8.786445160163046e-001 4.195360578498768e-002 2.479779479324300e-001 2.580956827951785e-008 0.000000000000000e+000 0.000000000000000e+000
6.091919540229903e+000 -7.212268409233924e-001 1.807181210779381e-001 -3.490659060702567e-001 2.450805505410436e-003 8.721497957515859e-001 3.619510105726597e-002 2.553143993443275e-001 -1.490116119384766e-008 0.000000000000000e+000 0.000000000000000e+000
6.099977011494271e+000 -7.218964971895755e-001 1.819744223598547e-001 -3.490658770317442e-001 -4.133148528377539e-003 8.669914266292493e-001 3.083018969939767e-002 2.621577718509844e-001 0.000000000000000e+000 0.000000000000000e+000 0.000000000000000e+000
6.108034482758639e+000 -7.223271808887304e-001 1.835473424848573e-001 -3.490658555866424e-001 -1.028193107048669e-002 8.633957290224305e-001 2.598153619403247e-002 2.683425930048655e-001 0.000000000000000e+000 6.661338147750939e-016 0.000000000000000e+000
6.116091954023007e+000 -7.224796604090794e-001 1.853824788575966e-001 -3.490658436786209e-001 -1.595539267945934e-002 8.614108314823628e-001 2.176185256871369e-002 2.737604346035508e-001 -1.490116119384766e-008 0.000000000000000e+000 0.000000000000000e+000
6.124149425287375e+000 -7.223301355409114e-001 1.873808422647194e-001 -3.490658411055037e-001 -2.113313874665734e-002 8.608464408153883e-001 1.826589413739112e-002 2.783629797321163e-001 0.000000000000000e+000 0.000000000000000e+000 0.000000000000000e+000
6.132206896551743e+000 -7.218941016937476e-001 1.894122429157912e-001 -3.490658445785803e-001 -2.580081452608773e-002 8.613886892618666e-001 1.556427476789681e-002 2.821486890161474e-001 -1.490116119384766e-008 -2.220446049250313e-016 0.000000000000000e+000
6.140264367816111e+000 -7.212398311320553e-001 1.913371861170954e-001 -3.490658488425790e-001 -2.992414776855235e-002 8.627667188960885e-001 1.369967866378976e-002 2.851332175986216e-001 0.000000000000000e+000 4.440892098500626e-016 0.000000000000000e+000
6.148321839080479e+000 -7.204874011981534e-001 1.930232395965026e-001 -3.490658496372428e-001 -3.342327546449386e-002 8.647917713776421e-001 1.268355199096100e-002 2.873158872210034e-001 -2.107342425544702e-008 0.000000000000000e+000 0.000000000000000e+000
6.156379310344847e+000 -7.197799738747249e-001 1.943532181851921e-001 -3.490658460168136e-001 -3.618707724793979e-002 8.673355815114815e-001 1.249067054618265e-002 2.886732953263953e-001 2.980232238769531e-008 -4.440892098500626e-016 0.000000000000000e+000
6.164436781609215e+000 -7.192259204960041e-001 1.952329188705195e-001 -3.490658399525192e-001 -3.814071131821151e-002 8.703399051795894e-001 1.305273993976440e-002 2.891948453631044e-001 2.107342425544702e-008 -2.220446049250313e-016 0.000000000000000e+000
6.172494252873583e+000 -7.188605054332304e-001 1.955971767105116e-001 -3.490658341062646e-001 -3.930710331992193e-002 8.738001855136958e-001 1.426223024357358e-002 2.889240153894859e-001 0.000000000000000e+000 0.000000000000000e+000 0.000000000000000e+000
6.180551724137951e+000 -7.186606673880953e-001 1.954061815538446e-001 -3.490658300512806e-001 -3.980840759741855e-002 8.776935509174283e-001 1.599534035158652e-002 2.879645870496674e-001 1.490116119384766e-008 4.440892098500626e-016 0.000000000000000e+000
6.188609195402319e+000 -7.185899004523823e-001 1.946367722027675e-001 -3.490658279387566e-001 -3.981702370935070e-002 8.819281721768205e-001 1.814547188915126e-002 2.864448127342163e-001 0.000000000000000e+000 1.332267629550188e-015 0.000000000000000e+000
6.196666666666687e+000 -7.186418678003059e-001 1.932839141095164e-001 -3.490658271207772e-001 -3.949020071303444e-002 8.863881822760114e-001 2.064511201583553e-002 2.844613139554525e-001 0.000000000000000e+000 6.661338147750939e-016 0.000000000000000e+000
