---- AnyBody Output File ---------------------------------
Study: Main.Studies.MotionOptimization
Operation: Main.Studies.MotionOptimization.Kinematics
----------------------------------------------------------
Constants (Name = Value): 
Main.Studies.KinematicStudyForParameterIdentification.JointAngleOutputs.OutputFile2d.FileName = "..\Input\Subjects\PS\Overground Gait Trials\PS_ngait_og_ss7\PS_ngait_og_ss7-output-euler-leftlateralepicondylepostd.txt"
Main.Studies.KinematicStudyForParameterIdentification.JointAngleOutputs.OutputFile2d.NumberFormat.Digits = 15
Main.Studies.KinematicStudyForParameterIdentification.JointAngleOutputs.OutputFile2d.NumberFormat.Width = 22
Main.Studies.KinematicStudyForParameterIdentification.JointAngleOutputs.OutputFile2d.NumberFormat.Style = ScientificNumber
Main.Studies.KinematicStudyForParameterIdentification.JointAngleOutputs.OutputFile2d.NumberFormat.FormatStr = "%22.15e"
Main.Studies.KinematicStudyForParameterIdentification.JointAngleOutputs.OutputFile2d.Search = 
Main.Studies.KinematicStudyForParameterIdentification.JointAngleOutputs.OutputFile2d.Format = 0
Main.Studies.KinematicStudyForParameterIdentification.JointAngleOutputs.OutputFile2d.SepSign = " "
Main.Studies.KinematicStudyForParameterIdentification.JointAngleOutputs.OutputFile2d.LineSepSign = ""
Main.Studies.KinematicStudyForParameterIdentification.JointAngleOutputs.OutputFile2d.Header.TitleSectionOnOff = On
Main.Studies.KinematicStudyForParameterIdentification.JointAngleOutputs.OutputFile2d.Header.ConstSectionOnOff = On
Main.Studies.KinematicStudyForParameterIdentification.JointAngleOutputs.OutputFile2d.Header.ConstSectionSaveOptionsOnOff = On
Main.Studies.KinematicStudyForParameterIdentification.JointAngleOutputs.OutputFile2d.Header.VarSectionOnOff = On
Main.Studies.KinematicStudyForParameterIdentification.JointAngleOutputs.OutputFile2d.Header.ColumnNamesOnOff = On
Main.Studies.KinematicStudyForParameterIdentification.JointAngleOutputs.OutputFile2d.Header.LinePrefix = ""
Main.Studies.KinematicStudyForParameterIdentification.JointAngleOutputs.OutputFile2d.ConstSectionSaveOptionsOnOff = On
----------------------------------------------------------
Variables (Column# Name): 
col0  Main.Studies.MotionOptimization.t
col1  Main.Studies.KinematicStudyForParameterIdentification.JointAngleOutputs.OutputFile2d.LeftEpicondylusPosX
col2  Main.Studies.KinematicStudyForParameterIdentification.JointAngleOutputs.OutputFile2d.LeftEpicondylusPosY
col3  Main.Studies.KinematicStudyForParameterIdentification.JointAngleOutputs.OutputFile2d.LeftEpicondylusPosZ
----------------------------------------------------------
Main.Studies.MotionOptimization.t Main.Studies.KinematicStudyForParameterIdentification.JointAngleOutputs.OutputFile2d.LeftEpicondylusPosX Main.Studies.KinematicStudyForParameterIdentification.JointAngleOutputs.OutputFile2d.LeftEpicondylusPosY Main.Studies.KinematicStudyForParameterIdentification.JointAngleOutputs.OutputFile2d.LeftEpicondylusPosZ
5.028333333333333e+000 -2.264940339191683e-001 4.753934446587480e-001 2.116760180811390e-001
5.036390804597701e+000 -2.284214794138101e-001 4.748055429473895e-001 2.105359080983897e-001
5.044448275862069e+000 -2.296442033480361e-001 4.745618183178466e-001 2.094183420581967e-001
5.052505747126437e+000 -2.301009531698093e-001 4.746794376090774e-001 2.083894262244740e-001
5.060563218390805e+000 -2.298110161933678e-001 4.751344183351274e-001 2.074997976669168e-001
5.068620689655173e+000 -2.289048533053886e-001 4.758497772684922e-001 2.067724491989353e-001
5.076678160919541e+000 -2.276043039752086e-001 4.767146128998871e-001 2.061853516003048e-001
5.084735632183909e+000 -2.261868913135047e-001 4.776063262932956e-001 2.056721954609515e-001
5.092793103448277e+000 -2.249386608511011e-001 4.784138151390976e-001 2.051324820144549e-001
5.100850574712645e+000 -2.240947962774998e-001 4.790650490072093e-001 2.044360637250067e-001
5.108908045977013e+000 -2.237735882169544e-001 4.795538875356424e-001 2.034299807435687e-001
5.116965517241381e+000 -2.239222975875263e-001 4.799543073949537e-001 2.019639428204792e-001
5.125022988505749e+000 -2.242998841260638e-001 4.804148637340497e-001 1.999286426225527e-001
5.133080459770117e+000 -2.245216470205163e-001 4.811291859714985e-001 1.972825751209161e-001
5.141137931034485e+000 -2.241663341742828e-001 4.822829065788021e-001 1.940540351367891e-001
5.149195402298853e+000 -2.229018431585763e-001 4.839941420592209e-001 1.903245322204927e-001
5.157252873563221e+000 -2.205768386303885e-001 4.862735374098997e-001 1.862044353454454e-001
5.165310344827589e+000 -2.172517572848777e-001 4.890207246485306e-001 1.818079119050096e-001
5.173367816091957e+000 -2.131616329724173e-001 4.920594767402836e-001 1.772337650748079e-001
5.181425287356325e+000 -2.086262470339489e-001 4.951949464195723e-001 1.725585113087824e-001
5.189482758620692e+000 -2.039489794074047e-001 4.982643927754027e-001 1.678438915365741e-001
5.197540229885060e+000 -1.993455420567219e-001 5.011620070658940e-001 1.631545767526565e-001
5.205597701149428e+000 -1.949225720325934e-001 5.038379241844799e-001 1.585703891187266e-001
5.213655172413796e+000 -1.906971052150039e-001 5.062849214292794e-001 1.541745099219706e-001
5.221712643678164e+000 -1.866295459839362e-001 5.085248006047695e-001 1.500231713739736e-001
5.229770114942532e+000 -1.826530287496011e-001 5.105957664152989e-001 1.461254580160274e-001
5.237827586206900e+000 -1.786975264905309e-001 5.125388891344249e-001 1.424520628620126e-001
5.245885057471268e+000 -1.747056473892946e-001 5.143871943674908e-001 1.389641030328630e-001
5.253942528735636e+000 -1.706375174900769e-001 5.161613337514341e-001 1.356395168452869e-001
5.262000000000004e+000 -1.664692881750784e-001 5.178705968711544e-001 1.324846290510297e-001
5.270057471264372e+000 -1.621883925299248e-001 5.195166651146312e-001 1.295323275218341e-001
5.278114942528740e+000 -1.577887261945274e-001 5.210975194758629e-001 1.268329667235503e-001
5.286172413793108e+000 -1.532724990177509e-001 5.226088207171302e-001 1.244427957092543e-001
5.294229885057476e+000 -1.486548989348598e-001 5.240447167979153e-001 1.224057102281949e-001
5.302287356321844e+000 -1.439599958121622e-001 5.254015451230431e-001 1.207244385057484e-001
5.310344827586212e+000 -1.392106334944929e-001 5.266812900247274e-001 1.193423470501255e-001
5.318402298850580e+000 -1.344244920333544e-001 5.278899440315178e-001 1.181626438743801e-001
5.326459770114948e+000 -1.296170701315490e-001 5.290328513749507e-001 1.170922481346490e-001
5.334517241379316e+000 -1.248016919004809e-001 5.301124660312367e-001 1.160741403055740e-001
5.342574712643684e+000 -1.199823069542949e-001 5.311297874229576e-001 1.150931761774580e-001
5.350632183908052e+000 -1.151471079334811e-001 5.320867694985124e-001 1.141590158933319e-001
5.358689655172420e+000 -1.102745159133237e-001 5.329868027974656e-001 1.132766965337081e-001
5.366747126436787e+000 -1.053577962759889e-001 5.338315784742284e-001 1.124281094033241e-001
5.374804597701155e+000 -1.004401823032564e-001 5.346161817275739e-001 1.115803916525976e-001
5.382862068965523e+000 -9.562887867344939e-002 5.353289031173385e-001 1.107038195298436e-001
5.390919540229891e+000 -9.105763416333954e-002 5.359589642244748e-001 1.097763582668504e-001
5.398977011494259e+000 -8.681872155829570e-002 5.365049122294622e-001 1.087835042932949e-001
5.407034482758627e+000 -8.292594596231787e-002 5.369752029373758e-001 1.077238297492224e-001
5.415091954022995e+000 -7.933578211092676e-002 5.373825809342993e-001 1.066053957650243e-001
5.423149425287363e+000 -7.599435501362624e-002 5.377389364791426e-001 1.054273268195559e-001
5.431206896551731e+000 -7.287063579556341e-002 5.380533245574314e-001 1.041647904566809e-001
5.439264367816099e+000 -6.996136785227228e-002 5.383322524116063e-001 1.027707578893423e-001
5.447321839080467e+000 -6.727030431013682e-002 5.385809903520057e-001 1.011898605504732e-001
5.455379310344835e+000 -6.477821159665700e-002 5.388046188874808e-001 9.937290783389123e-002
5.463436781609203e+000 -6.242631078218196e-002 5.390078417159010e-001 9.728567111437561e-002
5.471494252873571e+000 -6.012492239459699e-002 5.391936525444933e-001 9.491296274386084e-002
5.479551724137939e+000 -5.778504988356773e-002 5.393617102122681e-001 9.225976567054121e-002
5.487609195402307e+000 -5.535775179006557e-002 5.395076221095886e-001 8.934804501436694e-002
5.495666666666675e+000 -5.285328456665846e-002 5.396241176370081e-001 8.621216034975852e-002
5.503724137931043e+000 -5.032108806391155e-002 5.397038123808979e-001 8.289964628932002e-002
5.511781609195411e+000 -4.780600213567347e-002 5.397418854277254e-001 7.947477921527393e-002
5.519839080459779e+000 -4.531727986283538e-002 5.397371625045935e-001 7.601833192149625e-002
5.527896551724147e+000 -4.283360038434277e-002 5.396917960369142e-001 7.262669563297093e-002
5.535954022988515e+000 -4.033802601413929e-002 5.396109360642041e-001 6.941169150904653e-002
5.544011494252882e+000 -3.785135210747902e-002 5.395030146793146e-001 6.649267815991158e-002
5.552068965517250e+000 -3.542854180316900e-002 5.393796487728175e-001 6.397910840563670e-002
5.560126436781618e+000 -3.311993287074691e-002 5.392537636737077e-001 6.195096091340419e-002
5.568183908045986e+000 -3.094128482670271e-002 5.391362706067133e-001 6.044367124217286e-002
5.576241379310354e+000 -2.887948488020839e-002 5.390336442658370e-001 5.944535520581645e-002
5.584298850574722e+000 -2.691331275445028e-002 5.389479831863169e-001 5.891147021225844e-002
5.592356321839090e+000 -2.502683725951454e-002 5.388787683920434e-001 5.878839935125396e-002
5.600413793103458e+000 -2.321738469970599e-002 5.388247705451396e-001 5.903059545983069e-002
5.608471264367826e+000 -2.150343646999523e-002 5.387852852650303e-001 5.960366764531652e-002
5.616528735632194e+000 -1.993096845800364e-002 5.387607452253714e-001 6.047782554240402e-002
5.624586206896562e+000 -1.857509170581183e-002 5.387531635179892e-001 6.162311250870234e-002
5.632643678160930e+000 -1.753604346635393e-002 5.387664780987009e-001 6.301284693318249e-002
5.640701149425298e+000 -1.693244610653959e-002 5.388063221147577e-001 6.463004849948775e-002
5.648758620689666e+000 -1.689796724929325e-002 5.388790459934713e-001 6.647031363783702e-002
5.656816091954034e+000 -1.758444247717338e-002 5.389903635140665e-001 6.854720741881082e-002
5.664873563218402e+000 -1.916299896073383e-002 5.391430862874560e-001 7.090825776015111e-002
5.672931034482770e+000 -2.180917325374995e-002 5.393322341352562e-001 7.364765913417642e-002
5.680988505747138e+000 -2.566570279155736e-002 5.395374823343349e-001 7.689414424343222e-002
5.689045977011506e+000 -3.079025788499665e-002 5.397167068564707e-001 8.077700555219912e-002
5.697103448275874e+000 -3.711256760792367e-002 5.398064155043536e-001 8.538628924866740e-002
5.705160919540242e+000 -4.443200057952898e-002 5.397323046565530e-001 9.073569108639885e-002
5.713218390804610e+000 -5.246751253021808e-002 5.394265969753969e-001 9.674056465501676e-002
5.721275862068977e+000 -6.093862224200791e-002 5.388428910582968e-001 1.032294161145937e-001
5.729333333333345e+000 -6.963230456210215e-002 5.379603135290529e-001 1.099910746519001e-001
5.737390804597713e+000 -7.841971862333874e-002 5.367773166118681e-001 1.168333811242044e-001
5.745448275862081e+000 -8.722734925720585e-002 5.353027549245358e-001 1.236213718493463e-001
5.753505747126449e+000 -9.599933048549757e-002 5.335506262705686e-001 1.302805068292167e-001
5.761563218390817e+000 -1.046838752127672e-001 5.315389086017172e-001 1.367701209282567e-001
5.769620689655185e+000 -1.132492332773402e-001 5.292896060751562e-001 1.430419311876891e-001
5.777678160919553e+000 -1.217023836544588e-001 5.268280021216019e-001 1.490118038563659e-001
5.785735632183921e+000 -1.300667158331459e-001 5.241825341801046e-001 1.545791763568958e-001
5.793793103448289e+000 -1.383066700635598e-001 5.213895191281811e-001 1.596922952622719e-001
5.801850574712657e+000 -1.462653655091755e-001 5.185016837814077e-001 1.643991130465533e-001
5.809908045977025e+000 -1.537078799312055e-001 5.155876311741042e-001 1.688217903524422e-001
5.817965517241393e+000 -1.604586509011569e-001 5.127135309705362e-001 1.730661182673907e-001
5.826022988505761e+000 -1.665036706791312e-001 5.099225527191358e-001 1.771439025862914e-001
5.834080459770129e+000 -1.719650390894216e-001 5.072337830445953e-001 1.809720847370532e-001
5.842137931034497e+000 -1.769932472683763e-001 5.046581522422716e-001 1.844359629701076e-001
5.850195402298865e+000 -1.816869568851337e-001 5.022108902468723e-001 1.874518839985135e-001
5.858252873563233e+000 -1.860939324784880e-001 4.999077281926057e-001 1.899880429743185e-001
5.866310344827601e+000 -1.902531796030698e-001 4.977523690663858e-001 1.920549368645679e-001
5.874367816091969e+000 -1.942130957135909e-001 4.957318800170210e-001 1.936931715526160e-001
5.882425287356337e+000 -1.980155842968048e-001 4.938247277027661e-001 1.949648362933150e-001
5.890482758620705e+000 -2.016797528193501e-001 4.920126706656182e-001 1.959383960947136e-001
5.898540229885072e+000 -2.052085298645887e-001 4.902865824084455e-001 1.966657429579000e-001
5.906597701149440e+000 -2.086073959757088e-001 4.886437316425287e-001 1.971690113300960e-001
5.914655172413808e+000 -2.118891419291668e-001 4.870825716803923e-001 1.974522234420878e-001
5.922712643678176e+000 -2.150644216019715e-001 4.855996460023766e-001 1.975254954496390e-001
5.930770114942544e+000 -2.181395680402013e-001 4.841853282184683e-001 1.974227933250009e-001
5.938827586206912e+000 -2.211263212164615e-001 4.828165690227106e-001 1.972109997441077e-001
5.946885057471280e+000 -2.240422218061078e-001 4.814590959630282e-001 1.969816272917414e-001
5.954942528735648e+000 -2.268794853377290e-001 4.800973885870490e-001 1.968037192482212e-001
5.963000000000016e+000 -2.295630439750409e-001 4.787783147815357e-001 1.966561471009171e-001
5.971057471264384e+000 -2.319551000148643e-001 4.776170812566353e-001 1.964108533333519e-001
5.979114942528752e+000 -2.339191034905516e-001 4.767425087997577e-001 1.959063393407290e-001
5.987172413793120e+000 -2.353853886920621e-001 4.762254831748407e-001 1.950578613710676e-001
5.995229885057488e+000 -2.363645116745992e-001 4.760498495379978e-001 1.939169608866935e-001
6.003287356321856e+000 -2.369112707999422e-001 4.761392839895459e-001 1.926461307972708e-001
6.011344827586224e+000 -2.370769825237864e-001 4.764085455337942e-001 1.914420004877775e-001
6.019402298850592e+000 -2.368820633296540e-001 4.768003295268108e-001 1.904657413430970e-001
6.027459770114960e+000 -2.363172378987590e-001 4.772911562666083e-001 1.898181487274498e-001
6.035517241379328e+000 -2.353617711160242e-001 4.778758488910900e-001 1.895538368831066e-001
6.043574712643696e+000 -2.340040593382178e-001 4.785496266782333e-001 1.897012222175445e-001
6.051632183908064e+000 -2.322574842682515e-001 4.792991721376178e-001 1.902635947590411e-001
6.059689655172432e+000 -2.301676421630007e-001 4.801031191231125e-001 1.912072107557065e-001
6.067747126436800e+000 -2.278112735432298e-001 4.809341885526679e-001 1.924624251765226e-001
6.075804597701167e+000 -2.252954988764358e-001 4.817548719113909e-001 1.939482698344063e-001
6.083862068965535e+000 -2.227603830244148e-001 4.825117563738995e-001 1.955950730203747e-001
6.091919540229903e+000 -2.203776580149961e-001 4.831393203236640e-001 1.973394446233862e-001
6.099977011494271e+000 -2.183451041884810e-001 4.835690115185594e-001 1.991059968649444e-001
6.108034482758639e+000 -2.168780511209000e-001 4.837339863468130e-001 2.008035925525294e-001
6.116091954023007e+000 -2.161883061962834e-001 4.835735709846120e-001 2.023351272855401e-001
6.124149425287375e+000 -2.164444823933801e-001 4.830449509707415e-001 2.036052928915241e-001
6.132206896551743e+000 -2.177210347876724e-001 4.821402910435652e-001 2.045268296013867e-001
6.140264367816111e+000 -2.199485619471243e-001 4.809039978822830e-001 2.050344484072978e-001
6.148321839080479e+000 -2.228878076186695e-001 4.794429750589551e-001 2.051056925544458e-001
6.156379310344847e+000 -2.261598907838402e-001 4.779165165235157e-001 2.047792461375878e-001
6.164436781609215e+000 -2.293384638141486e-001 4.765002694587470e-001 2.041570921821498e-001
6.172494252873583e+000 -2.320578134826219e-001 4.753420267771842e-001 2.033805448625071e-001
6.180551724137951e+000 -2.340808783543633e-001 4.745351339570474e-001 2.025852633545512e-001
6.188609195402319e+000 -2.353118269839843e-001 4.741168575962025e-001 2.018566712162268e-001
6.196666666666687e+000 -2.357732470287739e-001 4.740784609445824e-001 2.012144286206703e-001
