---- AnyBody Output File ---------------------------------
Study: Main.Studies.MotionOptimization
Operation: Main.Studies.MotionOptimization.Kinematics
----------------------------------------------------------
Constants (Name = Value): 
Main.Studies.KinematicStudyForParameterIdentification.JointAngleOutputs.OutputFile7.FileName = "..\Input\Subjects\PS\Overground Gait Trials\PS_ngait_og_ss7\PS_ngait_og_ss7-output-euler-rightarm.txt"
Main.Studies.KinematicStudyForParameterIdentification.JointAngleOutputs.OutputFile7.NumberFormat.Digits = 15
Main.Studies.KinematicStudyForParameterIdentification.JointAngleOutputs.OutputFile7.NumberFormat.Width = 22
Main.Studies.KinematicStudyForParameterIdentification.JointAngleOutputs.OutputFile7.NumberFormat.Style = ScientificNumber
Main.Studies.KinematicStudyForParameterIdentification.JointAngleOutputs.OutputFile7.NumberFormat.FormatStr = "%22.15e"
Main.Studies.KinematicStudyForParameterIdentification.JointAngleOutputs.OutputFile7.Search = 
Main.Studies.KinematicStudyForParameterIdentification.JointAngleOutputs.OutputFile7.Format = 0
Main.Studies.KinematicStudyForParameterIdentification.JointAngleOutputs.OutputFile7.SepSign = " "
Main.Studies.KinematicStudyForParameterIdentification.JointAngleOutputs.OutputFile7.LineSepSign = ""
Main.Studies.KinematicStudyForParameterIdentification.JointAngleOutputs.OutputFile7.Header.TitleSectionOnOff = On
Main.Studies.KinematicStudyForParameterIdentification.JointAngleOutputs.OutputFile7.Header.ConstSectionOnOff = On
Main.Studies.KinematicStudyForParameterIdentification.JointAngleOutputs.OutputFile7.Header.ConstSectionSaveOptionsOnOff = On
Main.Studies.KinematicStudyForParameterIdentification.JointAngleOutputs.OutputFile7.Header.VarSectionOnOff = On
Main.Studies.KinematicStudyForParameterIdentification.JointAngleOutputs.OutputFile7.Header.ColumnNamesOnOff = On
Main.Studies.KinematicStudyForParameterIdentification.JointAngleOutputs.OutputFile7.Header.LinePrefix = ""
Main.Studies.KinematicStudyForParameterIdentification.JointAngleOutputs.OutputFile7.ConstSectionSaveOptionsOnOff = On
----------------------------------------------------------
Variables (Column# Name): 
col0  Main.Studies.MotionOptimization.t
col1  Main.Studies.KinematicStudyForParameterIdentification.JointAngleOutputs.OutputFile7.SternoClavicularProtraction
col2  Main.Studies.KinematicStudyForParameterIdentification.JointAngleOutputs.OutputFile7.SternoClavicularElevation
col3  Main.Studies.KinematicStudyForParameterIdentification.JointAngleOutputs.OutputFile7.SternoClavicularAxialRotation
col4  Main.Studies.KinematicStudyForParameterIdentification.JointAngleOutputs.OutputFile7.GlenohumeralFlexion
col5  Main.Studies.KinematicStudyForParameterIdentification.JointAngleOutputs.OutputFile7.GlenohumeralExternalRotation
col6  Main.Studies.KinematicStudyForParameterIdentification.JointAngleOutputs.OutputFile7.GlenohumeralAbduction
col7  Main.Studies.KinematicStudyForParameterIdentification.JointAngleOutputs.OutputFile7.ElbowFlexion
col8  Main.Studies.KinematicStudyForParameterIdentification.JointAngleOutputs.OutputFile7.ElbowPronation
col9  Main.Studies.KinematicStudyForParameterIdentification.JointAngleOutputs.OutputFile7.WristFlexion
col10  Main.Studies.KinematicStudyForParameterIdentification.JointAngleOutputs.OutputFile7.WristAbduction
----------------------------------------------------------
Main.Studies.MotionOptimization.t Main.Studies.KinematicStudyForParameterIdentification.JointAngleOutputs.OutputFile7.SternoClavicularProtraction Main.Studies.KinematicStudyForParameterIdentification.JointAngleOutputs.OutputFile7.SternoClavicularElevation Main.Studies.KinematicStudyForParameterIdentification.JointAngleOutputs.OutputFile7.SternoClavicularAxialRotation Main.Studies.KinematicStudyForParameterIdentification.JointAngleOutputs.OutputFile7.GlenohumeralFlexion Main.Studies.KinematicStudyForParameterIdentification.JointAngleOutputs.OutputFile7.GlenohumeralExternalRotation Main.Studies.KinematicStudyForParameterIdentification.JointAngleOutputs.OutputFile7.GlenohumeralAbduction Main.Studies.KinematicStudyForParameterIdentification.JointAngleOutputs.OutputFile7.ElbowFlexion Main.Studies.KinematicStudyForParameterIdentification.JointAngleOutputs.OutputFile7.ElbowPronation Main.Studies.KinematicStudyForParameterIdentification.JointAngleOutputs.OutputFile7.WristFlexion Main.Studies.KinematicStudyForParameterIdentification.JointAngleOutputs.OutputFile7.WristAbduction
5.028333333333333e+000 -4.833854516573339e-001 2.763215726462487e-001 -3.490658504174999e-001 4.107884991863862e-001 1.584268513860480e-001 2.354719872137706e-001 7.126734662781351e-001 2.580956827951785e-008 0.000000000000000e+000 0.000000000000000e+000
5.036390804597701e+000 -4.815294460980929e-001 2.761021616260981e-001 -3.490664706830636e-001 4.099795410640845e-001 1.581901085501626e-001 2.327359611342222e-001 7.149000424090830e-001 0.000000000000000e+000 2.220446049250313e-016 0.000000000000000e+000
5.044448275862069e+000 -4.801631952636207e-001 2.755521958119038e-001 -3.490664395303677e-001 4.082524652670752e-001 1.575650647969358e-001 2.303197514964832e-001 7.163103858681952e-001 -2.980232238769531e-008 0.000000000000000e+000 0.000000000000000e+000
5.052505747126437e+000 -4.791060631345183e-001 2.747291568081400e-001 -3.490664081076902e-001 4.056414881253296e-001 1.562884140686020e-001 2.281901605448262e-001 7.167070123059794e-001 0.000000000000000e+000 -2.220446049250313e-016 0.000000000000000e+000
5.060563218390805e+000 -4.784082124688821e-001 2.735343214460824e-001 -3.490663715143535e-001 4.023245589018909e-001 1.541139279823880e-001 2.263833342832416e-001 7.158208688983087e-001 1.490116119384766e-008 2.220446049250313e-016 0.000000000000000e+000
5.068620689655173e+000 -4.780309856242558e-001 2.718452608929010e-001 -3.490663335388181e-001 3.984349319307012e-001 1.507829362816343e-001 2.249013865290829e-001 7.135469167399993e-001 -2.107342425544702e-008 -2.220446049250313e-016 0.000000000000000e+000
5.076678160919541e+000 -4.778485650007464e-001 2.695136055569152e-001 -3.490662971424655e-001 3.940623657919462e-001 1.460759979920545e-001 2.236900108295985e-001 7.099384377992213e-001 -2.580956827951785e-008 0.000000000000000e+000 0.000000000000000e+000
5.084735632183909e+000 -4.776598695390716e-001 2.663754647162882e-001 -3.490662643068126e-001 3.892564838777661e-001 1.398890378700518e-001 2.226176522414003e-001 7.051776209386163e-001 3.650024149988857e-008 0.000000000000000e+000 0.000000000000000e+000
5.092793103448277e+000 -4.772269515845499e-001 2.622722967400415e-001 -3.490662360925586e-001 3.840274214627248e-001 1.322842341975202e-001 2.214868560871826e-001 6.995394154524547e-001 2.580956827951785e-008 -2.220446049250313e-016 0.000000000000000e+000
5.100850574712645e+000 -4.763294294135865e-001 2.570752620191947e-001 -3.490662127087564e-001 3.783479903258358e-001 1.234642440902335e-001 2.200847030477575e-001 6.933573921356867e-001 1.490116119384766e-008 -4.440892098500626e-016 0.000000000000000e+000
5.108908045977013e+000 -4.748064951677451e-001 2.507153250312708e-001 -3.490661934836786e-001 3.721614784741907e-001 1.136975200072769e-001 2.182469899503996e-001 6.869948222724840e-001 1.490116119384766e-008 -2.220446049250313e-016 0.000000000000000e+000
5.116965517241381e+000 -4.725754506208599e-001 2.432229823920409e-001 -3.490661768593799e-001 3.653928062406586e-001 1.032723854966035e-001 2.159003244857247e-001 6.808108520294203e-001 1.490116119384766e-008 0.000000000000000e+000 0.000000000000000e+000
5.125022988505749e+000 -4.696268059238676e-001 2.347696555030245e-001 -3.490661606595112e-001 3.579626531992186e-001 9.249299656038293e-002 2.130666842154674e-001 6.751093893622288e-001 0.000000000000000e+000 4.440892098500626e-016 0.000000000000000e+000
5.133080459770117e+000 -4.659916756521627e-001 2.256866919309635e-001 -3.490661427661702e-001 3.498075223311368e-001 8.166245418649867e-002 2.098370533753008e-001 6.700749986067782e-001 0.000000000000000e+000 0.000000000000000e+000 0.000000000000000e+000
5.141137931034485e+000 -4.617120047227935e-001 2.164323606430763e-001 -3.490661218736487e-001 3.409072156254489e-001 7.103630900362486e-002 2.063325806389932e-001 6.657114762988359e-001 2.580956827951785e-008 0.000000000000000e+000 0.000000000000000e+000
5.149195402298853e+000 -4.568587947843424e-001 2.075016122634557e-001 -3.490660978883861e-001 3.313168023165412e-001 6.078918784729694e-002 2.026690608271143e-001 6.618036246611927e-001 -2.107342425544702e-008 0.000000000000000e+000 0.000000000000000e+000
5.157252873563221e+000 -4.515822102004085e-001 1.993121889701370e-001 -3.490660718904716e-001 3.211908489416706e-001 5.101176243292761e-002 1.989300863762622e-001 6.579234903945461e-001 0.000000000000000e+000 0.000000000000000e+000 0.000000000000000e+000
5.165310344827589e+000 -4.461376967576430e-001 1.921186347617245e-001 -3.490660457656321e-001 3.107808553290790e-001 4.171572962584744e-002 1.951569246472077e-001 6.534939526862883e-001 0.000000000000000e+000 -2.220446049250313e-016 0.000000000000000e+000
5.173367816091957e+000 -4.408569597114656e-001 1.859895268376997e-001 -3.490660216703307e-001 3.003967246966257e-001 3.285198795577405e-002 1.913542349152220e-001 6.479040183157169e-001 0.000000000000000e+000 2.220446049250313e-016 0.000000000000000e+000
5.181425287356325e+000 -4.360797979966748e-001 1.808467613337845e-001 -3.490660014705271e-001 2.903465409065671e-001 2.435999742163895e-002 1.874978682114186e-001 6.406412742611478e-001 0.000000000000000e+000 0.000000000000000e+000 0.000000000000000e+000
5.189482758620692e+000 -4.320965701974665e-001 1.765389261660837e-001 -3.490659862478632e-001 2.808827254297275e-001 1.623641187645877e-002 1.835433516403169e-001 6.313888585152734e-001 0.000000000000000e+000 0.000000000000000e+000 0.000000000000000e+000
5.197540229885060e+000 -4.291307987819283e-001 1.729161360004250e-001 -3.490659760716569e-001 2.721667117537119e-001 8.596484934819740e-003 1.794433520931069e-001 6.200633418310287e-001 -1.490116119384766e-008 0.000000000000000e+000 0.000000000000000e+000
5.205597701149428e+000 -4.273344364483176e-001 1.698778577757640e-001 -3.490659701030681e-001 2.642441926533667e-001 1.697490316493217e-003 1.751694334375049e-001 6.068158131009012e-001 0.000000000000000e+000 -4.440892098500626e-016 0.000000000000000e+000
5.213655172413796e+000 -4.267595089920075e-001 1.673761654086126e-001 -3.490659668408609e-001 2.570355442390104e-001 -4.091500502942982e-003 1.707196658512820e-001 5.920100630730932e-001 0.000000000000000e+000 -2.220446049250313e-016 0.000000000000000e+000
5.221712643678164e+000 -4.273220064717866e-001 1.653847257467302e-001 -3.490659645074719e-001 2.503572411472808e-001 -8.356682219061169e-003 1.661077431465368e-001 5.761670536258292e-001 0.000000000000000e+000 -4.440892098500626e-016 0.000000000000000e+000
5.229770114942532e+000 -4.288025694763561e-001 1.638689488535214e-001 -3.490659616549296e-001 2.439632807678469e-001 -1.071638781491215e-002 1.613552692875598e-001 5.598871019037759e-001 0.000000000000000e+000 0.000000000000000e+000 0.000000000000000e+000
5.237827586206900e+000 -4.308992830885379e-001 1.627815121802816e-001 -3.490659577020681e-001 2.375800529863017e-001 -1.088578284701075e-002 1.565019412174889e-001 5.437780842032385e-001 0.000000000000000e+000 4.440892098500626e-016 0.000000000000000e+000
5.245885057471268e+000 -4.333108425764582e-001 1.620712064390544e-001 -3.490659530247536e-001 2.309391555796019e-001 -8.706818160125779e-003 1.516148298060026e-001 5.283865008288025e-001 0.000000000000000e+000 0.000000000000000e+000 0.000000000000000e+000
5.253942528735636e+000 -4.358143952848583e-001 1.616824665476502e-001 -3.490659485368826e-001 2.238296210703201e-001 -4.131091259801105e-003 1.467725719502999e-001 5.141119638968216e-001 0.000000000000000e+000 0.000000000000000e+000 0.000000000000000e+000
5.262000000000004e+000 -4.383022736010561e-001 1.615480161857155e-001 -3.490659450565873e-001 2.161465564417673e-001 2.809298529851337e-003 1.420405632972095e-001 5.011422182100838e-001 0.000000000000000e+000 2.220446049250313e-016 0.000000000000000e+000
5.270057471264372e+000 -4.407633944225380e-001 1.615922089046769e-001 -3.490659429377465e-001 2.078873595005828e-001 1.198652255286124e-002 1.374720315965255e-001 4.894733616079716e-001 0.000000000000000e+000 4.440892098500626e-016 0.000000000000000e+000
5.278114942528740e+000 -4.432356148983023e-001 1.617474548713580e-001 -3.490659421414748e-001 1.991094942109193e-001 2.314262832918633e-002 1.331231527549233e-001 4.789824212070192e-001 0.000000000000000e+000 -2.220446049250313e-016 0.000000000000000e+000
5.286172413793108e+000 -4.457656922080371e-001 1.619679233549216e-001 -3.490659424517128e-001 1.899048391991562e-001 3.591135350098788e-002 1.290435956934672e-001 4.694702970404184e-001 -1.490116119384766e-008 -4.440892098500626e-016 0.000000000000000e+000
5.294229885057476e+000 -4.483832244495588e-001 1.622283649350107e-001 -3.490659435811545e-001 1.803881133785055e-001 4.987991065662405e-002 1.252518438335068e-001 4.606922825937458e-001 0.000000000000000e+000 4.440892098500626e-016 0.000000000000000e+000
5.302287356321844e+000 -4.510812678361158e-001 1.625141920961397e-001 -3.490659452040662e-001 1.706688381189949e-001 6.462424493731488e-002 1.217329752550871e-001 4.524208293604860e-001 0.000000000000000e+000 2.220446049250313e-016 0.000000000000000e+000
5.310344827586212e+000 -4.538143256083037e-001 1.628139497523975e-001 -3.490659469912819e-001 1.608239124871167e-001 7.972679055496455e-002 1.184602417521284e-001 4.444981445750075e-001 0.000000000000000e+000 2.220446049250313e-016 0.000000000000000e+000
5.318402298850580e+000 -4.565228901548196e-001 1.631129819950352e-001 -3.490659486704014e-001 1.508942896941392e-001 9.481098655092603e-002 1.154160513232109e-001 4.368417752784290e-001 -2.107342425544702e-008 2.220446049250313e-016 0.000000000000000e+000
5.326459770114948e+000 -4.591616578322135e-001 1.633833425431861e-001 -3.490659501205262e-001 1.408912296126861e-001 1.095747305041160e-001 1.125976353965031e-001 4.294399961570011e-001 0.000000000000000e+000 4.440892098500626e-016 0.000000000000000e+000
5.334517241379316e+000 -4.617081865478397e-001 1.635717527244898e-001 -3.490659514132402e-001 1.307969396183542e-001 1.237973372242005e-001 1.100057091787192e-001 4.223630833882900e-001 0.000000000000000e+000 2.220446049250313e-016 0.000000000000000e+000
5.342574712643684e+000 -4.641679996745202e-001 1.635903947771096e-001 -3.490659526872622e-001 1.205680321336768e-001 1.373260347206049e-001 1.076249015856788e-001 4.157587873516812e-001 0.000000000000000e+000 4.440892098500626e-016 0.000000000000000e+000
5.350632183908052e+000 -4.665832683785898e-001 1.633210935741409e-001 -3.490659539682244e-001 1.101469501033292e-001 1.500451614931299e-001 1.054121073752866e-001 4.098111427476658e-001 0.000000000000000e+000 2.220446049250313e-016 0.000000000000000e+000
5.358689655172420e+000 -4.690145561248892e-001 1.626524438792432e-001 -3.490659551677374e-001 9.947565516721912e-002 1.618360080951297e-001 1.033077350271979e-001 4.046898005973028e-001 0.000000000000000e+000 -2.220446049250313e-016 0.000000000000000e+000
5.366747126436787e+000 -4.714958608554510e-001 1.615527865132425e-001 -3.490659562663019e-001 8.852400309664610e-002 1.725950002669325e-001 1.012664974962067e-001 4.005014358974722e-001 0.000000000000000e+000 -2.220446049250313e-016 0.000000000000000e+000
5.374804597701155e+000 -4.740063760260030e-001 1.601276899836350e-001 -3.490659574231365e-001 7.733933439262875e-002 1.823546899587885e-001 9.927415397041861e-002 3.972276681036744e-001 0.000000000000000e+000 -4.440892098500626e-016 0.000000000000000e+000
5.382862068965523e+000 -4.764848109129763e-001 1.585928906189911e-001 -3.490659587857556e-001 6.606852226720661e-002 1.913754595220795e-001 9.732698368249268e-002 3.946879712233274e-001 0.000000000000000e+000 0.000000000000000e+000 0.000000000000000e+000
5.390919540229891e+000 -4.788728398445755e-001 1.571723771148419e-001 -3.490659602159060e-001 5.490092890788278e-002 2.000255941027046e-001 9.540559198120160e-002 3.926093750604465e-001 1.490116119384766e-008 2.220446049250313e-016 0.000000000000000e+000
5.398977011494259e+000 -4.811499033130515e-001 1.560083089323485e-001 -3.490659613599182e-001 4.397183492629964e-002 2.085235919718297e-001 9.347909441762393e-002 3.907791893021839e-001 0.000000000000000e+000 4.440892098500626e-016 0.000000000000000e+000
5.407034482758627e+000 -4.833295201264770e-001 1.551403315405606e-001 -3.490659619425937e-001 3.331987951398618e-002 2.167987008857378e-001 9.152316218094880e-002 3.891353350530379e-001 0.000000000000000e+000 0.000000000000000e+000 0.000000000000000e+000
5.415091954022995e+000 -4.854267302260624e-001 1.545378603729926e-001 -3.490659618852343e-001 2.291838109581201e-002 2.245474764979247e-001 8.952602551242413e-002 3.877333031039594e-001 -1.490116119384766e-008 2.220446049250313e-016 0.000000000000000e+000
5.423149425287363e+000 -4.874362920363053e-001 1.541439414349084e-001 -3.490659612155173e-001 1.272247433204243e-002 2.313748352651752e-001 8.748525295822857e-002 3.866689771281724e-001 -2.980232238769531e-008 2.220446049250313e-016 0.000000000000000e+000
5.431206896551731e+000 -4.893461030095798e-001 1.539056926615712e-001 -3.490659599386806e-001 2.695623210321241e-003 2.369404385446892e-001 8.540015786496535e-002 3.860250576618740e-001 0.000000000000000e+000 2.220446049250313e-016 0.000000000000000e+000
5.439264367816099e+000 -4.911658586845227e-001 1.537873489445727e-001 -3.490659579871490e-001 -7.179214617146545e-003 2.410649802168675e-001 8.326291239227045e-002 3.858483248725018e-001 0.000000000000000e+000 4.440892098500626e-016 0.000000000000000e+000
5.447321839080467e+000 -4.929324749613143e-001 1.537736762223778e-001 -3.490659552793676e-001 -1.690001439364663e-002 2.437341455437403e-001 8.105982134719009e-002 3.861554108021360e-001 0.000000000000000e+000 4.440892098500626e-016 0.000000000000000e+000
5.455379310344835e+000 -4.946857800317114e-001 1.538668482715575e-001 -3.490659517828567e-001 -2.645770226460842e-002 2.450148070418948e-001 7.877886726923207e-002 3.869542806638576e-001 0.000000000000000e+000 0.000000000000000e+000 0.000000000000000e+000
5.463436781609203e+000 -4.964441616136958e-001 1.540756378785944e-001 -3.490659474847741e-001 -3.584549204021270e-002 2.449814604135565e-001 7.640876877374618e-002 3.882511021305979e-001 0.000000000000000e+000 2.220446049250313e-016 0.000000000000000e+000
5.471494252873571e+000 -4.982013617835405e-001 1.544059783775518e-001 -3.490659423455584e-001 -4.505486463360464e-002 2.437078231288383e-001 7.393663615001692e-002 3.900328144645977e-001 0.000000000000000e+000 -2.220446049250313e-016 0.000000000000000e+000
5.479551724137939e+000 -4.999374262749494e-001 1.548648276379125e-001 -3.490659363349473e-001 -5.406670295825911e-002 2.412995942322131e-001 7.135865246493985e-002 3.922448809864682e-001 -1.490116119384766e-008 0.000000000000000e+000 0.000000000000000e+000
5.487609195402307e+000 -5.016312873215705e-001 1.554729827134762e-001 -3.490659295359883e-001 -6.284665210804263e-002 2.379179873190156e-001 6.869773699349488e-002 3.947835221350365e-001 0.000000000000000e+000 6.661338147750939e-016 0.000000000000000e+000
5.495666666666675e+000 -5.032697590784898e-001 1.562707375203423e-001 -3.490659222437558e-001 -7.134490666672066e-002 2.337590301290273e-001 6.601418959857572e-002 3.975105029999188e-001 1.490116119384766e-008 0.000000000000000e+000 0.000000000000000e+000
5.503724137931043e+000 -5.048501433954115e-001 1.573079663487129e-001 -3.490659149566062e-001 -7.949868676476002e-002 2.290053317518866e-001 6.340160333691733e-002 4.002801204087905e-001 0.000000000000000e+000 2.220446049250313e-016 0.000000000000000e+000
5.511781609195411e+000 -5.063768568101001e-001 1.586243075860296e-001 -3.490659082355714e-001 -8.723479757325947e-002 2.237942333624407e-001 6.096741118273742e-002 4.029525687319103e-001 -2.107342425544702e-008 0.000000000000000e+000 0.000000000000000e+000
5.519839080459779e+000 -5.078614142368225e-001 1.602335575380265e-001 -3.490659025722667e-001 -9.447161472152366e-002 2.182167943961663e-001 5.881330259028859e-002 4.053916328634616e-001 -1.490116119384766e-008 2.220446049250313e-016 0.000000000000000e+000
5.527896551724147e+000 -5.093342796217226e-001 1.621223307159618e-001 -3.490658983578394e-001 -1.011237673402248e-001 2.123401075879634e-001 5.703540834988025e-002 4.074752270303924e-001 0.000000000000000e+000 -4.440892098500626e-016 0.000000000000000e+000
5.535954022988515e+000 -5.108510788860026e-001 1.642552418665397e-001 -3.490658958933054e-001 -1.071122565681102e-001 2.062342913018904e-001 5.573629351497075e-002 4.091280590267027e-001 0.000000000000000e+000 0.000000000000000e+000 0.000000000000000e+000
5.544011494252882e+000 -5.124651974480254e-001 1.665728649217761e-001 -3.490658953827469e-001 -1.123793809212810e-001 1.999851293293704e-001 5.502012343201569e-002 4.103512636982941e-001 0.000000000000000e+000 0.000000000000000e+000 0.000000000000000e+000
5.552068965517250e+000 -5.141860368490555e-001 1.689862907369224e-001 -3.490658968632938e-001 -1.169006470582450e-001 1.937047444374004e-001 5.496354302836080e-002 4.112247999000671e-001 2.580956827951785e-008 0.000000000000000e+000 0.000000000000000e+000
5.560126436781618e+000 -5.159746976755427e-001 1.713770239097434e-001 -3.490659000840308e-001 -1.206834207899785e-001 1.875413673664952e-001 5.558382517760083e-002 4.118791800593488e-001 0.000000000000000e+000 -2.220446049250313e-016 0.000000000000000e+000
5.568183908045986e+000 -5.177766796785039e-001 1.736003634627670e-001 -3.490659045003567e-001 -1.237567425557002e-001 1.816577108206297e-001 5.682594795149573e-002 4.124515430420833e-001 1.490116119384766e-008 6.661338147750939e-016 0.000000000000000e+000
5.576241379310354e+000 -5.195452954750814e-001 1.754980139723625e-001 -3.490659094554579e-001 -1.261650531615297e-001 1.761941083887506e-001 5.857500874180598e-002 4.130450164452129e-001 0.000000000000000e+000 -4.440892098500626e-016 0.000000000000000e+000
5.584298850574722e+000 -5.212458857601962e-001 1.769242383960268e-001 -3.490659143715590e-001 -1.279654742748775e-001 1.712598670703389e-001 6.068841278149331e-002 4.137022577646802e-001 1.490116119384766e-008 -2.220446049250313e-016 0.000000000000000e+000
5.592356321839090e+000 -5.228589109492229e-001 1.777673188338107e-001 -3.490659188417410e-001 -1.292245790824067e-001 1.669454265891449e-001 6.303081398681278e-002 4.144021352732191e-001 2.107342425544702e-008 0.000000000000000e+000 0.000000000000000e+000
5.600413793103458e+000 -5.243767807074713e-001 1.779577129452590e-001 -3.490659226826104e-001 -1.300178824125575e-001 1.633371406508709e-001 6.549259761647763e-002 4.150778495562721e-001 0.000000000000000e+000 4.440892098500626e-016 0.000000000000000e+000
5.608471264367826e+000 -5.257908776543567e-001 1.774735978163367e-001 -3.490659259278479e-001 -1.304283732726606e-001 1.605464226963563e-001 6.798760503926665e-002 4.156360354570087e-001 0.000000000000000e+000 -2.220446049250313e-016 0.000000000000000e+000
5.616528735632194e+000 -5.270834351101202e-001 1.763422014624090e-001 -3.490659287073117e-001 -1.305374702931315e-001 1.587368858404987e-001 7.044319921375478e-002 4.159648947067884e-001 -1.490116119384766e-008 -4.440892098500626e-016 0.000000000000000e+000
5.624586206896562e+000 -5.282323150687831e-001 1.746329770630732e-001 -3.490659310795515e-001 -1.304137958369225e-001 1.581073333436993e-001 7.279675245536947e-002 4.159413203163979e-001 0.000000000000000e+000 2.220446049250313e-016 0.000000000000000e+000
5.632643678160930e+000 -5.292300634240978e-001 1.724521838710220e-001 -3.490659329412520e-001 -1.301048936654317e-001 1.588544490008273e-001 7.499742579944416e-002 4.154451297857517e-001 0.000000000000000e+000 2.220446049250313e-016 0.000000000000000e+000
5.640701149425298e+000 -5.301049836022960e-001 1.699453425606807e-001 -3.490659341058227e-001 -1.296274054021653e-001 1.611707499670464e-001 7.700804537962837e-002 4.143751925260043e-001 0.000000000000000e+000 2.220446049250313e-016 0.000000000000000e+000
5.648758620689666e+000 -5.309131992837680e-001 1.672994821280180e-001 -3.490659345228740e-001 -1.289560064208928e-001 1.652544991859457e-001 7.881070001968300e-002 4.126614961497286e-001 0.000000000000000e+000 -4.440892098500626e-016 0.000000000000000e+000
5.656816091954034e+000 -5.316992629569222e-001 1.647314424523378e-001 -3.490659344482692e-001 -1.280202721554931e-001 1.712831891104046e-001 8.041696919547149e-002 4.102741315704050e-001 0.000000000000000e+000 0.000000000000000e+000 0.000000000000000e+000
5.664873563218402e+000 -5.324654759258989e-001 1.624636301369140e-001 -3.490659344326391e-001 -1.267134600896682e-001 1.793695282570941e-001 8.187648324039340e-002 4.072285750805766e-001 -1.490116119384766e-008 0.000000000000000e+000 0.000000000000000e+000
5.672931034482770e+000 -5.331699401452593e-001 1.607048835841745e-001 -3.490659352235639e-001 -1.249071763759946e-001 1.895335681015001e-001 8.327825402648324e-002 4.035805655407470e-001 0.000000000000000e+000 0.000000000000000e+000 0.000000000000000e+000
5.680988505747138e+000 -5.337419034525105e-001 1.596453327082508e-001 -3.490659376442422e-001 -1.224623935762537e-001 2.016893784692986e-001 8.474047351907592e-002 3.994085221536543e-001 0.000000000000000e+000 -4.440892098500626e-016 0.000000000000000e+000
5.689045977011506e+000 -5.341162440296857e-001 1.594544945665906e-001 -3.490659423275849e-001 -1.192306709516442e-001 2.156467113536208e-001 8.638572219484016e-002 3.947941788745089e-001 2.107342425544702e-008 -4.440892098500626e-016 0.000000000000000e+000
5.697103448275874e+000 -5.342812891281228e-001 1.602668296749832e-001 -3.490659492735908e-001 -1.150558865634255e-001 2.311351259532021e-001 8.830530898154398e-002 3.898193110885169e-001 1.490116119384766e-008 -2.220446049250313e-016 0.000000000000000e+000
5.705160919540242e+000 -5.343010615304172e-001 1.621531041155178e-001 -3.490659574574102e-001 -1.097978469972563e-001 2.478171688568491e-001 9.052858797678168e-002 3.845843794394315e-001 0.000000000000000e+000 0.000000000000000e+000 0.000000000000000e+000
5.713218390804610e+000 -5.342907292507801e-001 1.650952679140894e-001 -3.490659648841976e-001 -1.033764584222252e-001 2.652579901606727e-001 9.301945173532823e-002 3.792311464681961e-001 1.490116119384766e-008 -4.440892098500626e-016 0.000000000000000e+000
5.721275862068977e+000 -5.343699984941507e-001 1.689864694455938e-001 -3.490659692962506e-001 -9.580896681487316e-002 2.829014754450012e-001 9.570626292196155e-002 3.739488706037258e-001 -2.107342425544702e-008 6.661338147750939e-016 0.000000000000000e+000
5.729333333333345e+000 -5.346259131659051e-001 1.736573142753117e-001 -3.490659691358666e-001 -8.721886726532935e-002 3.001086696577201e-001 9.852472563497904e-002 3.689637122481354e-001 -2.107342425544702e-008 -6.661338147750939e-016 0.000000000000000e+000
5.737390804597713e+000 -5.350931680892883e-001 1.789039749442805e-001 -3.490659640865019e-001 -7.781618315798577e-002 3.162240370257279e-001 1.014461285316161e-001 3.645191152771375e-001 -2.107342425544702e-008 -2.220446049250313e-016 0.000000000000000e+000
5.745448275862081e+000 -5.357431981668137e-001 1.844982564120303e-001 -3.490659549902807e-001 -6.786343929357863e-002 3.306159316750441e-001 1.044795600990333e-001 3.608512321772739e-001 0.000000000000000e+000 -6.661338147750939e-016 0.000000000000000e+000
5.753505747126449e+000 -5.364755748978487e-001 1.901897726583921e-001 -3.490659434319775e-001 -5.764356044769325e-002 3.426980214502553e-001 1.076565635964385e-001 3.581699165180322e-001 -1.490116119384766e-008 0.000000000000000e+000 0.000000000000000e+000
5.761563218390817e+000 -5.371227081214065e-001 1.957197321232418e-001 -3.490659312660580e-001 -4.743019391914816e-002 3.519681938555911e-001 1.110143500390179e-001 3.566482865034337e-001 -2.107342425544702e-008 -2.220446049250313e-016 0.000000000000000e+000
5.769620689655185e+000 -5.374864038097981e-001 2.008421098064568e-001 -3.490659201917856e-001 -3.744697195968660e-002 3.580731111085463e-001 1.145854494720345e-001 3.563983994997901e-001 2.107342425544702e-008 0.000000000000000e+000 0.000000000000000e+000
5.777678160919553e+000 -5.374046085796341e-001 2.053350117079145e-001 -3.490659114114219e-001 -2.781781053385357e-002 3.608650394407622e-001 1.183927216648850e-001 3.574260965335757e-001 2.107342425544702e-008 -4.440892098500626e-016 0.000000000000000e+000
5.785735632183921e+000 -5.368199775319352e-001 2.090111343345411e-001 -3.490659054242100e-001 -1.853367111881532e-002 3.604225991872896e-001 1.224528233919018e-001 3.596035355663067e-001 2.580956827951785e-008 2.220446049250313e-016 0.000000000000000e+000
5.793793103448289e+000 -5.358144896063317e-001 2.117532636117578e-001 -3.490659020123315e-001 -9.454324847719242e-003 3.570502900689569e-001 1.267888720187418e-001 3.626890890961173e-001 0.000000000000000e+000 0.000000000000000e+000 0.000000000000000e+000
5.801850574712657e+000 -5.345903736807744e-001 2.135604594419565e-001 -3.490659004307365e-001 -3.432281426667405e-004 3.512716041027212e-001 1.314326863145971e-001 3.663774722353601e-001 2.580956827951785e-008 4.440892098500626e-016 0.000000000000000e+000
5.809908045977025e+000 -5.334073274167176e-001 2.145562213594114e-001 -3.490658997681504e-001 9.073320119361572e-003 3.437881896336473e-001 1.363973512033078e-001 3.703539211441518e-001 2.107342425544702e-008 -2.220446049250313e-016 0.000000000000000e+000
5.817965517241393e+000 -5.325038775003492e-001 2.149477022045518e-001 -3.490658993586162e-001 1.903475221379858e-002 3.353787919672274e-001 1.416363623179547e-001 3.743486924695598e-001 0.000000000000000e+000 0.000000000000000e+000 0.000000000000000e+000
5.826022988505761e+000 -5.320278509593505e-001 2.149729559421028e-001 -3.490658990527756e-001 2.967765356783225e-002 3.267628705129818e-001 1.470276855302781e-001 3.782010257497738e-001 -2.107342425544702e-008 -2.220446049250313e-016 0.000000000000000e+000
5.834080459770129e+000 -5.319991675107748e-001 2.148626750265024e-001 -3.490658991810404e-001 4.098666559879693e-002 3.184812993597368e-001 1.523985083806946e-001 3.819229983565269e-001 2.580956827951785e-008 -2.220446049250313e-016 0.000000000000000e+000
5.842137931034497e+000 -5.323213900713594e-001 2.148104072478874e-001 -3.490659002109899e-001 5.279148971843406e-002 3.108420526563538e-001 1.575661929278123e-001 3.857106825472658e-001 0.000000000000000e+000 -2.220446049250313e-016 0.000000000000000e+000
5.850195402298865e+000 -5.328259467243766e-001 2.149552585642471e-001 -3.490659024106251e-001 6.482935169642556e-002 3.039603996830556e-001 1.623674903566754e-001 3.898543940514881e-001 1.490116119384766e-008 -4.440892098500626e-016 0.000000000000000e+000
5.858252873563233e+000 -5.333145753645182e-001 2.153951151813063e-001 -3.490659058530154e-001 7.684063655988016e-002 2.978489356682396e-001 1.666816153860984e-001 3.946031068926547e-001 -2.107342425544702e-008 -2.220446049250313e-016 0.000000000000000e+000
5.866310344827601e+000 -5.335934697681027e-001 2.162055823065590e-001 -3.490659105953523e-001 8.863312460194184e-002 2.924714769048230e-001 1.704519083466526e-001 4.000996069439826e-001 1.490116119384766e-008 0.000000000000000e+000 0.000000000000000e+000
5.874367816091969e+000 -5.335125046767095e-001 2.174280113408318e-001 -3.490659166304311e-001 1.000932331194453e-001 2.877466806805788e-001 1.736875692701616e-001 4.064003780065365e-001 -2.107342425544702e-008 -2.220446049250313e-016 0.000000000000000e+000
5.882425287356337e+000 -5.330035059993643e-001 2.190474451862745e-001 -3.490659236807961e-001 1.111732104285845e-001 2.835367459692880e-001 1.764448753557764e-001 4.135020459382268e-001 2.580956827951785e-008 2.220446049250313e-016 0.000000000000000e+000
5.890482758620705e+000 -5.320908250524146e-001 2.209935224260704e-001 -3.490659311989733e-001 1.218784993006057e-001 2.796525108083484e-001 1.788031175973788e-001 4.213481319044366e-001 -1.490116119384766e-008 2.220446049250313e-016 0.000000000000000e+000
5.898540229885072e+000 -5.308613433142441e-001 2.231596350092111e-001 -3.490659386468916e-001 1.322555752445804e-001 2.759005109014946e-001 1.808404215122710e-001 4.298473999376984e-001 2.980232238769531e-008 0.000000000000000e+000 0.000000000000000e+000
5.906597701149440e+000 -5.294182323281104e-001 2.254270489455299e-001 -3.490659457853251e-001 1.423771520354149e-001 2.721546117730740e-001 1.826165979381484e-001 4.389055000948332e-001 2.107342425544702e-008 0.000000000000000e+000 0.000000000000000e+000
5.914655172413808e+000 -5.278525222174936e-001 2.276899803280583e-001 -3.490659527195928e-001 1.523290879698975e-001 2.683921158539236e-001 1.841708035122205e-001 4.484333760399312e-001 -1.490116119384766e-008 0.000000000000000e+000 0.000000000000000e+000
5.922712643678176e+000 -5.262400692157306e-001 2.298740366651331e-001 -3.490659597328646e-001 1.622006775803895e-001 2.646516046139025e-001 1.855307344013024e-001 4.583281885061759e-001 0.000000000000000e+000 -2.220446049250313e-016 0.000000000000000e+000
5.930770114942544e+000 -5.246470175148217e-001 2.319428151398770e-001 -3.490659671201729e-001 1.720721408793176e-001 2.609466318788006e-001 1.867255811569128e-001 4.684680326336035e-001 3.332000937312528e-008 -2.220446049250313e-016 0.000000000000000e+000
5.938827586206912e+000 -5.231268603719536e-001 2.339004557735409e-001 -3.490659751539392e-001 1.820003583825112e-001 2.572240125508014e-001 1.877966760176811e-001 4.787343797595050e-001 0.000000000000000e+000 2.220446049250313e-016 0.000000000000000e+000
5.946885057471280e+000 -5.217096541209118e-001 2.357893376544971e-001 -3.490659840797742e-001 1.920139832936938e-001 2.533906980330946e-001 1.888032842770138e-001 4.890278954555475e-001 2.580956827951785e-008 -2.220446049250313e-016 0.000000000000000e+000
5.954942528735648e+000 -5.203971732059451e-001 2.376607295611788e-001 -3.490659939675203e-001 2.021192643407339e-001 2.493471929682631e-001 1.898216008632806e-001 4.992623750492684e-001 3.332000937312528e-008 -4.440892098500626e-016 0.000000000000000e+000
5.963000000000016e+000 -5.191735799667683e-001 2.395190657379600e-001 -3.490660045272280e-001 2.123079862155388e-001 2.450007107226895e-001 1.909302151952871e-001 5.093585698887260e-001 3.942476676500724e-008 -6.661338147750939e-016 0.000000000000000e+000
5.971057471264384e+000 -5.180244808463437e-001 2.412941455092694e-001 -3.490660152425603e-001 2.225653721885452e-001 2.402876142909025e-001 1.921853199304938e-001 5.192435775001968e-001 3.332000937312528e-008 -2.220446049250313e-016 0.000000000000000e+000
5.979114942528752e+000 -5.169483192945261e-001 2.428860470420391e-001 -3.490660258721945e-001 2.328768031201163e-001 2.351985953296071e-001 1.936090374679026e-001 5.288461704830244e-001 2.107342425544702e-008 -2.220446049250313e-016 0.000000000000000e+000
5.987172413793120e+000 -5.159547519956544e-001 2.442470387828521e-001 -3.490660368150041e-001 2.432246408331469e-001 2.297716356210018e-001 1.952020893091046e-001 5.381015797374122e-001 1.490116119384766e-008 -2.220446049250313e-016 0.000000000000000e+000
5.995229885057488e+000 -5.150563943926403e-001 2.454231846191084e-001 -3.490660489162452e-001 2.535740291020554e-001 2.240586939086720e-001 1.969605277242050e-001 5.469774042958814e-001 -1.490116119384766e-008 2.220446049250313e-016 0.000000000000000e+000
6.003287356321856e+000 -5.142592348807398e-001 2.465276371738654e-001 -3.490660629665919e-001 2.638622519445943e-001 2.180917491147431e-001 1.988802009880120e-001 5.554973839865839e-001 0.000000000000000e+000 -2.220446049250313e-016 0.000000000000000e+000
6.011344827586224e+000 -5.135555319753113e-001 2.476830064391165e-001 -3.490660793599493e-001 2.740063888268876e-001 2.118599823181579e-001 2.009558162916199e-001 5.637342586498801e-001 -3.332000937312528e-008 0.000000000000000e+000 0.000000000000000e+000
6.019402298850592e+000 -5.129242803359178e-001 2.489780342054304e-001 -3.490660979919436e-001 2.839289526859841e-001 2.053138453053312e-001 2.031788968635299e-001 5.717724335697421e-001 2.580956827951785e-008 -6.661338147750939e-016 0.000000000000000e+000
6.027459770114960e+000 -5.123418717094342e-001 2.504530793938027e-001 -3.490661183207057e-001 2.935825960348160e-001 1.983980324841833e-001 2.055330050868876e-001 5.796689958001090e-001 0.000000000000000e+000 2.220446049250313e-016 0.000000000000000e+000
6.035517241379328e+000 -5.117991988407650e-001 2.521088490444099e-001 -3.490661396540843e-001 3.029526034845882e-001 1.910836053838430e-001 2.079935537531059e-001 5.874397123866997e-001 2.107342425544702e-008 0.000000000000000e+000 0.000000000000000e+000
6.043574712643696e+000 -5.113101227222695e-001 2.539261147097571e-001 -3.490661615615681e-001 3.120386045981471e-001 1.833794876206197e-001 2.105321585009005e-001 5.950689962552319e-001 0.000000000000000e+000 2.220446049250313e-016 0.000000000000000e+000
6.051632183908064e+000 -5.108982554387691e-001 2.558806063217334e-001 -3.490661839980675e-001 3.208339468082555e-001 1.753314321001604e-001 2.131139059613109e-001 6.025295148816124e-001 0.000000000000000e+000 -2.220446049250313e-016 0.000000000000000e+000
6.059689655172432e+000 -5.105763154986791e-001 2.579499689071005e-001 -3.490662069602616e-001 3.293153572821663e-001 1.670163723768138e-001 2.156917785978511e-001 6.097993051520099e-001 0.000000000000000e+000 0.000000000000000e+000 0.000000000000000e+000
6.067747126436800e+000 -5.103409476437393e-001 2.601236894244634e-001 -3.490662300917967e-001 3.374463190438934e-001 1.585281671620908e-001 2.182105678292783e-001 6.168577871733294e-001 -2.107342425544702e-008 -4.440892098500626e-016 0.000000000000000e+000
6.075804597701167e+000 -5.101793068764536e-001 2.624084999419984e-001 -3.490662527297469e-001 3.451888358305708e-001 1.499530319409498e-001 2.206123386903779e-001 6.236639284647875e-001 0.000000000000000e+000 2.220446049250313e-016 0.000000000000000e+000
6.083862068965535e+000 -5.100745370740537e-001 2.648052173912356e-001 -3.490662743229516e-001 3.525121227610286e-001 1.413507388973234e-001 2.228321905690588e-001 6.301515121872948e-001 0.000000000000000e+000 0.000000000000000e+000 0.000000000000000e+000
6.091919540229903e+000 -5.100108101047152e-001 2.672670974026581e-001 -3.490662948635984e-001 3.593927802100163e-001 1.327540201436784e-001 2.247948922870856e-001 6.362474970858479e-001 2.107342425544702e-008 0.000000000000000e+000 0.000000000000000e+000
6.099977011494271e+000 -5.099783073485598e-001 2.696839340304855e-001 -3.490663152914089e-001 3.658070874205268e-001 1.241768154128203e-001 2.264246738399968e-001 6.418879433479123e-001 0.000000000000000e+000 0.000000000000000e+000 0.000000000000000e+000
6.108034482758639e+000 -5.099755696012035e-001 2.719040042287262e-001 -3.490663377017484e-001 3.717201598212190e-001 1.156283900447814e-001 2.276577899721685e-001 6.470283257706408e-001 0.000000000000000e+000 0.000000000000000e+000 0.000000000000000e+000
6.116091954023007e+000 -5.100066381526933e-001 2.737606173355620e-001 -3.490663646564622e-001 3.770812400103611e-001 1.071336825659658e-001 2.284420106809640e-001 6.516576900804811e-001 0.000000000000000e+000 2.220446049250313e-016 0.000000000000000e+000
6.124149425287375e+000 -5.100658480561413e-001 2.750894653032345e-001 -3.490663974994779e-001 3.818242319221570e-001 9.873820253054925e-002 2.287294973922907e-001 6.558117865792033e-001 -2.107342425544702e-008 -2.220446049250313e-016 0.000000000000000e+000
6.132206896551743e+000 -5.101175090786411e-001 2.757581887746194e-001 -3.490664346849883e-001 3.858666163030171e-001 9.048945853321777e-002 2.284832039688892e-001 6.595745156496294e-001 -1.490116119384766e-008 -2.220446049250313e-016 0.000000000000000e+000
6.140264367816111e+000 -5.100945607240081e-001 2.757088641418064e-001 -3.490664713201186e-001 3.891148999645906e-001 8.242604219935709e-002 2.276989184632686e-001 6.630631799627732e-001 0.000000000000000e+000 -2.220446049250313e-016 0.000000000000000e+000
6.148321839080479e+000 -5.099205450638961e-001 2.749801434260761e-001 -3.490665006660549e-001 3.914806770843846e-001 7.458549471974967e-002 2.264224085655864e-001 6.664042842722567e-001 1.490116119384766e-008 -2.220446049250313e-016 0.000000000000000e+000
6.156379310344847e+000 -5.095390929429879e-001 2.736879404087798e-001 -3.490665170094752e-001 3.928890054536536e-001 6.699853543325872e-002 2.247477482618952e-001 6.697060626285722e-001 -1.490116119384766e-008 -4.440892098500626e-016 0.000000000000000e+000
6.164436781609215e+000 -5.089404134029061e-001 2.719793331441072e-001 -3.490665179668582e-001 3.932745732191061e-001 5.966547888048459e-002 2.228010491956044e-001 6.730225777168358e-001 0.000000000000000e+000 0.000000000000000e+000 0.000000000000000e+000
6.172494252873583e+000 -5.081709142007224e-001 2.699877428009507e-001 -3.490665049369607e-001 3.925848170266002e-001 5.254832313782278e-002 2.207153857300983e-001 6.763186844491509e-001 0.000000000000000e+000 2.220446049250313e-016 0.000000000000000e+000
6.180551724137951e+000 -5.073180557893720e-001 2.678044906359649e-001 -3.490664818962837e-001 3.907944329057931e-001 4.558942667546725e-002 2.186033274499120e-001 6.794631027576017e-001 1.490116119384766e-008 -4.440892098500626e-016 0.000000000000000e+000
6.188609195402319e+000 -5.064875859722439e-001 2.654702640130249e-001 -3.490664534317590e-001 3.879208910318563e-001 3.873282260846914e-002 2.165407926074625e-001 6.822515414934537e-001 0.000000000000000e+000 -2.220446049250313e-016 0.000000000000000e+000
6.196666666666687e+000 -5.057860986605864e-001 2.629903095081831e-001 -3.490664232023952e-001 3.840350406317503e-001 3.192090192590528e-002 2.145692028845382e-001 6.844348201579955e-001 1.490116119384766e-008 -2.220446049250313e-016 0.000000000000000e+000
