---- AnyBody Output File ---------------------------------
Study: Main.Studies.MotionOptimization
Operation: Main.Studies.MotionOptimization.Kinematics
----------------------------------------------------------
Constants (Name = Value): 
Main.Studies.KinematicStudyForParameterIdentification.JointAngleOutputs.OutputFile2c.FileName = "..\Input\Subjects\PS\Overground Gait Trials\PS_ngait_og_ss7\PS_ngait_og_ss7-output-euler-leftleganklepostd.txt"
Main.Studies.KinematicStudyForParameterIdentification.JointAngleOutputs.OutputFile2c.NumberFormat.Digits = 15
Main.Studies.KinematicStudyForParameterIdentification.JointAngleOutputs.OutputFile2c.NumberFormat.Width = 22
Main.Studies.KinematicStudyForParameterIdentification.JointAngleOutputs.OutputFile2c.NumberFormat.Style = ScientificNumber
Main.Studies.KinematicStudyForParameterIdentification.JointAngleOutputs.OutputFile2c.NumberFormat.FormatStr = "%22.15e"
Main.Studies.KinematicStudyForParameterIdentification.JointAngleOutputs.OutputFile2c.Search = 
Main.Studies.KinematicStudyForParameterIdentification.JointAngleOutputs.OutputFile2c.Format = 0
Main.Studies.KinematicStudyForParameterIdentification.JointAngleOutputs.OutputFile2c.SepSign = " "
Main.Studies.KinematicStudyForParameterIdentification.JointAngleOutputs.OutputFile2c.LineSepSign = ""
Main.Studies.KinematicStudyForParameterIdentification.JointAngleOutputs.OutputFile2c.Header.TitleSectionOnOff = On
Main.Studies.KinematicStudyForParameterIdentification.JointAngleOutputs.OutputFile2c.Header.ConstSectionOnOff = On
Main.Studies.KinematicStudyForParameterIdentification.JointAngleOutputs.OutputFile2c.Header.ConstSectionSaveOptionsOnOff = On
Main.Studies.KinematicStudyForParameterIdentification.JointAngleOutputs.OutputFile2c.Header.VarSectionOnOff = On
Main.Studies.KinematicStudyForParameterIdentification.JointAngleOutputs.OutputFile2c.Header.ColumnNamesOnOff = On
Main.Studies.KinematicStudyForParameterIdentification.JointAngleOutputs.OutputFile2c.Header.LinePrefix = ""
Main.Studies.KinematicStudyForParameterIdentification.JointAngleOutputs.OutputFile2c.ConstSectionSaveOptionsOnOff = On
----------------------------------------------------------
Variables (Column# Name): 
col0  Main.Studies.MotionOptimization.t
col1  Main.Studies.KinematicStudyForParameterIdentification.JointAngleOutputs.OutputFile2c.LeftAnklePosX
col2  Main.Studies.KinematicStudyForParameterIdentification.JointAngleOutputs.OutputFile2c.LeftAnklePosY
col3  Main.Studies.KinematicStudyForParameterIdentification.JointAngleOutputs.OutputFile2c.LeftAnklePosZ
----------------------------------------------------------
Main.Studies.MotionOptimization.t Main.Studies.KinematicStudyForParameterIdentification.JointAngleOutputs.OutputFile2c.LeftAnklePosX Main.Studies.KinematicStudyForParameterIdentification.JointAngleOutputs.OutputFile2c.LeftAnklePosY Main.Studies.KinematicStudyForParameterIdentification.JointAngleOutputs.OutputFile2c.LeftAnklePosZ
5.028333333333333e+000 -1.034313614440847e-001 1.194050952674145e-001 1.172046598960507e-001
5.036390804597701e+000 -1.084815595056839e-001 1.223854052489494e-001 1.149329525023393e-001
5.044448275862069e+000 -1.126362634772573e-001 1.252513952378273e-001 1.123348688920308e-001
5.052505747126437e+000 -1.162063756092528e-001 1.277875190306554e-001 1.095052072113571e-001
5.060563218390805e+000 -1.194895509660875e-001 1.298047535120790e-001 1.065392839470470e-001
5.068620689655173e+000 -1.227124298288769e-001 1.311839052290802e-001 1.035355913909074e-001
5.076678160919541e+000 -1.259813743340837e-001 1.318994957482490e-001 1.005956000039069e-001
5.084735632183909e+000 -1.292637254698966e-001 1.320135171016541e-001 9.782074943723976e-002
5.092793103448277e+000 -1.324135827385135e-001 1.316507381333677e-001 9.530863005709477e-002
5.100850574712645e+000 -1.352357611024585e-001 1.309712451701625e-001 9.315044332930547e-002
5.108908045977013e+000 -1.375617996798199e-001 1.301421493685840e-001 9.142604949040498e-002
5.116965517241381e+000 -1.393066437393192e-001 1.293081871972568e-001 9.018921237261718e-002
5.125022988505749e+000 -1.404872154473593e-001 1.285691785406563e-001 8.944338332828763e-002
5.133080459770117e+000 -1.412037941402383e-001 1.279736153087893e-001 8.912246634554606e-002
5.141137931034485e+000 -1.415984007949484e-001 1.275313196237348e-001 8.909460135620281e-002
5.149195402298853e+000 -1.418084024874069e-001 1.272370459842784e-001 8.919396716529328e-002
5.157252873563221e+000 -1.419324543990378e-001 1.270870432423660e-001 8.926848383530059e-002
5.165310344827589e+000 -1.420196395442856e-001 1.270775300907212e-001 8.922114624072473e-002
5.173367816091957e+000 -1.420813248501384e-001 1.271937367101686e-001 8.902489482678098e-002
5.181425287356325e+000 -1.421139680289209e-001 1.274052111708944e-001 8.870868518193810e-002
5.189482758620692e+000 -1.421172777850501e-001 1.276706227275999e-001 8.832973053833490e-002
5.197540229885060e+000 -1.421000227308306e-001 1.279446922172719e-001 8.794717245361515e-002
5.205597701149428e+000 -1.420771016460689e-001 1.281844347139171e-001 8.760491662245873e-002
5.213655172413796e+000 -1.420640797403895e-001 1.283563188435428e-001 8.732612299560207e-002
5.221712643678164e+000 -1.420719064949130e-001 1.284415965448793e-001 8.711676157522569e-002
5.229770114942532e+000 -1.421035124122735e-001 1.284367889268101e-001 8.697211464188508e-002
5.237827586206900e+000 -1.421542124865981e-001 1.283515717762039e-001 8.688172702945958e-002
5.245885057471268e+000 -1.422153282350307e-001 1.282064166759854e-001 8.683258602701030e-002
5.253942528735636e+000 -1.422781650179101e-001 1.280286015699464e-001 8.681205378277261e-002
5.262000000000004e+000 -1.423364891847857e-001 1.278459555149552e-001 8.680993666125220e-002
5.270057471264372e+000 -1.423873788065337e-001 1.276814370188772e-001 8.681808595589888e-002
5.278114942528740e+000 -1.424307637765070e-001 1.275505795882312e-001 8.682897923044534e-002
5.286172413793108e+000 -1.424680600349914e-001 1.274600182260295e-001 8.683573442586216e-002
5.294229885057476e+000 -1.425009164079622e-001 1.274068765533432e-001 8.683311053340169e-002
5.302287356321844e+000 -1.425314177974457e-001 1.273820167213472e-001 8.681866609820849e-002
5.310344827586212e+000 -1.425634070040432e-001 1.273767633464556e-001 8.679405492541938e-002
5.318402298850580e+000 -1.426027272861917e-001 1.273876522192458e-001 8.676466186927910e-002
5.326459770114948e+000 -1.426554021046229e-001 1.274153575769307e-001 8.673671331204617e-002
5.334517241379316e+000 -1.427250185596672e-001 1.274598601031922e-001 8.671447760793745e-002
5.342574712643684e+000 -1.428113168684826e-001 1.275171439987014e-001 8.669958492516823e-002
5.350632183908052e+000 -1.429112561460938e-001 1.275800821018558e-001 8.669188592878534e-002
5.358689655172420e+000 -1.430213255034737e-001 1.276411920778628e-001 8.669046507060982e-002
5.366747126436787e+000 -1.431384498473123e-001 1.276941107803086e-001 8.669345022274920e-002
5.374804597701155e+000 -1.432593748520456e-001 1.277342029307590e-001 8.669737379101267e-002
5.382862068965523e+000 -1.433806272636898e-001 1.277605851759411e-001 8.669900931221299e-002
5.390919540229891e+000 -1.434998357720687e-001 1.277782791125221e-001 8.669840076557817e-002
5.398977011494259e+000 -1.436178332037493e-001 1.277965077950203e-001 8.669806778292256e-002
5.407034482758627e+000 -1.437397268453258e-001 1.278236053340309e-001 8.669934677755654e-002
5.415091954022995e+000 -1.438721797553642e-001 1.278630180202070e-001 8.670132211216260e-002
5.423149425287363e+000 -1.440177779838303e-001 1.279124222561782e-001 8.670294047145519e-002
5.431206896551731e+000 -1.441717161058740e-001 1.279654613253157e-001 8.670506888963041e-002
5.439264367816099e+000 -1.443244207964018e-001 1.280157627737761e-001 8.671051860798375e-002
5.447321839080467e+000 -1.444676931474647e-001 1.280610197965887e-001 8.672218071109136e-002
5.455379310344835e+000 -1.445984149155840e-001 1.281035906110862e-001 8.674126435892564e-002
5.463436781609203e+000 -1.447177183381252e-001 1.281482715952250e-001 8.676733868746026e-002
5.471494252873571e+000 -1.448286756862714e-001 1.282010546574898e-001 8.679946514016593e-002
5.479551724137939e+000 -1.449347670910203e-001 1.282694429437077e-001 8.683732120461782e-002
5.487609195402307e+000 -1.450389858075967e-001 1.283616633244102e-001 8.688284419272517e-002
5.495666666666675e+000 -1.451438057843767e-001 1.284840680202259e-001 8.694210003623687e-002
5.503724137931043e+000 -1.452529759239866e-001 1.286392440590985e-001 8.702508477916640e-002
5.511781609195411e+000 -1.453744965166945e-001 1.288263946235777e-001 8.714287630174153e-002
5.519839080459779e+000 -1.455208963331543e-001 1.290418859280233e-001 8.730410263515612e-002
5.527896551724147e+000 -1.457040326577362e-001 1.292780322771512e-001 8.751229680194791e-002
5.535954022988515e+000 -1.459284075517748e-001 1.295228922762269e-001 8.776546121764865e-002
5.544011494252882e+000 -1.461899898215429e-001 1.297644361506340e-001 8.805842448216375e-002
5.552068965517250e+000 -1.464820448107480e-001 1.299959615516295e-001 8.838556336419318e-002
5.560126436781618e+000 -1.468020632359792e-001 1.302166957344877e-001 8.874240113362690e-002
5.568183908045986e+000 -1.471532058030032e-001 1.304275834530667e-001 8.912823240450726e-002
5.576241379310354e+000 -1.475411217751572e-001 1.306281984168031e-001 8.954920672305353e-002
5.584298850574722e+000 -1.479715576145969e-001 1.308192425991517e-001 9.001791188442289e-002
5.592356321839090e+000 -1.484501618598102e-001 1.310075069860484e-001 9.054993188708370e-002
5.600413793103458e+000 -1.489825039466973e-001 1.312055619612044e-001 9.116208025522907e-002
5.608471264367826e+000 -1.495745728534192e-001 1.314257032190480e-001 9.187449516457638e-002
5.616528735632194e+000 -1.502353681053847e-001 1.316745261795154e-001 9.271440179930396e-002
5.624586206896562e+000 -1.509790118361336e-001 1.319494520213586e-001 9.371785120890525e-002
5.632643678160930e+000 -1.518227569751726e-001 1.322364648773381e-001 9.492805290617419e-002
5.640701149425298e+000 -1.527832078056274e-001 1.325125017837110e-001 9.639227453672140e-002
5.648758620689666e+000 -1.538760940688437e-001 1.327525074137163e-001 9.816018472525202e-002
5.656816091954034e+000 -1.551222043487917e-001 1.329363373597382e-001 1.002842329944875e-001
5.664873563218402e+000 -1.565571723997583e-001 1.330520339486785e-001 1.028203130409968e-001
5.672931034482770e+000 -1.582391821591260e-001 1.330933222697916e-001 1.058282980973302e-001
5.680988505747138e+000 -1.602507809542426e-001 1.330523119785231e-001 1.093726217778621e-001
5.689045977011506e+000 -1.626959341244336e-001 1.329138902127897e-001 1.135196119978220e-001
5.697103448275874e+000 -1.656956523000998e-001 1.326573420992235e-001 1.183281552605330e-001
5.705160919540242e+000 -1.693842699919403e-001 1.322632532213576e-001 1.238351306181688e-001
5.713218390804610e+000 -1.739038781737994e-001 1.317185878261038e-001 1.300399415917117e-001
5.721275862068977e+000 -1.793919078948837e-001 1.310160013409480e-001 1.368924909708389e-001
5.729333333333345e+000 -1.859626840014713e-001 1.301515269217138e-001 1.442884531706191e-001
5.737390804597713e+000 -1.936899831122168e-001 1.291263513876368e-001 1.520743314073951e-001
5.745448275862081e+000 -2.025943484037552e-001 1.279536202334698e-001 1.600629106279115e-001
5.753505747126449e+000 -2.126343099634342e-001 1.266689124996670e-001 1.680572576996567e-001
5.761563218390817e+000 -2.237045437605419e-001 1.253386643079945e-001 1.758785266355236e-001
5.769620689655185e+000 -2.356486982235555e-001 1.240562850530901e-001 1.833909153072078e-001
5.777678160919553e+000 -2.482893239224612e-001 1.229227165085956e-001 1.905151987330874e-001
5.785735632183921e+000 -2.614657144430015e-001 1.220167013355884e-001 1.972201971560484e-001
5.793793103448289e+000 -2.750659729397461e-001 1.213640361792138e-001 2.034857769782505e-001
5.801850574712657e+000 -2.890444403370648e-001 1.209244642580501e-001 2.092524573240978e-001
5.809908045977025e+000 -3.034183516986646e-001 1.206117353819397e-001 2.143991965636934e-001
5.817965517241393e+000 -3.182425120029815e-001 1.203350936422561e-001 2.187745844930278e-001
5.826022988505761e+000 -3.335755710494368e-001 1.200331128804399e-001 2.222508772679194e-001
5.834080459770129e+000 -3.494570026949402e-001 1.196827588982742e-001 2.247547940812794e-001
5.842137931034497e+000 -3.659027179533083e-001 1.192867910369754e-001 2.262662300568657e-001
5.850195402298865e+000 -3.829143268792369e-001 1.188536631490493e-001 2.268019506937928e-001
5.858252873563233e+000 -4.004895934895145e-001 1.183840602624303e-001 2.263988739286172e-001
5.866310344827601e+000 -4.186253735845712e-001 1.178688193918415e-001 2.251040294247231e-001
5.874367816091969e+000 -4.373150778899694e-001 1.172929942815908e-001 2.229733968943025e-001
5.882425287356337e+000 -4.565471680915165e-001 1.166403342578378e-001 2.200748008308604e-001
5.890482758620705e+000 -4.763080741052779e-001 1.158978269850464e-001 2.164878835579243e-001
5.898540229885072e+000 -4.965863890872629e-001 1.150603820059791e-001 2.123012387161044e-001
5.906597701149440e+000 -5.173729479360523e-001 1.141320666194581e-001 2.076086278203970e-001
5.914655172413808e+000 -5.386565386949656e-001 1.131223157246953e-001 2.025030390993020e-001
5.922712643678176e+000 -5.604197236575093e-001 1.120410545169127e-001 1.970691432960798e-001
5.930770114942544e+000 -5.826389253504762e-001 1.108970639171792e-001 1.913778676331374e-001
5.938827586206912e+000 -6.052878561874185e-001 1.097008723041790e-001 1.854871644479005e-001
5.946885057471280e+000 -6.283399303112330e-001 1.084680741387458e-001 1.794489247269714e-001
5.954942528735648e+000 -6.517687137725704e-001 1.072156279270187e-001 1.733176277062343e-001
5.963000000000016e+000 -6.755480046134469e-001 1.059521009427537e-001 1.671567553954999e-001
5.971057471264384e+000 -6.996511589472303e-001 1.046723836074198e-001 1.610397229113006e-001
5.979114942528752e+000 -7.240499847996835e-001 1.033629486988181e-001 1.550432356930303e-001
5.987172413793120e+000 -7.487155214120835e-001 1.020136023004445e-001 1.492365671444190e-001
5.995229885057488e+000 -7.736202639581986e-001 1.006271366756875e-001 1.436747255349203e-001
6.003287356321856e+000 -7.987386228898898e-001 9.921975604195078e-002 1.384006323191611e-001
6.011344827586224e+000 -8.240439749867872e-001 9.781254817029188e-002 1.334544401216860e-001
6.019402298850592e+000 -8.495028068558593e-001 9.642321121544480e-002 1.288834819242922e-001
6.027459770114960e+000 -8.750683574112819e-001 9.506637316943944e-002 1.247465359914301e-001
6.035517241379328e+000 -9.006772955560831e-001 9.375914993447898e-002 1.211104079023224e-001
6.043574712643696e+000 -9.262493370877325e-001 9.252267040930787e-002 1.180424705975415e-001
6.051632183908064e+000 -9.516856321533609e-001 9.137880782582376e-002 1.156036240759295e-001
6.059689655172432e+000 -9.768634137684378e-001 9.034801902164755e-002 1.138408791852846e-001
6.067747126436800e+000 -1.001628812447202e+000 8.945002213925098e-002 1.127765248010085e-001
6.075804597701167e+000 -1.025793626789176e+000 8.870669094171052e-002 1.123959265135399e-001
6.083862068965535e+000 -1.049140235588096e+000 8.814652198846548e-002 1.126394270312802e-001
6.091919540229903e+000 -1.071430946269363e+000 8.780734411754948e-002 1.133999915077795e-001
6.099977011494271e+000 -1.092416720821902e+000 8.773580116809859e-002 1.145244963238088e-001
6.108034482758639e+000 -1.111846088398528e+000 8.798522003245074e-002 1.158189889154396e-001
6.116091954023007e+000 -1.129477848864727e+000 8.861200708152239e-002 1.170622321154833e-001
6.124149425287375e+000 -1.145101690091618e+000 8.966864513155491e-002 1.180310778258541e-001
6.132206896551743e+000 -1.158567815538269e+000 9.119014766222193e-002 1.185351075050124e-001
6.140264367816111e+000 -1.169819169550983e+000 9.317380253534262e-002 1.184503417693142e-001
6.148321839080479e+000 -1.178915552730560e+000 9.556059393311643e-002 1.177381581152057e-001
6.156379310344847e+000 -1.186040072038942e+000 9.823182561916920e-002 1.164401268301697e-001
6.164436781609215e+000 -1.191484533085489e+000 1.010271770296321e-001 1.146524820223444e-001
6.172494252873583e+000 -1.195618614907395e+000 1.037747670915242e-001 1.124953126569753e-001
6.180551724137951e+000 -1.198847739628959e+000 1.063165440515008e-001 1.100894991745858e-001
6.188609195402319e+000 -1.201561557957584e+000 1.085214770651775e-001 1.075441420868915e-001
6.196666666666687e+000 -1.204080836870456e+000 1.102920481527756e-001 1.049513086171901e-001
