---- AnyBody Output File ---------------------------------
Study: Main.Studies.MotionOptimization
Operation: Main.Studies.MotionOptimization.Kinematics
----------------------------------------------------------
Constants (Name = Value): 
Main.Studies.KinematicStudyForParameterIdentification.JointAngleOutputs.OutputFile2d.FileName = "..\Input\Subjects\PS\Overground Gait Trials\PS_ngait_og_ss3\PS_ngait_og_ss3-output-euler-leftlateralepicondylepostd.txt"
Main.Studies.KinematicStudyForParameterIdentification.JointAngleOutputs.OutputFile2d.NumberFormat.Digits = 15
Main.Studies.KinematicStudyForParameterIdentification.JointAngleOutputs.OutputFile2d.NumberFormat.Width = 22
Main.Studies.KinematicStudyForParameterIdentification.JointAngleOutputs.OutputFile2d.NumberFormat.Style = ScientificNumber
Main.Studies.KinematicStudyForParameterIdentification.JointAngleOutputs.OutputFile2d.NumberFormat.FormatStr = "%22.15e"
Main.Studies.KinematicStudyForParameterIdentification.JointAngleOutputs.OutputFile2d.Search = 
Main.Studies.KinematicStudyForParameterIdentification.JointAngleOutputs.OutputFile2d.Format = 0
Main.Studies.KinematicStudyForParameterIdentification.JointAngleOutputs.OutputFile2d.SepSign = " "
Main.Studies.KinematicStudyForParameterIdentification.JointAngleOutputs.OutputFile2d.LineSepSign = ""
Main.Studies.KinematicStudyForParameterIdentification.JointAngleOutputs.OutputFile2d.Header.TitleSectionOnOff = On
Main.Studies.KinematicStudyForParameterIdentification.JointAngleOutputs.OutputFile2d.Header.ConstSectionOnOff = On
Main.Studies.KinematicStudyForParameterIdentification.JointAngleOutputs.OutputFile2d.Header.ConstSectionSaveOptionsOnOff = On
Main.Studies.KinematicStudyForParameterIdentification.JointAngleOutputs.OutputFile2d.Header.VarSectionOnOff = On
Main.Studies.KinematicStudyForParameterIdentification.JointAngleOutputs.OutputFile2d.Header.ColumnNamesOnOff = On
Main.Studies.KinematicStudyForParameterIdentification.JointAngleOutputs.OutputFile2d.Header.LinePrefix = ""
Main.Studies.KinematicStudyForParameterIdentification.JointAngleOutputs.OutputFile2d.ConstSectionSaveOptionsOnOff = On
----------------------------------------------------------
Variables (Column# Name): 
col0  Main.Studies.MotionOptimization.t
col1  Main.Studies.KinematicStudyForParameterIdentification.JointAngleOutputs.OutputFile2d.LeftEpicondylusPosX
col2  Main.Studies.KinematicStudyForParameterIdentification.JointAngleOutputs.OutputFile2d.LeftEpicondylusPosY
col3  Main.Studies.KinematicStudyForParameterIdentification.JointAngleOutputs.OutputFile2d.LeftEpicondylusPosZ
----------------------------------------------------------
Main.Studies.MotionOptimization.t Main.Studies.KinematicStudyForParameterIdentification.JointAngleOutputs.OutputFile2d.LeftEpicondylusPosX Main.Studies.KinematicStudyForParameterIdentification.JointAngleOutputs.OutputFile2d.LeftEpicondylusPosY Main.Studies.KinematicStudyForParameterIdentification.JointAngleOutputs.OutputFile2d.LeftEpicondylusPosZ
4.236666666666666e+000 -2.407606659244444e-001 4.739614159954351e-001 1.929300848711181e-001
4.244738562091503e+000 -2.428299217884958e-001 4.731139659943037e-001 1.919364556452847e-001
4.252810457516340e+000 -2.441772830926214e-001 4.726297537637059e-001 1.910328853295546e-001
4.260882352941176e+000 -2.447485255529505e-001 4.725664111986650e-001 1.901622892420968e-001
4.268954248366013e+000 -2.445455804460800e-001 4.729491968762014e-001 1.892487077603672e-001
4.277026143790850e+000 -2.436550876370646e-001 4.737437719767952e-001 1.882330498130465e-001
4.285098039215686e+000 -2.422419692272748e-001 4.748598998829758e-001 1.870819295643371e-001
4.293169934640523e+000 -2.405374761774652e-001 4.761654252077147e-001 1.857796483204322e-001
4.301241830065360e+000 -2.388063543086183e-001 4.775133558446211e-001 1.843135564392534e-001
4.309313725490196e+000 -2.372970817680987e-001 4.787748700958082e-001 1.826594495847327e-001
4.317385620915033e+000 -2.361946768280152e-001 4.798654311906416e-001 1.807708524873731e-001
4.325457516339870e+000 -2.355827710247779e-001 4.807603205905749e-001 1.785788943826501e-001
4.333529411764706e+000 -2.354116952265307e-001 4.815036604285171e-001 1.760053771705430e-001
4.341601307189543e+000 -2.354815569137013e-001 4.822090744442391e-001 1.729875399533693e-001
4.349673202614380e+000 -2.354652846090224e-001 4.830400844851608e-001 1.695124705026610e-001
4.357745098039216e+000 -2.349866781929242e-001 4.841647692483329e-001 1.656446911767266e-001
4.365816993464053e+000 -2.337297986406626e-001 4.857006862482278e-001 1.615215897158703e-001
4.373888888888890e+000 -2.315332636854386e-001 4.876744169943117e-001 1.573163007496109e-001
4.381960784313726e+000 -2.284317568865943e-001 4.900124205232981e-001 1.531946023755681e-001
4.390032679738563e+000 -2.246275851173380e-001 4.925694906102126e-001 1.492830218542437e-001
4.398104575163400e+000 -2.204047671781884e-001 4.951839181935905e-001 1.456451395438212e-001
4.406176470588236e+000 -2.160231408974727e-001 4.977328269831396e-001 1.422687328654654e-001
4.414248366013073e+000 -2.116344224068250e-001 5.001631782130438e-001 1.390785910523679e-001
4.422320261437910e+000 -2.072521383080744e-001 5.024889595387049e-001 1.359766897023510e-001
4.430392156862746e+000 -2.027837091030282e-001 5.047618772869636e-001 1.328882439800071e-001
4.438464052287583e+000 -1.981014445747909e-001 5.070335160933954e-001 1.297920086180110e-001
4.446535947712420e+000 -1.931102708680322e-001 5.093282779165310e-001 1.267273954279754e-001
4.454607843137256e+000 -1.877760627743661e-001 5.116392723902881e-001 1.237756824465125e-001
4.462679738562093e+000 -1.821115351223107e-001 5.139428056655057e-001 1.210203502816381e-001
4.470751633986930e+000 -1.761513228628426e-001 5.162134678402547e-001 1.185088251739476e-001
4.478823529411766e+000 -1.699449806176583e-001 5.184278734180724e-001 1.162382609757349e-001
4.486895424836603e+000 -1.635677998003701e-001 5.205603186092447e-001 1.141672917453870e-001
4.494967320261440e+000 -1.571316668271829e-001 5.225793664115546e-001 1.122412956696568e-001
4.503039215686276e+000 -1.507749331586326e-001 5.244517424320887e-001 1.104201473847401e-001
4.511111111111113e+000 -1.446248738318135e-001 5.261528110641174e-001 1.086994036048936e-001
4.519183006535950e+000 -1.387590043899454e-001 5.276747030837256e-001 1.071144893428598e-001
4.527254901960786e+000 -1.332002868575000e-001 5.290244825605929e-001 1.057254375800062e-001
4.535326797385623e+000 -1.279468656980116e-001 5.302153740368052e-001 1.045894035916083e-001
4.543398692810460e+000 -1.229997419536791e-001 5.312610348453379e-001 1.037256145196173e-001
4.551470588235296e+000 -1.183530335829185e-001 5.321784015486618e-001 1.030849260212907e-001
4.559542483660133e+000 -1.139586824526495e-001 5.329928030554146e-001 1.025550849841963e-001
4.567614379084970e+000 -1.097179576161871e-001 5.337347970364071e-001 1.020140678124590e-001
4.575686274509806e+000 -1.055249308593716e-001 5.344286304860361e-001 1.013929422709510e-001
4.583758169934643e+000 -1.013294321645867e-001 5.350825274259973e-001 1.006985805518636e-001
4.591830065359480e+000 -9.716853100266606e-002 5.356889832743628e-001 9.998857963174289e-002
4.599901960784316e+000 -9.314391020442678e-002 5.362340687263570e-001 9.932687746409526e-002
4.607973856209153e+000 -8.936389943596124e-002 5.367083544185058e-001 9.874796121659350e-002
4.616045751633989e+000 -8.589515504989739e-002 5.371121627820271e-001 9.824095933478458e-002
4.624117647058826e+000 -8.276152983730249e-002 5.374530007636797e-001 9.775230331567633e-002
4.632189542483663e+000 -7.997371040391230e-002 5.377402434335374e-001 9.719815546062745e-002
4.640261437908499e+000 -7.753866925121025e-002 5.379830316764952e-001 9.647928725506871e-002
4.648333333333336e+000 -7.543964233955203e-002 5.381907843551987e-001 9.550113970779803e-002
4.656405228758173e+000 -7.361966470835532e-002 5.383727948927104e-001 9.420166104185254e-002
4.664477124183009e+000 -7.201522664260081e-002 5.385346454460066e-001 9.257211667876385e-002
4.672549019607846e+000 -7.046147539763657e-002 5.386858551952843e-001 9.065925350164307e-002
4.680620915032683e+000 -6.886417036318229e-002 5.388285901219150e-001 8.853436827133729e-002
4.688692810457519e+000 -6.709139627489240e-002 5.389669687636615e-001 8.626973664975454e-002
4.696764705882356e+000 -6.502245460608164e-002 5.391035145645423e-001 8.391268946477819e-002
4.704836601307193e+000 -6.259535713332057e-002 5.392356825831149e-001 8.146610823209086e-002
4.712908496732029e+000 -5.984955998364292e-002 5.393537006784381e-001 7.889028251547829e-002
4.720980392156866e+000 -5.691367406771448e-002 5.394433954637885e-001 7.613710826705944e-002
4.729052287581703e+000 -5.393341250435622e-002 5.394926127944126e-001 7.319667879241851e-002
4.737124183006539e+000 -5.099826821830237e-002 5.394959162393619e-001 7.012126678108673e-002
4.745196078431376e+000 -4.811934264970375e-002 5.394549393066337e-001 6.701334259675151e-002
4.753267973856213e+000 -4.525252326157525e-002 5.393760600990686e-001 6.399588204014090e-002
4.761339869281049e+000 -4.233799151341628e-002 5.392679109943154e-001 6.119091771166801e-002
4.769411764705886e+000 -3.934008665799358e-002 5.391400867872371e-001 5.871323359991554e-002
4.777483660130723e+000 -3.627150336201163e-002 5.390030182164001e-001 5.666743511350517e-002
4.785555555555559e+000 -3.318995115079547e-002 5.388678723757225e-001 5.513949055873078e-002
4.793627450980396e+000 -3.018006133576176e-002 5.387456307779346e-001 5.418535239277149e-002
4.801699346405233e+000 -2.733541903963191e-002 5.386456005953219e-001 5.382202945638165e-002
4.809771241830069e+000 -2.473650243373946e-002 5.385738747754074e-001 5.402563569173061e-002
4.817843137254906e+000 -2.242697041250542e-002 5.385321113850116e-001 5.473801059777197e-002
4.825915032679743e+000 -2.040664442006227e-002 5.385173254219396e-001 5.587782569537585e-002
4.833986928104579e+000 -1.864836288659307e-002 5.385235100885562e-001 5.735562515836653e-002
4.842058823529416e+000 -1.712602093478522e-002 5.385447909149540e-001 5.909571171740039e-002
4.850130718954253e+000 -1.583700209735796e-002 5.385781084582590e-001 6.105436459054547e-002
4.858202614379089e+000 -1.481406244252425e-002 5.386238416144835e-001 6.321715154485028e-002
4.866274509803926e+000 -1.413279682400907e-002 5.386852364706918e-001 6.558021113574197e-002
4.874346405228763e+000 -1.391822188981720e-002 5.387681527940406e-001 6.814030521932517e-002
4.882418300653599e+000 -1.434755007869201e-002 5.388807336226527e-001 7.090787374202844e-002
4.890490196078436e+000 -1.563920491390593e-002 5.390306897604006e-001 7.393774986009716e-002
4.898562091503273e+000 -1.797393883285718e-002 5.392154753770131e-001 7.733922832074956e-002
4.906633986928109e+000 -2.155015464329612e-002 5.394187000579854e-001 8.132452536607823e-002
4.914705882352946e+000 -2.631079982982785e-002 5.395901200847624e-001 8.606247520875188e-002
4.922777777777783e+000 -3.203179345661454e-002 5.396596918489293e-001 9.163815317568502e-002
4.930849673202619e+000 -3.836889960061278e-002 5.395580438225029e-001 9.797211188200886e-002
4.938921568627456e+000 -4.500265017091298e-002 5.392402090144284e-001 1.048256461548859e-001
4.946993464052293e+000 -5.175410594340714e-002 5.386932012126833e-001 1.118850456022233e-001
4.955065359477129e+000 -5.858808353438932e-002 5.379259048144895e-001 1.188653322160248e-001
4.963137254901966e+000 -6.553174503286388e-002 5.369547642007910e-001 1.255731738296539e-001
4.971209150326803e+000 -7.259770004257457e-002 5.357953529308419e-001 1.319179189305799e-001
4.979281045751639e+000 -7.976294960431921e-002 5.344599205981381e-001 1.378881094310179e-001
4.987352941176476e+000 -8.699330590593268e-002 5.329572127003288e-001 1.435129450465414e-001
4.995424836601313e+000 -9.427731262766793e-002 5.312915791592356e-001 1.488295788375210e-001
5.003496732026149e+000 -1.016414342700433e-001 5.294611175425189e-001 1.538676445458895e-001
5.011568627450986e+000 -1.091312463753774e-001 5.274594329931804e-001 1.586412115794044e-001
5.019640522875823e+000 -1.167646980474115e-001 5.252850525807837e-001 1.631399618301593e-001
5.027712418300659e+000 -1.244938364326884e-001 5.229526027304101e-001 1.673318096002951e-001
5.035784313725496e+000 -1.322070482058375e-001 5.204952467804966e-001 1.711848894208391e-001
5.043856209150333e+000 -1.397680116008746e-001 5.179560864535010e-001 1.746921277033154e-001
5.051928104575169e+000 -1.470671644575560e-001 5.153745340145401e-001 1.778766575710808e-001
5.060000000000006e+000 -1.540559140785053e-001 5.127764293326136e-001 1.807753375353368e-001
5.068071895424843e+000 -1.607446946421746e-001 5.101738760327059e-001 1.834156199443582e-001
5.076143790849679e+000 -1.671764944916766e-001 5.075725547248986e-001 1.858005247288672e-001
5.084215686274516e+000 -1.733971655668971e-001 5.049810110713217e-001 1.879044017985137e-001
5.092287581699353e+000 -1.794282134896424e-001 5.024192440910558e-001 1.896798340223356e-001
5.100359477124189e+000 -1.852432926857455e-001 4.999241226619995e-001 1.910791119264979e-001
5.108431372549026e+000 -1.907681179272001e-001 4.975447082911699e-001 1.920839346651923e-001
5.116503267973863e+000 -1.959255726397799e-001 4.953204676915787e-001 1.927272589626022e-001
5.124575163398699e+000 -2.006975548164488e-001 4.932524347532265e-001 1.930992438590855e-001
5.132647058823536e+000 -2.051409580559644e-001 4.912946235236241e-001 1.933355063336241e-001
5.140718954248372e+000 -2.093427701937313e-001 4.893802140438900e-001 1.935788871585961e-001
5.148790849673209e+000 -2.133600487166192e-001 4.874649862120036e-001 1.939206237997228e-001
5.156862745098046e+000 -2.171898613565208e-001 4.855561145163728e-001 1.943601772017980e-001
5.164934640522882e+000 -2.207756494761811e-001 4.837110283995645e-001 1.948152702419924e-001
5.173006535947719e+000 -2.240315764722030e-001 4.820164619132144e-001 1.951651523046310e-001
5.181078431372556e+000 -2.268684220936130e-001 4.805637757186049e-001 1.952929996167861e-001
5.189150326797392e+000 -2.292145348305483e-001 4.794263040248539e-001 1.951197934226822e-001
5.197222222222229e+000 -2.310289256569747e-001 4.786415958483312e-001 1.946306677161576e-001
5.205294117647066e+000 -2.323028201392060e-001 4.782061549375212e-001 1.938818526924808e-001
5.213366013071902e+000 -2.330500610689245e-001 4.780862675387628e-001 1.929796765657802e-001
5.221437908496739e+000 -2.332964836978632e-001 4.782363240072086e-001 1.920406738234660e-001
5.229509803921576e+000 -2.330757649192003e-001 4.786122622978727e-001 1.911564764220176e-001
5.237581699346412e+000 -2.324267550526681e-001 4.791761712660341e-001 1.903841174923854e-001
5.245653594771249e+000 -2.314021752811674e-001 4.798894554815472e-001 1.897546607938698e-001
5.253725490196086e+000 -2.300150717762605e-001 4.807340176227248e-001 1.892967317950525e-001
5.261797385620922e+000 -2.283585838157519e-001 4.816614710579643e-001 1.889996586967401e-001
5.269869281045759e+000 -2.264925623180877e-001 4.826450242572681e-001 1.888390946869810e-001
5.277941176470596e+000 -2.245371315568204e-001 4.836328011953506e-001 1.887782130830224e-001
5.286013071895432e+000 -2.224572550944629e-001 4.846424655558934e-001 1.888067647096799e-001
5.294084967320269e+000 -2.204634439545879e-001 4.855696809383585e-001 1.889321154861124e-001
5.302156862745106e+000 -2.186022862271808e-001 4.863866502853644e-001 1.891802582515146e-001
5.310228758169942e+000 -2.169618952619068e-001 4.870513484071379e-001 1.895625365674362e-001
5.318300653594779e+000 -2.156422375033739e-001 4.875256771234162e-001 1.900612007567746e-001
5.326372549019616e+000 -2.147598249079948e-001 4.877727890523702e-001 1.906295109294814e-001
5.334444444444452e+000 -2.144390388956939e-001 4.877571470194703e-001 1.912026125159406e-001
5.342516339869289e+000 -2.147939738207740e-001 4.874480859500784e-001 1.917087152895798e-001
5.350588235294126e+000 -2.158997838850728e-001 4.868276918165698e-001 1.920806265287299e-001
5.358660130718962e+000 -2.177509467380734e-001 4.859043132264443e-001 1.922718850307165e-001
5.366732026143799e+000 -2.202272690585348e-001 4.847260182273839e-001 1.922709930061860e-001
5.374803921568636e+000 -2.230983125805369e-001 4.833839352508613e-001 1.921015322807693e-001
5.382875816993472e+000 -2.260668250261893e-001 4.820031282694714e-001 1.918056679899550e-001
5.390947712418309e+000 -2.288252972165735e-001 4.807261008475361e-001 1.914206750798106e-001
5.399019607843146e+000 -2.311051570635506e-001 4.796932962245085e-001 1.909593412077569e-001
5.407091503267982e+000 -2.327131337794176e-001 4.790217802437404e-001 1.904022674993638e-001
5.415163398692819e+000 -2.335518661982924e-001 4.787836315238550e-001 1.897122995144545e-001
5.423235294117656e+000 -2.336225275332442e-001 4.789898781163201e-001 1.888674312712211e-001
5.431307189542492e+000 -2.330140536156618e-001 4.795892321751906e-001 1.878803035709163e-001
5.439379084967329e+000 -2.318828555179592e-001 4.804851952050782e-001 1.867841904808587e-001
5.447450980392166e+000 -2.304281865519746e-001 4.815603375080522e-001 1.856070391448391e-001
5.455522875817002e+000 -2.288732870711379e-001 4.826934232964949e-001 1.843573715500481e-001
5.463594771241839e+000 -2.274488325419266e-001 4.837713342106680e-001 1.830174281722114e-001
5.471666666666676e+000 -2.263604732013532e-001 4.847078746388875e-001 1.815308308734651e-001
