---- AnyBody Output File ---------------------------------
Study: Main.Studies.MotionOptimization
Operation: Main.Studies.MotionOptimization.Kinematics
----------------------------------------------------------
Constants (Name = Value): 
Main.Studies.KinematicStudyForParameterIdentification.JointAngleOutputs.OutputFile6.FileName = "..\Input\Subjects\PS\Overground Gait Trials\PS_ngait_og_ss3\PS_ngait_og_ss3-output-euler-leftarm.txt"
Main.Studies.KinematicStudyForParameterIdentification.JointAngleOutputs.OutputFile6.NumberFormat.Digits = 15
Main.Studies.KinematicStudyForParameterIdentification.JointAngleOutputs.OutputFile6.NumberFormat.Width = 22
Main.Studies.KinematicStudyForParameterIdentification.JointAngleOutputs.OutputFile6.NumberFormat.Style = ScientificNumber
Main.Studies.KinematicStudyForParameterIdentification.JointAngleOutputs.OutputFile6.NumberFormat.FormatStr = "%22.15e"
Main.Studies.KinematicStudyForParameterIdentification.JointAngleOutputs.OutputFile6.Search = 
Main.Studies.KinematicStudyForParameterIdentification.JointAngleOutputs.OutputFile6.Format = 0
Main.Studies.KinematicStudyForParameterIdentification.JointAngleOutputs.OutputFile6.SepSign = " "
Main.Studies.KinematicStudyForParameterIdentification.JointAngleOutputs.OutputFile6.LineSepSign = ""
Main.Studies.KinematicStudyForParameterIdentification.JointAngleOutputs.OutputFile6.Header.TitleSectionOnOff = On
Main.Studies.KinematicStudyForParameterIdentification.JointAngleOutputs.OutputFile6.Header.ConstSectionOnOff = On
Main.Studies.KinematicStudyForParameterIdentification.JointAngleOutputs.OutputFile6.Header.ConstSectionSaveOptionsOnOff = On
Main.Studies.KinematicStudyForParameterIdentification.JointAngleOutputs.OutputFile6.Header.VarSectionOnOff = On
Main.Studies.KinematicStudyForParameterIdentification.JointAngleOutputs.OutputFile6.Header.ColumnNamesOnOff = On
Main.Studies.KinematicStudyForParameterIdentification.JointAngleOutputs.OutputFile6.Header.LinePrefix = ""
Main.Studies.KinematicStudyForParameterIdentification.JointAngleOutputs.OutputFile6.ConstSectionSaveOptionsOnOff = On
----------------------------------------------------------
Variables (Column# Name): 
col0  Main.Studies.MotionOptimization.t
col1  Main.Studies.KinematicStudyForParameterIdentification.JointAngleOutputs.OutputFile6.SternoClavicularProtraction
col2  Main.Studies.KinematicStudyForParameterIdentification.JointAngleOutputs.OutputFile6.SternoClavicularElevation
col3  Main.Studies.KinematicStudyForParameterIdentification.JointAngleOutputs.OutputFile6.SternoClavicularAxialRotation
col4  Main.Studies.KinematicStudyForParameterIdentification.JointAngleOutputs.OutputFile6.GlenohumeralFlexion
col5  Main.Studies.KinematicStudyForParameterIdentification.JointAngleOutputs.OutputFile6.GlenohumeralExternalRotation
col6  Main.Studies.KinematicStudyForParameterIdentification.JointAngleOutputs.OutputFile6.GlenohumeralAbduction
col7  Main.Studies.KinematicStudyForParameterIdentification.JointAngleOutputs.OutputFile6.ElbowFlexion
col8  Main.Studies.KinematicStudyForParameterIdentification.JointAngleOutputs.OutputFile6.ElbowPronation
col9  Main.Studies.KinematicStudyForParameterIdentification.JointAngleOutputs.OutputFile6.WristFlexion
col10  Main.Studies.KinematicStudyForParameterIdentification.JointAngleOutputs.OutputFile6.WristAbduction
----------------------------------------------------------
Main.Studies.MotionOptimization.t Main.Studies.KinematicStudyForParameterIdentification.JointAngleOutputs.OutputFile6.SternoClavicularProtraction Main.Studies.KinematicStudyForParameterIdentification.JointAngleOutputs.OutputFile6.SternoClavicularElevation Main.Studies.KinematicStudyForParameterIdentification.JointAngleOutputs.OutputFile6.SternoClavicularAxialRotation Main.Studies.KinematicStudyForParameterIdentification.JointAngleOutputs.OutputFile6.GlenohumeralFlexion Main.Studies.KinematicStudyForParameterIdentification.JointAngleOutputs.OutputFile6.GlenohumeralExternalRotation Main.Studies.KinematicStudyForParameterIdentification.JointAngleOutputs.OutputFile6.GlenohumeralAbduction Main.Studies.KinematicStudyForParameterIdentification.JointAngleOutputs.OutputFile6.ElbowFlexion Main.Studies.KinematicStudyForParameterIdentification.JointAngleOutputs.OutputFile6.ElbowPronation Main.Studies.KinematicStudyForParameterIdentification.JointAngleOutputs.OutputFile6.WristFlexion Main.Studies.KinematicStudyForParameterIdentification.JointAngleOutputs.OutputFile6.WristAbduction
4.236666666666666e+000 -7.306082590090399e-001 2.203619271150779e-001 -3.490658496460864e-001 -6.959825617197346e-002 9.877793072452052e-001 2.651430695430083e-002 2.492696702923950e-001 2.107342425544702e-008 0.000000000000000e+000 0.000000000000000e+000
4.244738562091503e+000 -7.305469292107667e-001 2.195687122527450e-001 -3.490657512475558e-001 -7.207333595234333e-002 9.868122690326020e-001 2.414850582694317e-002 2.534389513860870e-001 1.490116119384766e-008 0.000000000000000e+000 0.000000000000000e+000
4.252810457516340e+000 -7.311797460713262e-001 2.183165976905048e-001 -3.490657463764759e-001 -7.381847420510979e-002 9.864538689883201e-001 2.238214122440017e-002 2.564954861587061e-001 0.000000000000000e+000 -6.661338147750939e-016 0.000000000000000e+000
4.260882352941176e+000 -7.319135570243001e-001 2.164745611389307e-001 -3.490657340198564e-001 -7.534447642390685e-002 9.862827898436554e-001 2.083902124702377e-002 2.589921222170031e-001 0.000000000000000e+000 -8.881784197001252e-016 0.000000000000000e+000
4.268954248366013e+000 -7.327252761875096e-001 2.140185913073047e-001 -3.490657190647145e-001 -7.675096487934208e-002 9.865651736024104e-001 1.947079959695323e-002 2.609470276657052e-001 0.000000000000000e+000 6.661338147750939e-016 0.000000000000000e+000
4.277026143790850e+000 -7.336044078836689e-001 2.110248511681894e-001 -3.490657014412957e-001 -7.807364582783327e-002 9.877317862853301e-001 1.832641734018519e-002 2.622881797537709e-001 0.000000000000000e+000 -2.220446049250313e-016 0.000000000000000e+000
4.285098039215686e+000 -7.345583971847761e-001 2.076613058523422e-001 -3.490656815987777e-001 -7.925629697769465e-002 9.902872246606562e-001 1.753009230121141e-002 2.628672491550208e-001 0.000000000000000e+000 -2.220446049250313e-016 0.000000000000000e+000
4.293169934640523e+000 -7.356121851213681e-001 2.041554174209073e-001 -3.490656604001443e-001 -8.014630743157247e-002 9.946503146200402e-001 1.724680807777588e-002 2.624951149220740e-001 -2.107342425544702e-008 0.000000000000000e+000 0.000000000000000e+000
4.301241830065360e+000 -7.367984549437452e-001 2.007560038502145e-001 -3.490656393264572e-001 -8.051681937632527e-002 1.001013195623288e+000 1.766725818762964e-002 2.609709226942275e-001 0.000000000000000e+000 4.440892098500626e-016 0.000000000000000e+000
4.309313725490196e+000 -7.381351276048008e-001 1.977044834592203e-001 -3.490656207582207e-001 -8.010073140051532e-002 1.009386555581831e+000 1.900221227337271e-002 2.580999120598498e-001 0.000000000000000e+000 2.220446049250313e-016 0.000000000000000e+000
4.317385620915033e+000 -7.396021930789302e-001 1.952183282245279e-001 -3.490656079074144e-001 -7.862067582111720e-002 1.019843525821838e+000 2.146911282013676e-002 2.537012704878118e-001 0.000000000000000e+000 2.220446049250313e-016 0.000000000000000e+000
4.325457516339870e+000 -7.411328282194782e-001 1.934721846144147e-001 -3.490656041159379e-001 -7.581784067433439e-002 1.032676516882392e+000 2.526152178324066e-002 2.476248264935161e-001 -2.580956827951785e-008 -2.220446049250313e-016 0.000000000000000e+000
4.333529411764706e+000 -7.426225914195758e-001 1.925706812485002e-001 -3.490656119817547e-001 -7.148376714722460e-002 1.048262578950619e+000 3.050146631598478e-002 2.397918144121874e-001 1.490116119384766e-008 -8.881784197001252e-016 0.000000000000000e+000
4.341601307189543e+000 -7.439440743729364e-001 1.925317264425841e-001 -3.490656330292982e-001 -6.548534304977416e-002 1.066817795800076e+000 3.719556319134905e-002 2.302358260084074e-001 0.000000000000000e+000 -4.440892098500626e-016 0.000000000000000e+000
4.349673202614380e+000 -7.449566037631885e-001 1.932978917917867e-001 -3.490656676369137e-001 -5.778072257634226e-002 1.088290899913855e+000 4.522042152839777e-002 2.191167802656775e-001 0.000000000000000e+000 -2.220446049250313e-016 0.000000000000000e+000
4.357745098039216e+000 -7.455178549133891e-001 1.947711586155572e-001 -3.490657147105393e-001 -4.843758936863929e-002 1.112413650122531e+000 5.434208807904001e-002 2.067152056088788e-001 2.580956827951785e-008 4.440892098500626e-016 0.000000000000000e+000
4.365816993464053e+000 -7.455067521105216e-001 1.968523008140735e-001 -3.490657714394305e-001 -3.765450735986287e-002 1.138730272784425e+000 6.425682326226322e-002 1.934252170504983e-001 1.490116119384766e-008 -4.440892098500626e-016 0.000000000000000e+000
4.373888888888890e+000 -7.448504903038720e-001 1.994638215836126e-001 -3.490658333783479e-001 -2.576251968369037e-002 1.166467985996886e+000 7.463390530836657e-002 1.797442743991358e-001 -2.107342425544702e-008 -6.661338147750939e-016 0.000000000000000e+000
4.381960784313726e+000 -7.435416656917575e-001 2.025445018938301e-001 -3.490658948668193e-001 -1.318400341940973e-002 1.194353225680985e+000 8.514652139954609e-002 1.662484132357276e-001 0.000000000000000e+000 1.110223024625157e-015 0.000000000000000e+000
4.390032679738563e+000 -7.416430414969012e-001 2.060280461970299e-001 -3.490659502468835e-001 -3.562368371741176e-004 1.220569645348858e+000 9.548938924964480e-002 1.535597374827064e-001 0.000000000000000e+000 4.440892098500626e-016 0.000000000000000e+000
4.398104575163400e+000 -7.392863819812270e-001 2.098318571559035e-001 -3.490659960347615e-001 1.234945433532264e-002 1.242977887794898e+000 1.053930379533643e-001 1.423104197838803e-001 -1.490116119384766e-008 8.881784197001252e-016 0.000000000000000e+000
4.406176470588236e+000 -7.366664955634146e-001 2.138615892437199e-001 -3.490660329122918e-001 2.467947720568176e-002 1.259580024976556e+000 1.146483597906655e-001 1.330868646439382e-001 2.107342425544702e-008 2.220446049250313e-016 0.000000000000000e+000
4.414248366013073e+000 -7.340198083375730e-001 2.180147078349026e-001 -3.490660659992444e-001 3.650634690167287e-002 1.268942684066426e+000 1.231297944695115e-001 1.263577011442967e-001 0.000000000000000e+000 6.661338147750939e-016 0.000000000000000e+000
4.422320261437910e+000 -7.315829195450235e-001 2.221753683395724e-001 -3.490661027412544e-001 4.780701124237297e-002 1.270253657383145e+000 1.307845341708798e-001 1.224274456283304e-001 0.000000000000000e+000 6.661338147750939e-016 0.000000000000000e+000
4.430392156862746e+000 -7.295473140824379e-001 2.262109731025492e-001 -3.490661490799107e-001 5.862651180690981e-002 1.263077734081260e+000 1.375917915181788e-001 1.214402789926159e-001 0.000000000000000e+000 -6.661338147750939e-016 0.000000000000000e+000
4.438464052287583e+000 -7.280318823449207e-001 2.299761058480703e-001 -3.490662062694608e-001 6.903595831450282e-002 1.247157651239326e+000 1.435328007257788e-001 1.234109812914700e-001 0.000000000000000e+000 0.000000000000000e+000 0.000000000000000e+000
4.446535947712420e+000 -7.270831341394283e-001 2.333221577257312e-001 -3.490662709657560e-001 7.910273449017868e-002 1.222505357554009e+000 1.485969433204308e-001 1.282476885792325e-001 2.980232238769531e-008 0.000000000000000e+000 0.000000000000000e+000
4.454607843137256e+000 -7.266931322551602e-001 2.361204569577957e-001 -3.490663386003501e-001 8.888579970489885e-002 1.189711411081971e+000 1.528179981031032e-001 1.357501932991538e-001 1.490116119384766e-008 4.440892098500626e-016 0.000000000000000e+000
4.462679738562093e+000 -7.268127953719059e-001 2.383012349984375e-001 -3.490664069929366e-001 9.843984092920732e-002 1.150068806716972e+000 1.563020534517058e-001 1.456108091388915e-001 -2.980232238769531e-008 0.000000000000000e+000 0.000000000000000e+000
4.470751633986930e+000 -7.273506234020616e-001 2.398870067852776e-001 -3.490664772162149e-001 1.078055329892569e-001 1.105302559263838e+000 1.592120713761206e-001 1.574484563301224e-001 -1.490116119384766e-008 2.220446049250313e-016 0.000000000000000e+000
4.478823529411766e+000 -7.281698537256338e-001 2.409960824412123e-001 -3.490665518934536e-001 1.169933615707490e-001 1.057222125866935e+000 1.617251008951416e-001 1.708505050749185e-001 -2.580956827951785e-008 -4.440892098500626e-016 0.000000000000000e+000
4.486895424836603e+000 -7.291007116729874e-001 2.418117101504786e-001 -3.490666332591746e-001 1.259811713292782e-001 1.007541351493213e+000 1.639932017211512e-001 1.854029146349942e-001 -2.580956827951785e-008 0.000000000000000e+000 0.000000000000000e+000
4.494967320261440e+000 -7.299674044500133e-001 2.425320935959801e-001 -3.490667223606590e-001 1.347259597980608e-001 9.577380962733028e-001 1.661174428558931e-001 2.007381275961190e-001 0.000000000000000e+000 2.220446049250313e-016 0.000000000000000e+000
4.503039215686276e+000 -7.306213553133106e-001 2.433246400007183e-001 -3.490668191452692e-001 1.431804795136085e-001 9.088982397922286e-001 1.681451968623359e-001 2.165991274989079e-001 0.000000000000000e+000 2.220446049250313e-016 0.000000000000000e+000
4.511111111111113e+000 -7.309750344804303e-001 2.442994813038926e-001 -3.490669224704447e-001 1.513102939392150e-001 8.616758337201482e-001 1.700967818278220e-001 2.328682234436943e-001 -3.942476676500724e-008 -6.661338147750939e-016 0.000000000000000e+000
4.519183006535950e+000 -7.310205241177945e-001 2.455044923179983e-001 -3.490670297747199e-001 1.591087416604138e-001 8.164091795964050e-001 1.720011760489945e-001 2.495360073516980e-001 2.580956827951785e-008 -2.220446049250313e-016 0.000000000000000e+000
4.527254901960786e+000 -7.308172644724913e-001 2.469361080753083e-001 -3.490671376585832e-001 1.666044553436028e-001 7.732843059130125e-001 1.739134251124145e-001 2.666399599123348e-001 0.000000000000000e+000 -2.220446049250313e-016 0.000000000000000e+000
4.535326797385623e+000 -7.304644662130976e-001 2.485530906686146e-001 -3.490672437694782e-001 1.738548583763162e-001 7.324487555477973e-001 1.759042333406747e-001 2.842106273587499e-001 0.000000000000000e+000 -2.220446049250313e-016 0.000000000000000e+000
4.543398692810460e+000 -7.300812141996146e-001 2.502862010026179e-001 -3.490673477716544e-001 1.809307772485105e-001 6.940659143422799e-001 1.780318333783597e-001 3.022313175787539e-001 2.980232238769531e-008 -2.220446049250313e-016 0.000000000000000e+000
4.551470588235296e+000 -7.297860184960932e-001 2.520545738899445e-001 -3.490674499840215e-001 1.879077176314246e-001 6.583089690098561e-001 1.803214184641219e-001 3.206041572466556e-001 2.980232238769531e-008 -2.220446049250313e-016 0.000000000000000e+000
4.559542483660133e+000 -7.296627003566368e-001 2.537941825510774e-001 -3.490675497013357e-001 1.948617159708879e-001 6.252708260432134e-001 1.827736572011789e-001 3.391508315134593e-001 0.000000000000000e+000 2.220446049250313e-016 0.000000000000000e+000
4.567614379084970e+000 -7.297272588053670e-001 2.554780560749452e-001 -3.490676457301035e-001 2.018556736366381e-001 5.948577921521003e-001 1.853894535443279e-001 3.576708210032579e-001 0.000000000000000e+000 2.220446049250313e-016 0.000000000000000e+000
4.575686274509806e+000 -7.299192639590300e-001 2.571096311679706e-001 -3.490677386875918e-001 2.089258606208759e-001 5.668076488967125e-001 1.881771422774393e-001 3.760057071546388e-001 -2.107342425544702e-008 -4.440892098500626e-016 0.000000000000000e+000
4.583758169934643e+000 -7.301274943434817e-001 2.587006016390272e-001 -3.490678319362249e-001 2.160839272201438e-001 5.408227551753462e-001 1.911382752022348e-001 3.940552506901963e-001 2.580956827951785e-008 -2.220446049250313e-016 0.000000000000000e+000
4.591830065359480e+000 -7.302377381305595e-001 2.602562306398117e-001 -3.490679300022792e-001 2.233263999837969e-001 5.166714398510270e-001 1.942557913275917e-001 4.117628432801373e-001 0.000000000000000e+000 2.220446049250313e-016 0.000000000000000e+000
4.599901960784316e+000 -7.301767529319646e-001 2.617727764614484e-001 -3.490680367840103e-001 2.306445337122458e-001 4.942060833733168e-001 1.974970493578510e-001 4.290966409847855e-001 -2.580956827951785e-008 -2.220446049250313e-016 0.000000000000000e+000
4.607973856209153e+000 -7.299364032190681e-001 2.632381922150886e-001 -3.490681549972461e-001 2.380317699892645e-001 4.733272112605796e-001 2.008311752762717e-001 4.460351085163893e-001 -2.107342425544702e-008 0.000000000000000e+000 0.000000000000000e+000
4.616045751633989e+000 -7.295727778736573e-001 2.646389037509536e-001 -3.490682873532034e-001 2.454755057260047e-001 4.539125344182636e-001 2.042504299356107e-001 4.625862346312041e-001 0.000000000000000e+000 4.440892098500626e-016 0.000000000000000e+000
4.624117647058826e+000 -7.291767784623048e-001 2.659795716307478e-001 -3.490684394076631e-001 2.529367548311181e-001 4.357757572518874e-001 2.077771860378933e-001 4.788278241399748e-001 -2.107342425544702e-008 0.000000000000000e+000 0.000000000000000e+000
4.632189542483663e+000 -7.288255858977148e-001 2.672965982248934e-001 -3.490686206586165e-001 2.603407586097801e-001 4.187205678776799e-001 2.114499405988078e-001 4.948867413203898e-001 0.000000000000000e+000 -4.440892098500626e-016 0.000000000000000e+000
4.640261437908499e+000 -7.285484678474100e-001 2.686442633274626e-001 -3.490688395574070e-001 2.675830795986738e-001 4.026232582673793e-001 2.152991347196238e-001 5.108612731114238e-001 0.000000000000000e+000 0.000000000000000e+000 0.000000000000000e+000
4.648333333333336e+000 -7.283394290961397e-001 2.700703643854452e-001 -3.490690942498066e-001 2.745454401313001e-001 3.874390395640509e-001 2.193324658480299e-001 5.267840916881127e-001 0.000000000000000e+000 6.661338147750939e-016 0.000000000000000e+000
4.656405228758173e+000 -7.281964189139647e-001 2.716046886969679e-001 -3.490693688789517e-001 2.811186754323809e-001 3.731543229148084e-001 2.235396680113191e-001 5.426406901214338e-001 0.000000000000000e+000 2.220446049250313e-016 0.000000000000000e+000
4.664477124183009e+000 -7.296176328883716e-001 2.726836959921382e-001 -3.490662692559354e-001 2.880175390074773e-001 3.596528946229569e-001 2.284985132351559e-001 5.574756202053048e-001 0.000000000000000e+000 -2.220446049250313e-016 0.000000000000000e+000
4.672549019607846e+000 -7.297191282609519e-001 2.744141956074460e-001 -3.490663361521182e-001 2.936125601974959e-001 3.470581960313747e-001 2.330421404749372e-001 5.730310782615975e-001 2.980232238769531e-008 0.000000000000000e+000 0.000000000000000e+000
4.680620915032683e+000 -7.299369868322831e-001 2.762423019139055e-001 -3.490663645334250e-001 2.986336490746868e-001 3.352108432064070e-001 2.377326513633594e-001 5.883511360402505e-001 0.000000000000000e+000 2.220446049250313e-016 0.000000000000000e+000
4.688692810457519e+000 -7.302980334894937e-001 2.781456575692649e-001 -3.490663875525182e-001 3.030871263163479e-001 3.240676576033055e-001 2.425685768628595e-001 6.033258785375369e-001 -3.332000937312528e-008 -2.220446049250313e-016 0.000000000000000e+000
4.696764705882356e+000 -7.307941334865536e-001 2.801283701185240e-001 -3.490664057168195e-001 3.069901336180900e-001 3.136351269820869e-001 2.475221783509679e-001 6.178492791237883e-001 0.000000000000000e+000 2.220446049250313e-016 0.000000000000000e+000
4.704836601307193e+000 -7.313924373518901e-001 2.822192253224309e-001 -3.490664198402803e-001 3.103619026331994e-001 3.039351387169919e-001 2.525462528925070e-001 6.318251578334192e-001 -1.490116119384766e-008 0.000000000000000e+000 0.000000000000000e+000
4.712908496732029e+000 -7.320457614107383e-001 2.844551606842978e-001 -3.490664311458030e-001 3.132121023140402e-001 2.949730663796540e-001 2.575832737599223e-001 6.451684986130600e-001 2.580956827951785e-008 -2.220446049250313e-016 0.000000000000000e+000
4.720980392156866e+000 -7.327070770687706e-001 2.868589502431873e-001 -3.490664408563035e-001 3.155401918588703e-001 2.867383216893110e-001 2.625666272431506e-001 6.578028494565252e-001 -2.580956827951785e-008 0.000000000000000e+000 0.000000000000000e+000
4.729052287581703e+000 -7.333415547535476e-001 2.894255630339178e-001 -3.490664497896683e-001 3.173472937984205e-001 2.792148013837540e-001 2.674186577158070e-001 6.696607752885293e-001 -2.980232238769531e-008 -2.220446049250313e-016 0.000000000000000e+000
4.737124183006539e+000 -7.339299013441315e-001 2.921194916364540e-001 -3.490664584223644e-001 3.186502537250378e-001 2.723958681067151e-001 2.720516967056563e-001 6.806837113374233e-001 0.000000000000000e+000 0.000000000000000e+000 0.000000000000000e+000
4.745196078431376e+000 -7.344569355365722e-001 2.948794015947100e-001 -3.490664674209524e-001 3.194852567153916e-001 2.663089073483039e-001 2.763670713470876e-001 6.908214525287663e-001 0.000000000000000e+000 2.220446049250313e-016 0.000000000000000e+000
4.753267973856213e+000 -7.348958135066644e-001 2.976271987671970e-001 -3.490664780512428e-001 3.198990731553344e-001 2.610195936192102e-001 2.802563605704211e-001 7.000367743608040e-001 0.000000000000000e+000 2.220446049250313e-016 0.000000000000000e+000
4.761339869281049e+000 -7.352105982637121e-001 3.002774921710913e-001 -3.490664921859731e-001 3.199308573897808e-001 2.565975479398776e-001 2.836169683801496e-001 7.083154489696693e-001 0.000000000000000e+000 4.440892098500626e-016 0.000000000000000e+000
4.769411764705886e+000 -7.353796770786358e-001 3.027435205222695e-001 -3.490665118919942e-001 3.195887749522586e-001 2.530777458674557e-001 2.863756356928761e-001 7.156758908012174e-001 2.580956827951785e-008 2.220446049250313e-016 0.000000000000000e+000
4.777483660130723e+000 -7.354140399309487e-001 3.049428405349630e-001 -3.490665385276775e-001 3.188317684493611e-001 2.504603093605658e-001 2.885000280011713e-001 7.221718373609753e-001 0.000000000000000e+000 0.000000000000000e+000 0.000000000000000e+000
4.785555555555559e+000 -7.353470556825061e-001 3.068079135121713e-001 -3.490665717263025e-001 3.175683021135121e-001 2.487412159952895e-001 2.899924084827306e-001 7.278858593179336e-001 0.000000000000000e+000 0.000000000000000e+000 0.000000000000000e+000
4.793627450980396e+000 -7.352030325575478e-001 3.082962748068752e-001 -3.490666088545660e-001 3.156752387228619e-001 2.479252821133983e-001 2.908784647927470e-001 7.329149039574052e-001 0.000000000000000e+000 -2.220446049250313e-016 0.000000000000000e+000
4.801699346405233e+000 -7.349785414266737e-001 3.093904842363766e-001 -3.490666452085180e-001 3.130257237958047e-001 2.480082966382751e-001 2.912054848265519e-001 7.373471635283806e-001 0.000000000000000e+000 4.440892098500626e-016 0.000000000000000e+000
4.809771241830069e+000 -7.346653396999708e-001 3.100867344414107e-001 -3.490666749687969e-001 3.095098229498856e-001 2.489696200352446e-001 2.910485392516607e-001 7.412313734329090e-001 2.980232238769531e-008 2.220446049250313e-016 0.000000000000000e+000
4.817843137254906e+000 -7.342991066154968e-001 3.103809584735588e-001 -3.490666924915797e-001 3.050500118305284e-001 2.507883651945834e-001 2.905076503327601e-001 7.445455204316178e-001 0.000000000000000e+000 2.220446049250313e-016 0.000000000000000e+000
4.825915032679743e+000 -7.339774536292372e-001 3.102631462680590e-001 -3.490666933790967e-001 2.996299972133447e-001 2.534438779543718e-001 2.896806499817312e-001 7.471730145993638e-001 0.000000000000000e+000 2.220446049250313e-016 0.000000000000000e+000
4.833986928104579e+000 -7.338201342988217e-001 3.097179157435881e-001 -3.490666754192005e-001 2.933335626774920e-001 2.568848370891383e-001 2.886217483599761e-001 7.488952486569344e-001 2.580956827951785e-008 0.000000000000000e+000 0.000000000000000e+000
4.842058823529416e+000 -7.339058027523930e-001 3.087192208737977e-001 -3.490666393068001e-001 2.863624821813557e-001 2.609963957910368e-001 2.873165807628018e-001 7.494102702746122e-001 3.650024149988857e-008 0.000000000000000e+000 0.000000000000000e+000
4.850130718954253e+000 -7.342298677478921e-001 3.072218555035819e-001 -3.490665884398191e-001 2.790140365775755e-001 2.655904436753315e-001 2.856918613214891e-001 7.483784719865062e-001 -2.580956827951785e-008 -2.220446049250313e-016 0.000000000000000e+000
4.858202614379089e+000 -7.347089222102914e-001 3.051696403212518e-001 -3.490665278438527e-001 2.716268012796075e-001 2.704331925678853e-001 2.836528688217367e-001 7.454816329650550e-001 0.000000000000000e+000 4.440892098500626e-016 0.000000000000000e+000
4.866274509803926e+000 -7.352237009523880e-001 3.025256730239807e-001 -3.490664630180341e-001 2.645152089337073e-001 2.753103839424942e-001 2.811237147699985e-001 7.404813267538262e-001 0.000000000000000e+000 2.220446049250313e-016 0.000000000000000e+000
4.874346405228763e+000 -7.356550508122087e-001 2.993005820137358e-001 -3.490663990216413e-001 2.579128103490882e-001 2.801001357382403e-001 2.780609722040066e-001 7.332685175029998e-001 0.000000000000000e+000 0.000000000000000e+000 0.000000000000000e+000
4.882418300653599e+000 -7.358939452445094e-001 2.955551113906316e-001 -3.490663397603266e-001 2.519450996367407e-001 2.848295216125069e-001 2.744343878713997e-001 7.238825118158214e-001 0.000000000000000e+000 -2.220446049250313e-016 0.000000000000000e+000
4.890490196078436e+000 -7.358467777765476e-001 2.913810325079189e-001 -3.490662877212657e-001 2.466426638068988e-001 2.897035185920707e-001 2.701946941025175e-001 7.124849005851542e-001 0.000000000000000e+000 2.220446049250313e-016 0.000000000000000e+000
4.898562091503273e+000 -7.339605647192328e-001 2.874348790264265e-001 -3.490697640533670e-001 2.412416001230897e-001 2.951509252968096e-001 2.646789986313907e-001 7.001757421866612e-001 0.000000000000000e+000 -2.220446049250313e-016 0.000000000000000e+000
4.906633986928109e+000 -7.332612833178737e-001 2.826644020377889e-001 -3.490691454111731e-001 2.372003736644472e-001 3.015059705070898e-001 2.589845560392002e-001 6.854845070884454e-001 0.000000000000000e+000 2.220446049250313e-016 0.000000000000000e+000
4.914705882352946e+000 -7.321112743665864e-001 2.778088263720027e-001 -3.490689503983926e-001 2.336048190410045e-001 3.093026914143632e-001 2.524092664255769e-001 6.697174805449874e-001 0.000000000000000e+000 0.000000000000000e+000 0.000000000000000e+000
4.922777777777783e+000 -7.306313992758911e-001 2.730034777312258e-001 -3.490687924023657e-001 2.303606574853179e-001 3.189242842209167e-001 2.450292488007834e-001 6.532205483373955e-001 2.580956827951785e-008 -2.220446049250313e-016 0.000000000000000e+000
4.930849673202619e+000 -7.289577098821011e-001 2.684696777386189e-001 -3.490686623751696e-001 2.273105740131030e-001 3.305897142055569e-001 2.370600377975697e-001 6.363622348434811e-001 0.000000000000000e+000 0.000000000000000e+000 0.000000000000000e+000
4.938921568627456e+000 -7.272605685519975e-001 2.644738083884857e-001 -3.490685375838541e-001 2.242728290484870e-001 3.442996316522268e-001 2.288424318199170e-001 6.194623098376327e-001 -2.107342425544702e-008 0.000000000000000e+000 0.000000000000000e+000
4.946993464052293e+000 -7.256934433810047e-001 2.612581693228746e-001 -3.490683990426870e-001 2.210585406327741e-001 3.598571482665386e-001 2.207361015666339e-001 6.027647610685726e-001 0.000000000000000e+000 -2.220446049250313e-016 0.000000000000000e+000
4.955065359477129e+000 -7.243690839652009e-001 2.589665814057411e-001 -3.490682375998992e-001 2.174975191037940e-001 3.769337545584834e-001 2.130209748840983e-001 5.864158068242968e-001 0.000000000000000e+000 2.220446049250313e-016 0.000000000000000e+000
4.963137254901966e+000 -7.233624490562317e-001 2.576042642295366e-001 -3.490680562920850e-001 2.134596246367002e-001 3.951519841560237e-001 2.058593956368288e-001 5.704553450535769e-001 0.000000000000000e+000 0.000000000000000e+000 0.000000000000000e+000
4.971209150326803e+000 -7.227177112466841e-001 2.570374138887923e-001 -3.490678669506804e-001 2.088617863815554e-001 4.141603536988256e-001 1.993077304417380e-001 5.548370262986616e-001 0.000000000000000e+000 2.220446049250313e-016 0.000000000000000e+000
4.979281045751639e+000 -7.224569569041520e-001 2.570224209138852e-001 -3.490676835197230e-001 2.036636681721586e-001 4.336727795356456e-001 1.933474689858582e-001 5.394722796306577e-001 0.000000000000000e+000 0.000000000000000e+000 0.000000000000000e+000
4.987352941176476e+000 -7.225895530425758e-001 2.572527887664622e-001 -3.490675164217357e-001 1.978631271103550e-001 4.534769994437706e-001 1.879198027018364e-001 5.242743867833293e-001 0.000000000000000e+000 -4.440892098500626e-016 0.000000000000000e+000
4.995424836601313e+000 -7.231149627391091e-001 2.574145593696626e-001 -3.490673707030931e-001 1.915001215330334e-001 4.734425598860277e-001 1.829606774387117e-001 5.091822561904336e-001 0.000000000000000e+000 -2.220446049250313e-016 0.000000000000000e+000
5.003496732026149e+000 -7.240192257410775e-001 2.572453330083433e-001 -3.490672476759816e-001 1.846662910393484e-001 4.935365107503604e-001 1.784302847172024e-001 4.941549676132215e-001 0.000000000000000e+000 0.000000000000000e+000 0.000000000000000e+000
5.011568627450986e+000 -7.252642844998842e-001 2.565812839145725e-001 -3.490671473980061e-001 1.775042448208959e-001 5.138199716298841e-001 1.743193881592099e-001 4.791451215379633e-001 -1.490116119384766e-008 4.440892098500626e-016 0.000000000000000e+000
5.019640522875823e+000 -7.267755630752703e-001 2.553693865010795e-001 -3.490670690059568e-001 1.701881752776173e-001 5.344115551484540e-001 1.706292726991153e-001 4.640753639169609e-001 0.000000000000000e+000 -6.661338147750939e-016 0.000000000000000e+000
5.027712418300659e+000 -7.284403526354210e-001 2.536514032109645e-001 -3.490670093769831e-001 1.628997144077578e-001 5.554593838203236e-001 1.673515115815598e-001 4.488341752294661e-001 -2.580956827951785e-008 2.220446049250313e-016 0.000000000000000e+000
5.035784313725496e+000 -7.301196295574860e-001 2.515463681065639e-001 -3.490669630928125e-001 1.558115030922953e-001 5.771490526705929e-001 1.644672717539765e-001 4.332852296574467e-001 0.000000000000000e+000 -2.220446049250313e-016 0.000000000000000e+000
5.043856209150333e+000 -7.316778618976870e-001 2.492300256461562e-001 -3.490669242013523e-001 1.490689174084021e-001 5.996977198020882e-001 1.619521952959949e-001 4.172893549942902e-001 2.580956827951785e-008 -2.220446049250313e-016 0.000000000000000e+000
5.051928104575169e+000 -7.330269971539716e-001 2.468968833983218e-001 -3.490668880047828e-001 1.427589803674518e-001 6.233077823755321e-001 1.597683157900059e-001 4.007495266010858e-001 2.107342425544702e-008 0.000000000000000e+000 0.000000000000000e+000
5.060000000000006e+000 -7.341471331229539e-001 2.447170338382860e-001 -3.490668518423264e-001 1.368812810592299e-001 6.481196554601703e-001 1.578545317935827e-001 3.836646269464351e-001 2.107342425544702e-008 6.661338147750939e-016 0.000000000000000e+000
5.068071895424843e+000 -7.350622910284801e-001 2.428069133749577e-001 -3.490668148146502e-001 1.313470148761331e-001 6.741703239776002e-001 1.561354209555319e-001 3.661576480472959e-001 0.000000000000000e+000 6.661338147750939e-016 0.000000000000000e+000
5.076143790849679e+000 -7.358046124064244e-001 2.412199151444141e-001 -3.490667768908423e-001 1.260087335061328e-001 7.013474986478701e-001 1.545390148029384e-001 3.484658076994858e-001 0.000000000000000e+000 -2.220446049250313e-016 0.000000000000000e+000
5.084215686274516e+000 -7.364033600282302e-001 2.399552381148640e-001 -3.490667378214316e-001 1.207033844046732e-001 7.293818945599440e-001 1.530048914693121e-001 3.309013782538483e-001 0.000000000000000e+000 6.661338147750939e-016 0.000000000000000e+000
5.092287581699353e+000 -7.368994369346051e-001 2.389735946764862e-001 -3.490666965647192e-001 1.152907789356714e-001 7.579038195095826e-001 1.514836586366903e-001 3.138020118009392e-001 0.000000000000000e+000 -2.220446049250313e-016 0.000000000000000e+000
5.100359477124189e+000 -7.373635324015019e-001 2.382091651494689e-001 -3.490666519606414e-001 1.096737374209513e-001 7.865242772931016e-001 1.499324196535348e-001 2.974931090332628e-001 2.107342425544702e-008 0.000000000000000e+000 0.000000000000000e+000
5.108431372549026e+000 -7.378880409813977e-001 2.375827213232900e-001 -3.490666037616372e-001 1.037983070230100e-001 8.148961142631522e-001 1.483044088723598e-001 2.822656030272349e-001 0.000000000000000e+000 -2.220446049250313e-016 0.000000000000000e+000
5.116503267973863e+000 -7.385488499009482e-001 2.370227343205893e-001 -3.490665525894750e-001 9.764219423587961e-002 8.427249192097795e-001 1.465404459295459e-001 2.683569503776573e-001 -1.490116119384766e-008 4.440892098500626e-016 0.000000000000000e+000
5.124575163398699e+000 -7.393744261243030e-001 2.364852578529879e-001 -3.490664991400658e-001 9.120005048560254e-002 8.697013060248713e-001 1.445734747824182e-001 2.559281671750004e-001 3.332000937312528e-008 4.440892098500626e-016 0.000000000000000e+000
5.132647058823536e+000 -7.403475020924155e-001 2.359632144716388e-001 -3.490664439171453e-001 8.447527837051960e-002 8.954026200924693e-001 1.423414457824340e-001 2.450446078869283e-001 0.000000000000000e+000 6.661338147750939e-016 0.000000000000000e+000
5.140718954248372e+000 -7.414253299211162e-001 2.354920220528978e-001 -3.490663875785043e-001 7.748193237489720e-002 9.192859808413993e-001 1.397998176454126e-001 2.356809405350069e-001 0.000000000000000e+000 4.440892098500626e-016 0.000000000000000e+000
5.148790849673209e+000 -7.425566663211204e-001 2.351463972727625e-001 -3.490663311220165e-001 7.025107886039583e-002 9.408096911648922e-001 1.369316848412609e-001 2.277523781302717e-001 0.000000000000000e+000 4.440892098500626e-016 0.000000000000000e+000
5.156862745098046e+000 -7.436896293753776e-001 2.350073593545685e-001 -3.490662758248913e-001 6.283442326838973e-002 9.595817994191477e-001 1.337498525987048e-001 2.211480669596816e-001 2.580956827951785e-008 -8.881784197001252e-016 0.000000000000000e+000
5.164934640522882e+000 -7.447785222275548e-001 2.351057457204653e-001 -3.490662231685148e-001 5.529581968579667e-002 9.753880692830163e-001 1.302836639742188e-001 2.157616500053957e-001 0.000000000000000e+000 2.220446049250313e-016 0.000000000000000e+000
5.173006535947719e+000 -7.457909628484877e-001 2.353836696877782e-001 -3.490661746934877e-001 4.768913254071672e-002 9.880678438719753e-001 1.265564580385699e-001 2.115298198283586e-001 -2.580956827951785e-008 4.440892098500626e-016 0.000000000000000e+000
5.181078431372556e+000 -7.467049887666519e-001 2.357080760883701e-001 -3.490661317096587e-001 4.004001197505680e-002 9.974035696446103e-001 1.225710834794137e-001 2.084578508278885e-001 0.000000000000000e+000 -4.440892098500626e-016 0.000000000000000e+000
5.189150326797392e+000 -7.474983748967721e-001 2.359273861557185e-001 -3.490660948865287e-001 3.234794307658961e-002 1.003186950337080e+000 1.183114731421305e-001 2.066008640180195e-001 0.000000000000000e+000 -2.220446049250313e-016 0.000000000000000e+000
5.197222222222229e+000 -7.481466883302189e-001 2.359315154734896e-001 -3.490660639502786e-001 2.460262138083746e-002 1.005397865894374e+000 1.137555408937149e-001 2.060125990102068e-001 0.000000000000000e+000 0.000000000000000e+000 0.000000000000000e+000
5.205294117647066e+000 -7.486316023554959e-001 2.356799570461134e-001 -3.490660377480366e-001 1.679713218198509e-002 1.004299245634971e+000 1.088922697138601e-001 2.067033165501659e-001 0.000000000000000e+000 0.000000000000000e+000 0.000000000000000e+000
5.213366013071902e+000 -7.489460365723810e-001 2.351905850184861e-001 -3.490660145832684e-001 8.931142932078418e-003 1.000382304771477e+000 1.037343148112511e-001 2.086288271252806e-001 -1.490116119384766e-008 -6.661338147750939e-016 0.000000000000000e+000
5.221437908496739e+000 -7.490957446422498e-001 2.345111768251258e-001 -3.490659925448207e-001 1.010511073019860e-003 9.942584124220141e-001 9.831836847573637e-002 2.117016304576906e-001 0.000000000000000e+000 -4.440892098500626e-016 0.000000000000000e+000
5.229509803921576e+000 -7.491086503925081e-001 2.336981766404231e-001 -3.490659697404223e-001 -6.949984054430036e-003 9.865735769281301e-001 9.269413202501585e-002 2.158056700680436e-001 0.000000000000000e+000 4.440892098500626e-016 0.000000000000000e+000
5.237581699346412e+000 -7.490544489593285e-001 2.328076989178436e-001 -3.490659445342054e-001 -1.491944490021591e-002 9.779620997369445e-001 8.691480188069820e-002 2.207993238790112e-001 0.000000000000000e+000 -4.440892098500626e-016 0.000000000000000e+000
5.245653594771249e+000 -7.498087246058258e-001 2.318879207288982e-001 -3.490658896460391e-001 -2.239528336518637e-002 9.697081505242094e-001 8.136248956601166e-002 2.259006716131863e-001 3.332000937312528e-008 0.000000000000000e+000 0.000000000000000e+000
5.253725490196086e+000 -7.492581928272336e-001 2.310318075545914e-001 -3.490658836463076e-001 -3.066316919900025e-002 9.606103550427425e-001 7.512930225399263e-002 2.327342774561712e-001 0.000000000000000e+000 4.440892098500626e-016 0.000000000000000e+000
5.261797385620922e+000 -7.498001608070068e-001 2.302895289989135e-001 -3.490658495528617e-001 -3.830062754066388e-002 9.532923607829272e-001 6.926108721162086e-002 2.392602104365383e-001 -3.650024149988857e-008 2.220446049250313e-016 0.000000000000000e+000
5.269869281045759e+000 -7.506586063624976e-001 2.297305653937054e-001 -3.490658139284869e-001 -4.575054329096462e-002 9.474425920455009e-001 6.345834156085824e-002 2.459563929938519e-001 0.000000000000000e+000 -6.661338147750939e-016 0.000000000000000e+000
5.277941176470596e+000 -7.527941694311658e-001 2.293814668779528e-001 -3.490676363786885e-001 -5.247679091673518e-002 9.434622438338464e-001 5.812053179813113e-002 2.519809491066377e-001 0.000000000000000e+000 6.661338147750939e-016 0.000000000000000e+000
5.286013071895432e+000 -7.529783888384598e-001 2.291651357468214e-001 -3.490657352836904e-001 -6.006847028187168e-002 9.388662196132267e-001 5.206240523471047e-002 2.594011512068848e-001 -2.107342425544702e-008 6.661338147750939e-016 0.000000000000000e+000
5.294084967320269e+000 -7.542476521413402e-001 2.291163503953009e-001 -3.490657064545447e-001 -6.689351132122345e-002 9.350092624253068e-001 4.647193677190650e-002 2.659279420925149e-001 0.000000000000000e+000 -2.220446049250313e-016 0.000000000000000e+000
5.302156862745106e+000 -7.554584798418118e-001 2.292748219170551e-001 -3.490656715626109e-001 -7.344956741665687e-002 9.313509074719997e-001 4.099758732491534e-002 2.721930172635453e-001 0.000000000000000e+000 -2.220446049250313e-016 0.000000000000000e+000
5.310228758169942e+000 -7.565717900241044e-001 2.297564221250492e-001 -3.490656392201914e-001 -7.964229774879295e-002 9.286057552832656e-001 3.575709097146682e-002 2.780453058990061e-001 0.000000000000000e+000 0.000000000000000e+000 0.000000000000000e+000
5.318300653594779e+000 -7.575364997267351e-001 2.306679180664724e-001 -3.490656118639757e-001 -8.536171184563801e-002 9.275571833997069e-001 3.089456574931547e-002 2.833314809663255e-001 0.000000000000000e+000 4.440892098500626e-016 0.000000000000000e+000
5.326372549019616e+000 -7.582961033889534e-001 2.320411126822659e-001 -3.490655922163684e-001 -9.049583225554558e-002 9.285466177367715e-001 2.654819760516424e-002 2.879192382024599e-001 -2.107342425544702e-008 -1.110223024625157e-015 0.000000000000000e+000
5.334444444444452e+000 -7.587911691859554e-001 2.338125965309805e-001 -3.490655820315995e-001 -9.494677634881810e-002 9.313747169305805e-001 2.282584070906782e-002 2.917257575361231e-001 0.000000000000000e+000 -6.661338147750939e-016 0.000000000000000e+000
5.342516339869289e+000 -7.589745455351574e-001 2.358329816503535e-001 -3.490655814097557e-001 -9.863036432579930e-002 9.355026941230289e-001 1.979883343763227e-002 2.947141114861493e-001 0.000000000000000e+000 0.000000000000000e+000 0.000000000000000e+000
5.350588235294126e+000 -7.588329913934953e-001 2.378861259139820e-001 -3.490655883942812e-001 -1.014647158102735e-001 9.403106596580507e-001 1.750564410278116e-002 2.968642974889177e-001 0.000000000000000e+000 0.000000000000000e+000 0.000000000000000e+000
5.358660130718962e+000 -7.584025196823445e-001 2.397239035488437e-001 -3.490655989943393e-001 -1.033656570676571e-001 9.452962263874910e-001 1.596113362316943e-002 2.981460314753875e-001 3.332000937312528e-008 -2.220446049250313e-016 0.000000000000000e+000
5.366732026143799e+000 -7.577605575013591e-001 2.411132724503482e-001 -3.490656085958782e-001 -1.042596735182948e-001 9.501738074808244e-001 1.516915056174163e-002 2.985069633223521e-001 -3.332000937312528e-008 -2.220446049250313e-016 0.000000000000000e+000
5.374803921568636e+000 -7.569914615256530e-001 2.418741637495194e-001 -3.490656144323167e-001 -1.041046057937523e-001 9.549068310362691e-001 1.513289165763349e-002 2.978745407447033e-001 -1.490116119384766e-008 -4.440892098500626e-016 0.000000000000000e+000
5.382875816993472e+000 -7.561494253834219e-001 2.418858862385886e-001 -3.490656170120842e-001 -1.029041916453131e-001 9.596217010327049e-001 1.585332031568160e-002 2.961717219346441e-001 2.580956827951785e-008 0.000000000000000e+000 0.000000000000000e+000
5.390947712418309e+000 -7.552491958704195e-001 2.410735836891893e-001 -3.490656193170514e-001 -1.007144070926482e-001 9.644162391571414e-001 1.731278570827180e-002 2.933432651531772e-001 0.000000000000000e+000 -2.220446049250313e-016 0.000000000000000e+000
5.399019607843146e+000 -7.542907232713872e-001 2.394101055129578e-001 -3.490656246637820e-001 -9.764872004409719e-002 9.692567283161750e-001 1.945710996596919e-002 2.893878610852892e-001 -2.980232238769531e-008 2.220446049250313e-016 0.000000000000000e+000
5.407091503267982e+000 -7.532944309021632e-001 2.369345447244573e-001 -3.490656347911236e-001 -9.388022582018007e-002 9.740154296671295e-001 2.219316492135885e-002 2.843882102668090e-001 0.000000000000000e+000 2.220446049250313e-016 0.000000000000000e+000
5.415163398692819e+000 -7.523163492178375e-001 2.337618508656056e-001 -3.490656490971568e-001 -8.962155576857822e-002 9.785422178208963e-001 2.540321520463183e-002 2.785195549988606e-001 -1.490116119384766e-008 2.220446049250313e-016 0.000000000000000e+000
5.423235294117656e+000 -7.514409179913076e-001 2.300649893286426e-001 -3.490656650552567e-001 -8.508723572518839e-002 9.826940825946107e-001 2.896013161613645e-002 2.720307986764779e-001 -2.980232238769531e-008 -4.440892098500626e-016 0.000000000000000e+000
5.431307189542492e+000 -7.507766118959716e-001 2.260344576229505e-001 -3.490656793954718e-001 -8.047742082283071e-002 9.863167776300363e-001 3.273630982419176e-002 2.652171956622512e-001 1.490116119384766e-008 -8.881784197001252e-016 0.000000000000000e+000
5.439379084967329e+000 -7.504502164638237e-001 2.218582765708974e-001 -3.490656895967832e-001 -7.598086637144075e-002 9.893372147139270e-001 3.662528599133878e-002 2.583893696426296e-001 1.490116119384766e-008 -8.881784197001252e-016 0.000000000000000e+000
5.447450980392166e+000 -7.505734641330197e-001 2.177465368578182e-001 -3.490656949526989e-001 -7.175585500332038e-002 9.920590115926771e-001 4.058504968906194e-002 2.518298938413367e-001 0.000000000000000e+000 -2.220446049250313e-016 0.000000000000000e+000
5.455522875817002e+000 -7.511928188683466e-001 2.139522394434987e-001 -3.490656966318033e-001 -6.789224433020036e-002 9.953346974894328e-001 4.466911468285118e-002 2.457540236146664e-001 0.000000000000000e+000 -2.220446049250313e-016 0.000000000000000e+000
5.463594771241839e+000 -7.522528780457035e-001 2.107323512742396e-001 -3.490656971829344e-001 -6.438434309125052e-002 1.000238063822851e+000 4.901017877822317e-002 2.402936476401457e-001 0.000000000000000e+000 4.440892098500626e-016 0.000000000000000e+000
5.471666666666676e+000 -7.535890327610280e-001 2.082625989564497e-001 -3.490657001008685e-001 -6.111943838579870e-002 1.007427967992038e+000 5.377126589298518e-002 2.354919331469741e-001 -2.107342425544702e-008 4.440892098500626e-016 0.000000000000000e+000
