---- AnyBody Output File ---------------------------------
Study: Main.Studies.MotionOptimization
Operation: Main.Studies.MotionOptimization.Kinematics
----------------------------------------------------------
Constants (Name = Value): 
Main.Studies.KinematicStudyForParameterIdentification.JointAngleOutputs.OutputFile7.FileName = "..\Input\Subjects\PS\Overground Gait Trials\PS_ngait_og_ss3\PS_ngait_og_ss3-output-euler-rightarm.txt"
Main.Studies.KinematicStudyForParameterIdentification.JointAngleOutputs.OutputFile7.NumberFormat.Digits = 15
Main.Studies.KinematicStudyForParameterIdentification.JointAngleOutputs.OutputFile7.NumberFormat.Width = 22
Main.Studies.KinematicStudyForParameterIdentification.JointAngleOutputs.OutputFile7.NumberFormat.Style = ScientificNumber
Main.Studies.KinematicStudyForParameterIdentification.JointAngleOutputs.OutputFile7.NumberFormat.FormatStr = "%22.15e"
Main.Studies.KinematicStudyForParameterIdentification.JointAngleOutputs.OutputFile7.Search = 
Main.Studies.KinematicStudyForParameterIdentification.JointAngleOutputs.OutputFile7.Format = 0
Main.Studies.KinematicStudyForParameterIdentification.JointAngleOutputs.OutputFile7.SepSign = " "
Main.Studies.KinematicStudyForParameterIdentification.JointAngleOutputs.OutputFile7.LineSepSign = ""
Main.Studies.KinematicStudyForParameterIdentification.JointAngleOutputs.OutputFile7.Header.TitleSectionOnOff = On
Main.Studies.KinematicStudyForParameterIdentification.JointAngleOutputs.OutputFile7.Header.ConstSectionOnOff = On
Main.Studies.KinematicStudyForParameterIdentification.JointAngleOutputs.OutputFile7.Header.ConstSectionSaveOptionsOnOff = On
Main.Studies.KinematicStudyForParameterIdentification.JointAngleOutputs.OutputFile7.Header.VarSectionOnOff = On
Main.Studies.KinematicStudyForParameterIdentification.JointAngleOutputs.OutputFile7.Header.ColumnNamesOnOff = On
Main.Studies.KinematicStudyForParameterIdentification.JointAngleOutputs.OutputFile7.Header.LinePrefix = ""
Main.Studies.KinematicStudyForParameterIdentification.JointAngleOutputs.OutputFile7.ConstSectionSaveOptionsOnOff = On
----------------------------------------------------------
Variables (Column# Name): 
col0  Main.Studies.MotionOptimization.t
col1  Main.Studies.KinematicStudyForParameterIdentification.JointAngleOutputs.OutputFile7.SternoClavicularProtraction
col2  Main.Studies.KinematicStudyForParameterIdentification.JointAngleOutputs.OutputFile7.SternoClavicularElevation
col3  Main.Studies.KinematicStudyForParameterIdentification.JointAngleOutputs.OutputFile7.SternoClavicularAxialRotation
col4  Main.Studies.KinematicStudyForParameterIdentification.JointAngleOutputs.OutputFile7.GlenohumeralFlexion
col5  Main.Studies.KinematicStudyForParameterIdentification.JointAngleOutputs.OutputFile7.GlenohumeralExternalRotation
col6  Main.Studies.KinematicStudyForParameterIdentification.JointAngleOutputs.OutputFile7.GlenohumeralAbduction
col7  Main.Studies.KinematicStudyForParameterIdentification.JointAngleOutputs.OutputFile7.ElbowFlexion
col8  Main.Studies.KinematicStudyForParameterIdentification.JointAngleOutputs.OutputFile7.ElbowPronation
col9  Main.Studies.KinematicStudyForParameterIdentification.JointAngleOutputs.OutputFile7.WristFlexion
col10  Main.Studies.KinematicStudyForParameterIdentification.JointAngleOutputs.OutputFile7.WristAbduction
----------------------------------------------------------
Main.Studies.MotionOptimization.t Main.Studies.KinematicStudyForParameterIdentification.JointAngleOutputs.OutputFile7.SternoClavicularProtraction Main.Studies.KinematicStudyForParameterIdentification.JointAngleOutputs.OutputFile7.SternoClavicularElevation Main.Studies.KinematicStudyForParameterIdentification.JointAngleOutputs.OutputFile7.SternoClavicularAxialRotation Main.Studies.KinematicStudyForParameterIdentification.JointAngleOutputs.OutputFile7.GlenohumeralFlexion Main.Studies.KinematicStudyForParameterIdentification.JointAngleOutputs.OutputFile7.GlenohumeralExternalRotation Main.Studies.KinematicStudyForParameterIdentification.JointAngleOutputs.OutputFile7.GlenohumeralAbduction Main.Studies.KinematicStudyForParameterIdentification.JointAngleOutputs.OutputFile7.ElbowFlexion Main.Studies.KinematicStudyForParameterIdentification.JointAngleOutputs.OutputFile7.ElbowPronation Main.Studies.KinematicStudyForParameterIdentification.JointAngleOutputs.OutputFile7.WristFlexion Main.Studies.KinematicStudyForParameterIdentification.JointAngleOutputs.OutputFile7.WristAbduction
4.236666666666666e+000 -5.297743963001396e-001 3.167761186460778e-001 -3.490658503982010e-001 3.777715347419111e-001 2.256583019027105e-001 2.497092685078104e-001 7.336263115417736e-001 3.650024149988857e-008 0.000000000000000e+000 0.000000000000000e+000
4.244738562091503e+000 -5.273828546692345e-001 3.169005508034213e-001 -3.490670002112810e-001 3.786733671323654e-001 2.197356998185903e-001 2.491362699822597e-001 7.313707969853891e-001 -1.490116119384766e-008 2.220446049250313e-016 0.000000000000000e+000
4.252810457516340e+000 -5.254047460481264e-001 3.168234414042683e-001 -3.490669983598808e-001 3.787593273431664e-001 2.141617002138513e-001 2.483514636982688e-001 7.281116477409818e-001 -2.107342425544702e-008 -4.440892098500626e-016 0.000000000000000e+000
4.260882352941176e+000 -5.235665764408958e-001 3.167319996883709e-001 -3.490670013201013e-001 3.779332363547121e-001 2.087590591048086e-001 2.473338964275538e-001 7.238503360488189e-001 1.490116119384766e-008 -2.220446049250313e-016 0.000000000000000e+000
4.268954248366013e+000 -5.220404800513581e-001 3.165471310142229e-001 -3.490669889324024e-001 3.763939669221150e-001 2.033879661356161e-001 2.461572444321049e-001 7.182913758534316e-001 -3.332000937312528e-008 -6.661338147750939e-016 0.000000000000000e+000
4.277026143790850e+000 -5.209675790687596e-001 3.161189200048402e-001 -3.490669621792289e-001 3.743486411753982e-001 1.978848211232812e-001 2.448429640307193e-001 7.111927394786424e-001 1.490116119384766e-008 0.000000000000000e+000 0.000000000000000e+000
4.285098039215686e+000 -5.204203363699343e-001 3.152576467386306e-001 -3.490669239816352e-001 3.719723835974751e-001 1.920985289037315e-001 2.433619597688694e-001 7.024287730849642e-001 0.000000000000000e+000 -2.220446049250313e-016 0.000000000000000e+000
4.293169934640523e+000 -5.203731460861395e-001 3.137760544164707e-001 -3.490668791639094e-001 3.693686222160764e-001 1.859424760555651e-001 2.416376707538386e-001 6.920381853034464e-001 -2.107342425544702e-008 0.000000000000000e+000 0.000000000000000e+000
4.301241830065360e+000 -5.206973696853339e-001 3.115193014817526e-001 -3.490668335499583e-001 3.665502168239538e-001 1.794259570472491e-001 2.395501966757818e-001 6.802390923581353e-001 0.000000000000000e+000 2.220446049250313e-016 0.000000000000000e+000
4.309313725490196e+000 -5.211895543693722e-001 3.083793806673927e-001 -3.490667927834394e-001 3.634486309896015e-001 1.726621824231933e-001 2.369473829095701e-001 6.673977447921786e-001 1.490116119384766e-008 2.220446049250313e-016 0.000000000000000e+000
4.317385620915033e+000 -5.216231407612449e-001 3.043063763144118e-001 -3.490667608286242e-001 3.599382247230030e-001 1.658689530906037e-001 2.336688864011704e-001 6.539661344444423e-001 1.490116119384766e-008 0.000000000000000e+000 0.000000000000000e+000
4.325457516339870e+000 -5.217953193397477e-001 2.993228598279918e-001 -3.490667388856187e-001 3.558633987226667e-001 1.593538837136461e-001 2.295825326866672e-001 6.404202249640957e-001 1.490116119384766e-008 0.000000000000000e+000 0.000000000000000e+000
4.333529411764706e+000 -5.215526441054443e-001 2.935401515574880e-001 -3.490667252041470e-001 3.510727313444773e-001 1.534780458026648e-001 2.246187876169681e-001 6.272036433292670e-001 -2.980232238769531e-008 0.000000000000000e+000 0.000000000000000e+000
4.341601307189543e+000 -5.208058814919109e-001 2.871707771514420e-001 -3.490667154633255e-001 3.454572318276334e-001 1.486086757441300e-001 2.187912163474310e-001 6.146692434113358e-001 0.000000000000000e+000 2.220446049250313e-016 0.000000000000000e+000
4.349673202614380e+000 -5.195477986553695e-001 2.805232402024660e-001 -3.490667037358222e-001 3.389770019232488e-001 1.450668063256658e-001 2.122037078488091e-001 6.030256919479666e-001 0.000000000000000e+000 0.000000000000000e+000 0.000000000000000e+000
4.357745098039216e+000 -5.178681206212372e-001 2.739660250484222e-001 -3.490666842747903e-001 3.316725659268396e-001 1.430742202500341e-001 2.050421835132707e-001 5.922956217685527e-001 0.000000000000000e+000 2.220446049250313e-016 0.000000000000000e+000
4.365816993464053e+000 -5.159482450428621e-001 2.678622932565402e-001 -3.490666536284798e-001 3.236673433663513e-001 1.427164172134351e-001 1.975403560379948e-001 5.822949575711907e-001 -3.332000937312528e-008 -2.220446049250313e-016 0.000000000000000e+000
4.373888888888890e+000 -5.140319798276510e-001 2.624943179567874e-001 -3.490666119407643e-001 3.151587039432569e-001 1.439482666902413e-001 1.899244062674284e-001 5.726581064426698e-001 -2.107342425544702e-008 4.440892098500626e-016 0.000000000000000e+000
4.381960784313726e+000 -5.123861632874963e-001 2.580069815784618e-001 -3.490665626680820e-001 3.063907834637223e-001 1.466433003286638e-001 1.823660482082052e-001 5.629188536479320e-001 -2.107342425544702e-008 -4.440892098500626e-016 0.000000000000000e+000
4.390032679738563e+000 -5.112579643973106e-001 2.543898732281722e-001 -3.490665110167806e-001 2.976119270511730e-001 1.506438469084941e-001 1.749694361162560e-001 5.526195538516736e-001 0.000000000000000e+000 0.000000000000000e+000 0.000000000000000e+000
4.398104575163400e+000 -5.108209182556255e-001 2.514980222296663e-001 -3.490664619739530e-001 2.890271247099470e-001 1.557796154693427e-001 1.677861659089436e-001 5.414123884761297e-001 0.000000000000000e+000 2.220446049250313e-016 0.000000000000000e+000
4.406176470588236e+000 -5.111125308525905e-001 2.491027283131424e-001 -3.490664187084409e-001 2.807569197942832e-001 1.618681791723410e-001 1.608326271706451e-001 5.291342127489336e-001 0.000000000000000e+000 0.000000000000000e+000 0.000000000000000e+000
4.414248366013073e+000 -5.120021040277549e-001 2.469585489635953e-001 -3.490663818038746e-001 2.728135981429924e-001 1.687121473026155e-001 1.541029058184312e-001 5.158468579383734e-001 0.000000000000000e+000 4.440892098500626e-016 0.000000000000000e+000
4.422320261437910e+000 -5.132309895614959e-001 2.448627290101402e-001 -3.490663495446335e-001 2.651022098387843e-001 1.760898616985015e-001 1.475906466298078e-001 5.018305639851086e-001 0.000000000000000e+000 4.440892098500626e-016 0.000000000000000e+000
4.430392156862746e+000 -5.145058886900684e-001 2.426875578616530e-001 -3.490663194383017e-001 2.574440587898899e-001 1.837488868771673e-001 1.413158174553968e-001 4.875284917012612e-001 0.000000000000000e+000 4.440892098500626e-016 0.000000000000000e+000
4.438464052287583e+000 -5.155843240994704e-001 2.403911064398407e-001 -3.490662902563920e-001 2.496139114024576e-001 1.914182174366498e-001 1.353370349939956e-001 4.734646974348395e-001 -2.980232238769531e-008 -2.220446049250313e-016 0.000000000000000e+000
4.446535947712420e+000 -5.163280421406122e-001 2.380189723466024e-001 -3.490662626800550e-001 2.413919178058153e-001 1.988488984766026e-001 1.297426317047939e-001 4.601488732065765e-001 0.000000000000000e+000 -2.220446049250313e-016 0.000000000000000e+000
4.454607843137256e+000 -5.167326145428761e-001 2.356870139009863e-001 -3.490662379270337e-001 2.326254181134519e-001 2.058785284262802e-001 1.246280135102050e-001 4.479717677532052e-001 -2.580956827951785e-008 -4.440892098500626e-016 0.000000000000000e+000
4.462679738562093e+000 -5.169254783583831e-001 2.335332433780144e-001 -3.490662161602587e-001 2.232563359818927e-001 2.124563372226758e-001 1.200755089076005e-001 4.371513047044686e-001 2.980232238769531e-008 -2.220446049250313e-016 0.000000000000000e+000
4.470751633986930e+000 -5.171239076490073e-001 2.316588666725634e-001 -3.490661963060313e-001 2.132730158467180e-001 2.185519444143653e-001 1.161507016271655e-001 4.278027451052265e-001 0.000000000000000e+000 2.220446049250313e-016 0.000000000000000e+000
4.478823529411766e+000 -5.175677661549016e-001 2.301014730098783e-001 -3.490661770238636e-001 2.026425637195681e-001 2.240413980796562e-001 1.129020882102998e-001 4.200441440741358e-001 0.000000000000000e+000 -4.440892098500626e-016 0.000000000000000e+000
4.486895424836603e+000 -5.184474873486744e-001 2.288587524894417e-001 -3.490661576712479e-001 1.913208781254068e-001 2.287659852568681e-001 1.103416277550718e-001 4.139608748753377e-001 0.000000000000000e+000 8.881784197001252e-016 0.000000000000000e+000
4.494967320261440e+000 -5.198479997478642e-001 2.279205070479624e-001 -3.490661385213936e-001 1.793102450789201e-001 2.326992624968470e-001 1.084213669108427e-001 4.094901210209438e-001 0.000000000000000e+000 2.220446049250313e-016 0.000000000000000e+000
4.503039215686276e+000 -5.217299058508146e-001 2.272593339729798e-001 -3.490661203648297e-001 1.666623623855366e-001 2.359722825843817e-001 1.070330698106907e-001 4.064367735178567e-001 0.000000000000000e+000 2.220446049250313e-016 0.000000000000000e+000
4.511111111111113e+000 -5.239516598188709e-001 2.267988257319140e-001 -3.490661040401961e-001 1.534425899447875e-001 2.387608820876033e-001 1.060245442416657e-001 4.045901358945719e-001 0.000000000000000e+000 0.000000000000000e+000 0.000000000000000e+000
4.519183006535950e+000 -5.263225861380083e-001 2.264065531232369e-001 -3.490660900783674e-001 1.397286570787242e-001 2.412127035927878e-001 1.052221801099266e-001 4.037627054287012e-001 -1.490116119384766e-008 2.220446049250313e-016 0.000000000000000e+000
4.527254901960786e+000 -5.286701057224490e-001 2.259193096840382e-001 -3.490660784092944e-001 1.256300234658574e-001 2.434358503069085e-001 1.044616520663196e-001 4.037527720683068e-001 0.000000000000000e+000 2.220446049250313e-016 0.000000000000000e+000
4.535326797385623e+000 -5.308860994899550e-001 2.251896244378477e-001 -3.490660683537883e-001 1.112856842970971e-001 2.454913861239122e-001 1.036165675500307e-001 4.043344032054771e-001 0.000000000000000e+000 0.000000000000000e+000 0.000000000000000e+000
4.543398692810460e+000 -5.329271464296912e-001 2.241393382163619e-001 -3.490660590187590e-001 9.684057861024620e-002 2.473835630601594e-001 1.026161854446451e-001 4.052935229381995e-001 0.000000000000000e+000 -2.220446049250313e-016 0.000000000000000e+000
4.551470588235296e+000 -5.347908664887451e-001 2.227841646273427e-001 -3.490660496935401e-001 8.241448763305370e-002 2.490605651712603e-001 1.014527193162390e-001 4.064698473790877e-001 0.000000000000000e+000 -2.220446049250313e-016 0.000000000000000e+000
4.559542483660133e+000 -5.364997873049886e-001 2.212077788123361e-001 -3.490660399623215e-001 6.808140290276632e-002 2.504530851157061e-001 1.001652191011082e-001 4.077689601952124e-001 0.000000000000000e+000 -2.220446049250313e-016 0.000000000000000e+000
4.567614379084970e+000 -5.380911047100621e-001 2.195170722458490e-001 -3.490660297458352e-001 5.387550710540667e-002 2.515583251874679e-001 9.879606225648989e-002 4.091372917157266e-001 1.490116119384766e-008 6.661338147750939e-016 0.000000000000000e+000
4.575686274509806e+000 -5.396041872034960e-001 2.178183169099817e-001 -3.490660193149620e-001 3.981341846198028e-002 2.525042680523336e-001 9.735375456915579e-002 4.105285497394886e-001 0.000000000000000e+000 -2.220446049250313e-016 0.000000000000000e+000
4.583758169934643e+000 -5.410722953558866e-001 2.162130345361084e-001 -3.490660090729528e-001 2.591158602302790e-002 2.535247595248373e-001 9.581321563491597e-002 4.118904254525856e-001 0.000000000000000e+000 4.440892098500626e-016 0.000000000000000e+000
4.591830065359480e+000 -5.425210988186794e-001 2.147969410145656e-001 -3.490659992690133e-001 1.219539495431521e-002 2.548679231169104e-001 9.414250299125310e-002 4.131677721042020e-001 0.000000000000000e+000 0.000000000000000e+000 0.000000000000000e+000
4.599901960784316e+000 -5.439653491382194e-001 2.136561675305901e-001 -3.490659899778827e-001 -1.296952154837161e-003 2.567095484483200e-001 9.232516639602684e-002 4.143100882884353e-001 1.490116119384766e-008 -2.220446049250313e-016 0.000000000000000e+000
4.607973856209153e+000 -5.454013456960134e-001 2.128534822079522e-001 -3.490659812895771e-001 -1.451581950033609e-002 2.591078415734661e-001 9.036205558747704e-002 4.152814672660055e-001 0.000000000000000e+000 -4.440892098500626e-016 0.000000000000000e+000
4.616045751633989e+000 -5.468066638318627e-001 2.124059333334334e-001 -3.490659733867315e-001 -2.740084181678548e-002 2.620145737775887e-001 8.825588617986009e-002 4.160668714708756e-001 -1.490116119384766e-008 0.000000000000000e+000 0.000000000000000e+000
4.624117647058826e+000 -5.481531875066015e-001 2.122775211796109e-001 -3.490659663965577e-001 -3.987717422039694e-002 2.653414146447949e-001 8.599314751895215e-002 4.166639629280886e-001 0.000000000000000e+000 0.000000000000000e+000 0.000000000000000e+000
4.632189542483663e+000 -5.494215768545450e-001 2.124023958936219e-001 -3.490659602631776e-001 -5.185586324694125e-002 2.690220519688474e-001 8.354386269429767e-002 4.170633262144464e-001 0.000000000000000e+000 4.440892098500626e-016 0.000000000000000e+000
4.640261437908499e+000 -5.506027535323345e-001 2.127213632661393e-001 -3.490659548297642e-001 -6.324796900514729e-002 2.730115326759720e-001 8.088616370493740e-002 4.172385173650124e-001 0.000000000000000e+000 0.000000000000000e+000 0.000000000000000e+000
4.648333333333336e+000 -5.516906884713604e-001 2.132027309160574e-001 -3.490659499336279e-001 -7.398685145763584e-002 2.772477726725517e-001 7.803157825834770e-002 4.171587500385569e-001 0.000000000000000e+000 -2.220446049250313e-016 0.000000000000000e+000
4.656405228758173e+000 -5.526837849221095e-001 2.138370199692656e-001 -3.490659453845148e-001 -8.404152146267685e-002 2.816314739447366e-001 7.502473291251158e-002 4.168097262402246e-001 0.000000000000000e+000 -2.220446049250313e-016 0.000000000000000e+000
4.664477124183009e+000 -5.537113625060686e-001 2.146198454182400e-001 -3.490658506297143e-001 -9.331240012914122e-002 2.859776811277965e-001 7.194484059215783e-002 4.161035156723873e-001 0.000000000000000e+000 -2.220446049250313e-016 0.000000000000000e+000
4.672549019607846e+000 -5.545610512381488e-001 2.155146821278342e-001 -3.490658505397331e-001 -1.020280508869125e-001 2.902633392291352e-001 6.880268916887061e-002 4.152934231429641e-001 -2.980232238769531e-008 -4.440892098500626e-016 0.000000000000000e+000
4.680620915032683e+000 -5.554019960073865e-001 2.164683540756160e-001 -3.490658503765055e-001 -1.101145549115854e-001 2.942989643060979e-001 6.567020843248944e-002 4.143395792030608e-001 0.000000000000000e+000 0.000000000000000e+000 0.000000000000000e+000
4.688692810457519e+000 -5.562759343454831e-001 2.174096365517064e-001 -3.490658502048544e-001 -1.176098881805308e-001 2.979679648369585e-001 6.259280818159584e-002 4.133205101151476e-001 0.000000000000000e+000 -2.220446049250313e-016 0.000000000000000e+000
4.696764705882356e+000 -5.572095391453030e-001 2.182683052778858e-001 -3.490658500220630e-001 -1.245682101245498e-001 3.011847296642392e-001 5.961004478916600e-002 4.123178368048910e-001 0.000000000000000e+000 2.220446049250313e-016 0.000000000000000e+000
4.704836601307193e+000 -5.582051087965099e-001 2.189853544982672e-001 -3.490658498249111e-001 -1.310613232959634e-001 3.039050176468222e-001 5.675275647480973e-002 4.114083001407300e-001 0.000000000000000e+000 2.220446049250313e-016 0.000000000000000e+000
4.712908496732029e+000 -5.592476789319577e-001 2.195242814581699e-001 -3.490658496122905e-001 -1.371723642182696e-001 3.061199733388276e-001 5.405008140578322e-002 4.106672180996607e-001 -2.980232238769531e-008 -4.440892098500626e-016 0.000000000000000e+000
4.720980392156866e+000 -5.603271294597187e-001 2.198834066429289e-001 -3.490658493879670e-001 -1.429847972744729e-001 3.078497627697464e-001 5.154408118755966e-002 4.101763695063906e-001 -1.490116119384766e-008 -2.220446049250313e-016 0.000000000000000e+000
4.729052287581703e+000 -5.614562297512636e-001 2.201009404512608e-001 -3.490658491611072e-001 -1.485601811022006e-001 3.091533944103265e-001 4.929901398917999e-002 4.100073000962922e-001 0.000000000000000e+000 0.000000000000000e+000 0.000000000000000e+000
4.737124183006539e+000 -5.626647204799509e-001 2.202484911195719e-001 -3.490658489447242e-001 -1.539133553206917e-001 3.101256329719103e-001 4.739807873066772e-002 4.101834506269993e-001 0.000000000000000e+000 -2.220446049250313e-016 0.000000000000000e+000
4.745196078431376e+000 -5.639772903622299e-001 2.204116053713199e-001 -3.490658487549223e-001 -1.590085118658819e-001 3.108647065162166e-001 4.592879101945718e-002 4.106612678363296e-001 0.000000000000000e+000 4.440892098500626e-016 0.000000000000000e+000
4.753267973856213e+000 -5.654014880179505e-001 2.206623529379765e-001 -3.490658486106573e-001 -1.637765666087125e-001 3.114510865993338e-001 4.496417071463638e-002 4.113467038870189e-001 0.000000000000000e+000 -4.440892098500626e-016 0.000000000000000e+000
4.761339869281049e+000 -5.669301305954297e-001 2.210387449529925e-001 -3.490658485318283e-001 -1.681342768586713e-001 3.119562391728959e-001 4.455332999593994e-002 4.121285805588122e-001 0.000000000000000e+000 2.220446049250313e-016 0.000000000000000e+000
4.769411764705886e+000 -5.685422145090852e-001 2.215404603784912e-001 -3.490658485346235e-001 -1.719994660591031e-001 3.124529787498596e-001 4.472712091457340e-002 4.129117490659842e-001 0.000000000000000e+000 0.000000000000000e+000 0.000000000000000e+000
4.777483660130723e+000 -5.701972805909478e-001 2.221348102348488e-001 -3.490658486223877e-001 -1.753062049149508e-001 3.130160166419113e-001 4.550607985278323e-002 4.136377890468409e-001 1.490116119384766e-008 0.000000000000000e+000 0.000000000000000e+000
4.785555555555559e+000 -5.718364274480856e-001 2.227633895148853e-001 -3.490658487747126e-001 -1.780125861487243e-001 3.137179583765913e-001 4.689782604917617e-002 4.142786557591869e-001 0.000000000000000e+000 -6.661338147750939e-016 0.000000000000000e+000
4.793627450980396e+000 -5.733993309666066e-001 2.233478831860367e-001 -3.490658489468319e-001 -1.800947803711790e-001 3.146224418498574e-001 4.888466772860193e-002 4.148075039492676e-001 0.000000000000000e+000 -6.661338147750939e-016 0.000000000000000e+000
4.801699346405233e+000 -5.748393010882700e-001 2.237968237715027e-001 -3.490658490857077e-001 -1.815361777970912e-001 3.157877686561749e-001 5.140954355117095e-002 4.151712872639982e-001 0.000000000000000e+000 -1.110223024625157e-015 0.000000000000000e+000
4.809771241830069e+000 -5.761105214003955e-001 2.240148680338321e-001 -3.490658491503448e-001 -1.823218150461388e-001 3.172768934152941e-001 5.437372926626296e-002 4.152830299076059e-001 0.000000000000000e+000 -2.220446049250313e-016 0.000000000000000e+000
4.817843137254906e+000 -5.771404562336151e-001 2.239184217855581e-001 -3.490658491218028e-001 -1.824425174670719e-001 3.191487933605688e-001 5.765512587818659e-002 4.150394976967523e-001 0.000000000000000e+000 0.000000000000000e+000 0.000000000000000e+000
4.825915032679743e+000 -5.778276616406708e-001 2.234562822626585e-001 -3.490658490036317e-001 -1.819115732725272e-001 3.214458925487224e-001 6.113745731056314e-002 4.143581025259829e-001 -2.107342425544702e-008 -2.220446049250313e-016 0.000000000000000e+000
4.833986928104579e+000 -5.780749808757374e-001 2.226233393561696e-001 -3.490658488169048e-001 -1.807829072007539e-001 3.242142877236393e-001 6.473437628563186e-002 4.132061780279415e-001 -1.490116119384766e-008 -2.220446049250313e-016 0.000000000000000e+000
4.842058823529416e+000 -5.778354574570828e-001 2.214579777572778e-001 -3.490658485913363e-001 -1.791469816547626e-001 3.275488285822099e-001 6.839969518199425e-002 4.115949391327706e-001 1.490116119384766e-008 -2.220446049250313e-016 0.000000000000000e+000
4.850130718954253e+000 -5.771503395016219e-001 2.200307291790984e-001 -3.490658483573125e-001 -1.770996677199048e-001 3.316162621240295e-001 7.212203592073242e-002 4.095411803941090e-001 -1.490116119384766e-008 -4.440892098500626e-016 0.000000000000000e+000
4.858202614379089e+000 -5.761577367550321e-001 2.184399798962975e-001 -3.490658481411395e-001 -1.747044176198416e-001 3.366272582171536e-001 7.591053280064078e-002 4.070273967786378e-001 0.000000000000000e+000 -2.220446049250313e-016 0.000000000000000e+000
4.866274509803926e+000 -5.750596012116878e-001 2.168176018269457e-001 -3.490658479615345e-001 -1.719643514327336e-001 3.427852928355828e-001 7.978045648118361e-002 4.039837484979557e-001 0.000000000000000e+000 -4.440892098500626e-016 0.000000000000000e+000
4.874346405228763e+000 -5.740666089604820e-001 2.153318015086612e-001 -3.490658478269029e-001 -1.688114779981043e-001 3.502512235992156e-001 8.374591274055444e-002 4.002912699440597e-001 2.107342425544702e-008 4.440892098500626e-016 0.000000000000000e+000
4.882418300653599e+000 -5.733413869647549e-001 2.141750838539474e-001 -3.490658477337834e-001 -1.651195523502493e-001 3.591227965263311e-001 8.782529490919092e-002 3.958046312427101e-001 1.490116119384766e-008 -4.440892098500626e-016 0.000000000000000e+000
4.890490196078436e+000 -5.729551182565673e-001 2.135382971137523e-001 -3.490658476665107e-001 -1.607298248024345e-001 3.694309102171147e-001 9.205495631693375e-002 3.903915559338690e-001 0.000000000000000e+000 2.220446049250313e-016 0.000000000000000e+000
4.898562091503273e+000 -5.728007169831878e-001 2.135544184244114e-001 -3.490659447689546e-001 -1.555913868534917e-001 3.812058768206947e-001 9.645605146382050e-002 3.841018560676945e-001 0.000000000000000e+000 -2.220446049250313e-016 0.000000000000000e+000
4.906633986928109e+000 -5.729844532260026e-001 2.143746705193224e-001 -3.490659496753729e-001 -1.492728954680436e-001 3.942254965347528e-001 1.011822763078976e-001 3.766631875223392e-001 0.000000000000000e+000 -2.220446049250313e-016 0.000000000000000e+000
4.914705882352946e+000 -5.733861240629637e-001 2.159915331511941e-001 -3.490659612787579e-001 -1.417212394125691e-001 4.083819990734134e-001 1.062450761900984e-001 3.682575920749244e-001 0.000000000000000e+000 0.000000000000000e+000 0.000000000000000e+000
4.922777777777783e+000 -5.739783884784716e-001 2.183184586520786e-001 -3.490659749766588e-001 -1.327799180869527e-001 4.234582486855898e-001 1.116181638616699e-001 3.589940178776580e-001 0.000000000000000e+000 -2.220446049250313e-016 0.000000000000000e+000
4.930849673202619e+000 -5.747446560609728e-001 2.211503694057528e-001 -3.490659869985207e-001 -1.223453465865898e-001 4.392382462939968e-001 1.171656847786606e-001 3.490470003617795e-001 -2.107342425544702e-008 2.220446049250313e-016 0.000000000000000e+000
4.938921568627456e+000 -5.756679988987695e-001 2.242015575566507e-001 -3.490659948949832e-001 -1.104129996837062e-001 4.554967756817571e-001 1.226649965148625e-001 3.386886345287733e-001 1.490116119384766e-008 -2.220446049250313e-016 0.000000000000000e+000
4.946993464052293e+000 -5.767024475516419e-001 2.271983288407713e-001 -3.490659988099383e-001 -9.712201777221230e-002 4.719335360280068e-001 1.278768226684159e-001 3.283138051411681e-001 0.000000000000000e+000 -2.220446049250313e-016 0.000000000000000e+000
4.955065359477129e+000 -5.777363602001552e-001 2.299608389565382e-001 -3.490660004473455e-001 -8.276152713623253e-002 4.880944277425017e-001 1.326148586366023e-001 3.184221521277825e-001 0.000000000000000e+000 -4.440892098500626e-016 0.000000000000000e+000
4.963137254901966e+000 -5.785755259164421e-001 2.324226308227784e-001 -3.490660018627202e-001 -6.772992525610122e-002 5.033424395571250e-001 1.367759731992070e-001 3.095495173180909e-001 0.000000000000000e+000 -2.220446049250313e-016 0.000000000000000e+000
4.971209150326803e+000 -5.789627263048166e-001 2.346002459089929e-001 -3.490660052451881e-001 -5.246798207826853e-002 5.169169602330053e-001 1.403323059063472e-001 3.021862750722163e-001 2.107342425544702e-008 4.440892098500626e-016 0.000000000000000e+000
4.979281045751639e+000 -5.786365907593327e-001 2.365494438993583e-001 -3.490660129752467e-001 -3.738867616294916e-002 5.280384175685016e-001 1.433120278083075e-001 2.967271210203722e-001 -1.490116119384766e-008 0.000000000000000e+000 0.000000000000000e+000
4.987352941176476e+000 -5.774199398607518e-001 2.383251750185944e-001 -3.490660271894466e-001 -2.281504155499237e-002 5.360078670292068e-001 1.457844164407871e-001 2.934494223771215e-001 0.000000000000000e+000 0.000000000000000e+000 0.000000000000000e+000
4.995424836601313e+000 -5.752981824982177e-001 2.399485765780840e-001 -3.490660488011222e-001 -8.934235770312160e-003 5.403179415286527e-001 1.478428939287770e-001 2.924926972710282e-001 2.107342425544702e-008 0.000000000000000e+000 0.000000000000000e+000
5.003496732026149e+000 -5.724410056685901e-001 2.413955834260122e-001 -3.490660763572848e-001 4.214721174431890e-003 5.407608223672505e-001 1.495851224351573e-001 2.938456494319469e-001 0.000000000000000e+000 0.000000000000000e+000 0.000000000000000e+000
5.011568627450986e+000 -5.691607654200919e-001 2.426208386869817e-001 -3.490661055618917e-001 1.670840986162059e-002 5.374616137234057e-001 1.511039796499790e-001 2.973672257410283e-001 -2.580956827951785e-008 2.220446049250313e-016 0.000000000000000e+000
5.019640522875823e+000 -5.658341568385735e-001 2.435969206682493e-001 -3.490661305061192e-001 2.868287954600368e-002 5.308386027397293e-001 1.524888110366898e-001 3.028374938552477e-001 0.000000000000000e+000 2.220446049250313e-016 0.000000000000000e+000
5.027712418300659e+000 -5.628171439762357e-001 2.443341180144034e-001 -3.490661464580831e-001 4.028668959504245e-002 5.215474829189712e-001 1.538177017861984e-001 3.100091097922639e-001 0.000000000000000e+000 2.220446049250313e-016 0.000000000000000e+000
5.035784313725496e+000 -5.603795033224159e-001 2.448783944082231e-001 -3.490661520952661e-001 5.164844799651536e-002 5.103889481812439e-001 1.551405588848627e-001 3.186433799086078e-001 -1.490116119384766e-008 -2.220446049250313e-016 0.000000000000000e+000
5.043856209150333e+000 -5.586665223222792e-001 2.453135793009085e-001 -3.490661493749894e-001 6.284876483807111e-002 4.981395320002339e-001 1.564793245103886e-001 3.285340378786748e-001 -1.490116119384766e-008 2.220446049250313e-016 0.000000000000000e+000
5.051928104575169e+000 -5.576813464441706e-001 2.457728818924259e-001 -3.490661417100930e-001 7.390369658557838e-002 4.853833417657021e-001 1.578531701132758e-001 3.395173210346567e-001 2.107342425544702e-008 4.440892098500626e-016 0.000000000000000e+000
5.060000000000006e+000 -5.572997625711014e-001 2.464243169143001e-001 -3.490661321546257e-001 8.477471482681520e-002 4.724548526054086e-001 1.592983091828868e-001 3.514627411764213e-001 -1.490116119384766e-008 -8.881784197001252e-016 0.000000000000000e+000
5.068071895424843e+000 -5.573260400424668e-001 2.474090322063707e-001 -3.490661225729322e-001 9.540083259784304e-002 4.594839087675881e-001 1.608589389512481e-001 3.642569173467212e-001 0.000000000000000e+000 -2.220446049250313e-016 0.000000000000000e+000
5.076143790849679e+000 -5.575601255233544e-001 2.487741116450650e-001 -3.490661137920527e-001 1.057326549976463e-001 4.464735028970766e-001 1.625640021125215e-001 3.777982348562732e-001 2.580956827951785e-008 -6.661338147750939e-016 0.000000000000000e+000
5.084215686274516e+000 -5.578396103633521e-001 2.504534969622028e-001 -3.490661061156885e-001 1.157533206614014e-001 4.333801626873540e-001 1.644127287475552e-001 3.919943941356448e-001 0.000000000000000e+000 0.000000000000000e+000 0.000000000000000e+000
5.092287581699353e+000 -5.580452313641786e-001 2.522992157257031e-001 -3.490660997236543e-001 1.254835420066527e-001 4.201680763970097e-001 1.663761141380444e-001 4.067477411503134e-001 2.580956827951785e-008 0.000000000000000e+000 0.000000000000000e+000
5.100359477124189e+000 -5.580869621834519e-001 2.541315185630482e-001 -3.490660948086638e-001 1.349773035410369e-001 4.068161580722532e-001 1.684133101608792e-001 4.219342235930655e-001 -1.490116119384766e-008 0.000000000000000e+000 0.000000000000000e+000
5.108431372549026e+000 -5.579059345961387e-001 2.557898562796841e-001 -3.490660914500630e-001 1.443133892213169e-001 3.933171631257959e-001 1.704961513786028e-001 4.373952965243372e-001 0.000000000000000e+000 2.220446049250313e-016 0.000000000000000e+000
5.116503267973863e+000 -5.574981878146973e-001 2.571804956352839e-001 -3.490660895026585e-001 1.535798241454103e-001 3.797010016788329e-001 1.726264644379575e-001 4.529564935341847e-001 1.490116119384766e-008 4.440892098500626e-016 0.000000000000000e+000
5.124575163398699e+000 -5.569242294359886e-001 2.583066178072428e-001 -3.490660887234761e-001 1.628508606616945e-001 3.660605622391936e-001 1.748315795750339e-001 4.684662001156206e-001 0.000000000000000e+000 4.440892098500626e-016 0.000000000000000e+000
5.132647058823536e+000 -5.562845832666257e-001 2.592643008237259e-001 -3.490660889568651e-001 1.721634181713478e-001 3.525569980572040e-001 1.771398840088755e-001 4.838316491269354e-001 0.000000000000000e+000 0.000000000000000e+000 0.000000000000000e+000
5.140718954248372e+000 -5.556816334052853e-001 2.602036168585613e-001 -3.490660901535935e-001 1.815032366570319e-001 3.393979066681605e-001 1.795541194353941e-001 4.990336533553885e-001 -2.980232238769531e-008 0.000000000000000e+000 0.000000000000000e+000
5.148790849673209e+000 -5.551899648494100e-001 2.612735622998488e-001 -3.490660923164483e-001 1.908062140831097e-001 3.267916918219316e-001 1.820424233744266e-001 5.141232538746372e-001 -2.107342425544702e-008 -2.220446049250313e-016 0.000000000000000e+000
5.156862745098046e+000 -5.548365016771677e-001 2.625767093389664e-001 -3.490660955870656e-001 1.999688581773769e-001 3.148946467714426e-001 1.845547260625162e-001 5.292089016091804e-001 -2.980232238769531e-008 -2.220446049250313e-016 0.000000000000000e+000
5.164934640522882e+000 -5.545932936433797e-001 2.641464318119879e-001 -3.490661004001303e-001 2.088642475096887e-001 3.037698412898753e-001 1.870517310931464e-001 5.444261304572375e-001 2.580956827951785e-008 2.220446049250313e-016 0.000000000000000e+000
5.173006535947719e+000 -5.543980650632112e-001 2.659464142255952e-001 -3.490661074019948e-001 2.173688902008202e-001 2.933827137226185e-001 1.895246641648408e-001 5.598897568730424e-001 -3.332000937312528e-008 -6.661338147750939e-016 0.000000000000000e+000
5.181078431372556e+000 -5.541990209151947e-001 2.678956051275827e-001 -3.490661170553023e-001 2.253958226525779e-001 2.836504947546131e-001 1.919968818387476e-001 5.756534063951870e-001 1.490116119384766e-008 -2.220446049250313e-016 0.000000000000000e+000
5.189150326797392e+000 -5.539901938143504e-001 2.699182085498455e-001 -3.490661291225425e-001 2.329137318277532e-001 2.745014953829049e-001 1.945175461731211e-001 5.916977454525642e-001 0.000000000000000e+000 0.000000000000000e+000 0.000000000000000e+000
5.197222222222229e+000 -5.538095451264136e-001 2.719877321315862e-001 -3.490661423771888e-001 2.399410844665382e-001 2.658817599236303e-001 1.971537200089319e-001 6.079477307555616e-001 0.000000000000000e+000 0.000000000000000e+000 0.000000000000000e+000
5.205294117647066e+000 -5.537062438501704e-001 2.741281207033925e-001 -3.490661549370722e-001 2.465278357794165e-001 2.577309212897471e-001 1.999715284935957e-001 6.243005213278356e-001 -1.490116119384766e-008 -2.220446049250313e-016 0.000000000000000e+000
5.213366013071902e+000 -5.537075321458178e-001 2.763794965230593e-001 -3.490661651132742e-001 2.527409020072136e-001 2.499769120475894e-001 2.030090523255523e-001 6.406348015051683e-001 1.490116119384766e-008 -4.440892098500626e-016 0.000000000000000e+000
5.221437908496739e+000 -5.538094480774483e-001 2.787652199387822e-001 -3.490661721727835e-001 2.586539150068559e-001 2.425366686424919e-001 2.062649560954157e-001 6.567980034806219e-001 2.980232238769531e-008 0.000000000000000e+000 0.000000000000000e+000
5.229509803921576e+000 -5.539868254508866e-001 2.812830928230159e-001 -3.490661765808708e-001 2.643358701105671e-001 2.353085918455105e-001 2.097143273915850e-001 6.726058585095036e-001 2.980232238769531e-008 0.000000000000000e+000 0.000000000000000e+000
5.237581699346412e+000 -5.542012371664690e-001 2.839169361062552e-001 -3.490661796326268e-001 2.698418915272332e-001 2.281752806196001e-001 2.133328162449242e-001 6.878734866763890e-001 -1.490116119384766e-008 -2.220446049250313e-016 0.000000000000000e+000
5.245653594771249e+000 -5.547355504599383e-001 2.865480008798116e-001 -3.490658635060680e-001 2.753883985108758e-001 2.210355294985381e-001 2.172027442955982e-001 7.022516618319181e-001 -2.107342425544702e-008 0.000000000000000e+000 0.000000000000000e+000
5.253725490196086e+000 -5.545140478423426e-001 2.894491817057356e-001 -3.490661936548881e-001 2.804592703841409e-001 2.137576617935267e-001 2.209880488286439e-001 7.162489154753141e-001 0.000000000000000e+000 2.220446049250313e-016 0.000000000000000e+000
5.261797385620922e+000 -5.544880993199916e-001 2.922842412531992e-001 -3.490661941196418e-001 2.856043113148616e-001 2.063482989138452e-001 2.249352686462798e-001 7.291892386935436e-001 -2.980232238769531e-008 0.000000000000000e+000 0.000000000000000e+000
5.269869281045759e+000 -5.542873180241763e-001 2.951123713616815e-001 -3.490662041041485e-001 2.906517807259019e-001 1.988146134707668e-001 2.288689572418939e-001 7.412062974523406e-001 0.000000000000000e+000 0.000000000000000e+000 0.000000000000000e+000
5.277941176470596e+000 -5.544454114225493e-001 2.977359495066776e-001 -3.490712021701431e-001 2.959734341335283e-001 1.911663930832762e-001 2.328523599954365e-001 7.518203646744406e-001 -2.980232238769531e-008 -4.440892098500626e-016 0.000000000000000e+000
5.286013071895432e+000 -5.534786331540508e-001 3.006326076630237e-001 -3.490662455986111e-001 3.005712679120012e-001 1.835890148393238e-001 2.364435111608134e-001 7.620503422406283e-001 -2.980232238769531e-008 2.220446049250313e-016 0.000000000000000e+000
5.294084967320269e+000 -5.530264207805834e-001 3.032893538734067e-001 -3.490662515309854e-001 3.055496862353972e-001 1.759938282944656e-001 2.400002778913241e-001 7.706385357389584e-001 1.490116119384766e-008 0.000000000000000e+000 0.000000000000000e+000
5.302156862745106e+000 -5.526507034678427e-001 3.058481426067807e-001 -3.490662703864661e-001 3.106222002525314e-001 1.684454721039600e-001 2.433707377881982e-001 7.778930758927141e-001 -2.107342425544702e-008 0.000000000000000e+000 0.000000000000000e+000
5.310228758169942e+000 -5.524163421914190e-001 3.082623001518265e-001 -3.490662896393739e-001 3.158392501189347e-001 1.609553185558346e-001 2.465483311714632e-001 7.837894646519098e-001 1.490116119384766e-008 -2.220446049250313e-016 0.000000000000000e+000
5.318300653594779e+000 -5.523309756095132e-001 3.104619174782843e-001 -3.490663107846086e-001 3.211992874685676e-001 1.535282754496643e-001 2.495259755348527e-001 7.883692944471906e-001 0.000000000000000e+000 0.000000000000000e+000 0.000000000000000e+000
5.326372549019616e+000 -5.523349187619565e-001 3.123520855664994e-001 -3.490663365702302e-001 3.266431467122191e-001 1.461709321172908e-001 2.522817089369827e-001 7.917219897503713e-001 2.980232238769531e-008 -4.440892098500626e-016 0.000000000000000e+000
5.334444444444452e+000 -5.523175267976174e-001 3.138264243690596e-001 -3.490663698314076e-001 3.320737074982132e-001 1.389200219338173e-001 2.547670946574830e-001 7.939534133103786e-001 3.332000937312528e-008 -2.220446049250313e-016 0.000000000000000e+000
5.342516339869289e+000 -5.521461953811042e-001 3.147936423115532e-001 -3.490664120704730e-001 3.373726256255423e-001 1.318581322623837e-001 2.569126100747793e-001 7.951664888236403e-001 1.490116119384766e-008 0.000000000000000e+000 0.000000000000000e+000
5.350588235294126e+000 -5.516868868557544e-001 3.152070406696452e-001 -3.490664621368917e-001 3.424012843388067e-001 1.250932336369525e-001 2.586523235034055e-001 7.954610862571157e-001 0.000000000000000e+000 0.000000000000000e+000 0.000000000000000e+000
5.358660130718962e+000 -5.508180799064476e-001 3.150845515598606e-001 -3.490665152885302e-001 3.470028466670194e-001 1.187298464734728e-001 2.599490648811836e-001 7.949390647720916e-001 0.000000000000000e+000 0.000000000000000e+000 0.000000000000000e+000
5.366732026143799e+000 -5.494507690942316e-001 3.145121101573631e-001 -3.490665640343321e-001 3.510102174275234e-001 1.128592224512850e-001 2.608005553514453e-001 7.937042715333565e-001 3.332000937312528e-008 0.000000000000000e+000 0.000000000000000e+000
5.374803921568636e+000 -5.475599892623527e-001 3.136279390482768e-001 -3.490666013318694e-001 3.542546905389372e-001 1.075618560378995e-001 2.612291885184993e-001 7.918512429147765e-001 0.000000000000000e+000 -4.440892098500626e-016 0.000000000000000e+000
5.382875816993472e+000 -5.452237947510767e-001 3.125894575619366e-001 -3.490666237395753e-001 3.565886724057208e-001 1.029028952472456e-001 2.612752778300488e-001 7.894299410434521e-001 2.107342425544702e-008 2.220446049250313e-016 0.000000000000000e+000
5.390947712418309e+000 -5.426412687429524e-001 3.115351168355178e-001 -3.490666320921859e-001 3.579289800803358e-001 9.891842595685524e-002 2.609957345786149e-001 7.863892607690320e-001 0.000000000000000e+000 -2.220446049250313e-016 0.000000000000000e+000
5.399019607843146e+000 -5.400916820586862e-001 3.105529942975578e-001 -3.490666302163636e-001 3.582937561792847e-001 9.561099601936079e-002 2.604443496910281e-001 7.825434845004636e-001 0.000000000000000e+000 2.220446049250313e-016 0.000000000000000e+000
5.407091503267982e+000 -5.378550966508355e-001 3.096592465646431e-001 -3.490666229110336e-001 3.578091124291936e-001 9.295398794360986e-002 2.596377007114394e-001 7.775928112259966e-001 0.000000000000000e+000 -2.220446049250313e-016 0.000000000000000e+000
5.415163398692819e+000 -5.361589033999351e-001 3.087957930107539e-001 -3.490666137720723e-001 3.566889118746837e-001 9.088958427260890e-002 2.585482705518618e-001 7.711754125258655e-001 0.000000000000000e+000 0.000000000000000e+000 0.000000000000000e+000
5.423235294117656e+000 -5.351557911966951e-001 3.078541946175859e-001 -3.490666042925885e-001 3.551947946793645e-001 8.932819726064770e-002 2.571225375498874e-001 7.629307478146432e-001 0.000000000000000e+000 0.000000000000000e+000 0.000000000000000e+000
5.431307189542492e+000 -5.348777741580549e-001 3.067102267313366e-001 -3.490665951971087e-001 3.535778045012563e-001 8.814231997534544e-002 2.552785540603327e-001 7.525725451336621e-001 0.000000000000000e+000 2.220446049250313e-016 0.000000000000000e+000
5.439379084967329e+000 -5.351794415423843e-001 3.052480704900966e-001 -3.490665880784155e-001 3.520175319124181e-001 8.714673717802991e-002 2.528918193413088e-001 7.399532600872779e-001 0.000000000000000e+000 2.220446049250313e-016 0.000000000000000e+000
5.447450980392166e+000 -5.357529066101141e-001 3.033681987571248e-001 -3.490665851847326e-001 3.505884913716475e-001 8.611626953551634e-002 2.498065644515651e-001 7.250959035343735e-001 0.000000000000000e+000 -4.440892098500626e-016 0.000000000000000e+000
5.455522875817002e+000 -5.362234420408437e-001 3.009838254755963e-001 -3.490665884022576e-001 3.492610794168911e-001 8.487287766068816e-002 2.458630587633952e-001 7.081951233294647e-001 1.490116119384766e-008 -2.220446049250313e-016 0.000000000000000e+000
5.463594771241839e+000 -5.362596044537951e-001 2.980134351697608e-001 -3.490665990330467e-001 3.479174664337734e-001 8.338885114677566e-002 2.409267348579915e-001 6.896113545385666e-001 2.980232238769531e-008 0.000000000000000e+000 0.000000000000000e+000
5.471666666666676e+000 -5.356466746386908e-001 2.943793759475477e-001 -3.490666178148980e-001 3.463722422037634e-001 8.183694445560129e-002 2.349200128158452e-001 6.698572787667655e-001 -1.490116119384766e-008 0.000000000000000e+000 0.000000000000000e+000
