---- AnyBody Output File ---------------------------------
Study: Main.Studies.MotionOptimization
Operation: Main.Studies.MotionOptimization.Kinematics
----------------------------------------------------------
Constants (Name = Value): 
Main.Studies.KinematicStudyForParameterIdentification.JointAngleOutputs.OutputFile2c.FileName = "..\Input\Subjects\PS\Overground Gait Trials\PS_ngait_og_ss3\PS_ngait_og_ss3-output-euler-leftleganklepostd.txt"
Main.Studies.KinematicStudyForParameterIdentification.JointAngleOutputs.OutputFile2c.NumberFormat.Digits = 15
Main.Studies.KinematicStudyForParameterIdentification.JointAngleOutputs.OutputFile2c.NumberFormat.Width = 22
Main.Studies.KinematicStudyForParameterIdentification.JointAngleOutputs.OutputFile2c.NumberFormat.Style = ScientificNumber
Main.Studies.KinematicStudyForParameterIdentification.JointAngleOutputs.OutputFile2c.NumberFormat.FormatStr = "%22.15e"
Main.Studies.KinematicStudyForParameterIdentification.JointAngleOutputs.OutputFile2c.Search = 
Main.Studies.KinematicStudyForParameterIdentification.JointAngleOutputs.OutputFile2c.Format = 0
Main.Studies.KinematicStudyForParameterIdentification.JointAngleOutputs.OutputFile2c.SepSign = " "
Main.Studies.KinematicStudyForParameterIdentification.JointAngleOutputs.OutputFile2c.LineSepSign = ""
Main.Studies.KinematicStudyForParameterIdentification.JointAngleOutputs.OutputFile2c.Header.TitleSectionOnOff = On
Main.Studies.KinematicStudyForParameterIdentification.JointAngleOutputs.OutputFile2c.Header.ConstSectionOnOff = On
Main.Studies.KinematicStudyForParameterIdentification.JointAngleOutputs.OutputFile2c.Header.ConstSectionSaveOptionsOnOff = On
Main.Studies.KinematicStudyForParameterIdentification.JointAngleOutputs.OutputFile2c.Header.VarSectionOnOff = On
Main.Studies.KinematicStudyForParameterIdentification.JointAngleOutputs.OutputFile2c.Header.ColumnNamesOnOff = On
Main.Studies.KinematicStudyForParameterIdentification.JointAngleOutputs.OutputFile2c.Header.LinePrefix = ""
Main.Studies.KinematicStudyForParameterIdentification.JointAngleOutputs.OutputFile2c.ConstSectionSaveOptionsOnOff = On
----------------------------------------------------------
Variables (Column# Name): 
col0  Main.Studies.MotionOptimization.t
col1  Main.Studies.KinematicStudyForParameterIdentification.JointAngleOutputs.OutputFile2c.LeftAnklePosX
col2  Main.Studies.KinematicStudyForParameterIdentification.JointAngleOutputs.OutputFile2c.LeftAnklePosY
col3  Main.Studies.KinematicStudyForParameterIdentification.JointAngleOutputs.OutputFile2c.LeftAnklePosZ
----------------------------------------------------------
Main.Studies.MotionOptimization.t Main.Studies.KinematicStudyForParameterIdentification.JointAngleOutputs.OutputFile2c.LeftAnklePosX Main.Studies.KinematicStudyForParameterIdentification.JointAngleOutputs.OutputFile2c.LeftAnklePosY Main.Studies.KinematicStudyForParameterIdentification.JointAngleOutputs.OutputFile2c.LeftAnklePosZ
4.236666666666666e+000 -3.798262194223490e-001 1.722785344998287e-001 1.233898094613317e-001
4.244738562091503e+000 -3.847866172557761e-001 1.759757815704204e-001 1.211369197929297e-001
4.252810457516340e+000 -3.888146258910316e-001 1.796774458984744e-001 1.185388361275287e-001
4.260882352941176e+000 -3.921588195393864e-001 1.832888424675768e-001 1.156640009464214e-001
4.268954248366013e+000 -3.951033810631176e-001 1.866956498665137e-001 1.125896893294380e-001
4.277026143790850e+000 -3.979285379486690e-001 1.897763291501888e-001 1.094033247634259e-001
4.285098039215686e+000 -4.008516536106575e-001 1.924179617634816e-001 1.061986152922463e-001
4.293169934640523e+000 -4.039745788617151e-001 1.945319585703629e-001 1.030707615453149e-001
4.301241830065360e+000 -4.072616667449749e-001 1.960705530646890e-001 1.001104234824247e-001
4.309313725490196e+000 -4.105579834374076e-001 1.970382185568421e-001 9.739728153211404e-002
4.317385620915033e+000 -4.136443962072555e-001 1.974893821342130e-001 9.499791326527392e-002
4.325457516339870e+000 -4.163123287710008e-001 1.975158511089741e-001 9.296835995529086e-002
4.333529411764706e+000 -4.184302368831956e-001 1.972330142908615e-001 9.135389075193703e-002
4.341601307189543e+000 -4.199754670618383e-001 1.967648248421892e-001 9.017831651102624e-002
4.349673202614380e+000 -4.210222981121053e-001 1.962254682455545e-001 8.942527611240905e-002
4.357745098039216e+000 -4.217001251223868e-001 1.957066037850915e-001 8.902582890455678e-002
4.365816993464053e+000 -4.221456889008555e-001 1.952788713454731e-001 8.886660686890180e-002
4.373888888888890e+000 -4.224679989770275e-001 1.949989620279752e-001 8.881971497378823e-002
4.381960784313726e+000 -4.227340743854351e-001 1.949060313103374e-001 8.877973496995474e-002
4.390032679738563e+000 -4.229729135413968e-001 1.950074037180201e-001 8.868749233815181e-002
4.398104575163400e+000 -4.231894999919459e-001 1.952705957022500e-001 8.853124806101501e-002
4.406176470588236e+000 -4.233805444187537e-001 1.956328151921395e-001 8.833097467721147e-002
4.414248366013073e+000 -4.235454240568380e-001 1.960216475641690e-001 8.811714439309885e-002
4.422320261437910e+000 -4.236888609870742e-001 1.963744619904700e-001 8.791459658502587e-002
4.430392156862746e+000 -4.238172257631014e-001 1.966489666452582e-001 8.773729684308582e-002
4.438464052287583e+000 -4.239343978957246e-001 1.968230109170429e-001 8.759132276327331e-002
4.446535947712420e+000 -4.240403646802581e-001 1.968876929891053e-001 8.747851463092551e-002
4.454607843137256e+000 -4.241319752843134e-001 1.968421326508360e-001 8.739685224331299e-002
4.462679738562093e+000 -4.242063711498904e-001 1.966933728497806e-001 8.733950535239542e-002
4.470751633986930e+000 -4.242654143942895e-001 1.964573005453877e-001 8.729564784887230e-002
4.478823529411766e+000 -4.243151000738296e-001 1.961580655040080e-001 8.725400862547939e-002
4.486895424836603e+000 -4.243597913259620e-001 1.958271440614362e-001 8.720829845748801e-002
4.494967320261440e+000 -4.243990070634596e-001 1.955003302564133e-001 8.716141429541929e-002
4.503039215686276e+000 -4.244298861064638e-001 1.952109234525084e-001 8.712408879236581e-002
4.511111111111113e+000 -4.244510324425531e-001 1.949832881609480e-001 8.710814651643217e-002
4.519183006535950e+000 -4.244648970813690e-001 1.948304777254868e-001 8.712092251290261e-002
4.527254901960786e+000 -4.244785537477743e-001 1.947544297197633e-001 8.716577438514755e-002
4.535326797385623e+000 -4.245014617076747e-001 1.947488607788443e-001 8.724592644958044e-002
4.543398692810460e+000 -4.245404753087445e-001 1.948063852932728e-001 8.736587861954497e-002
4.551470588235296e+000 -4.245963702523632e-001 1.949246879283872e-001 8.752824912237310e-002
4.559542483660133e+000 -4.246641217190976e-001 1.951037060016168e-001 8.772850736997752e-002
4.567614379084970e+000 -4.247351711282558e-001 1.953351255749382e-001 8.795175808865319e-002
4.575686274509806e+000 -4.248011097396160e-001 1.955957523177577e-001 8.817446278990664e-002
4.583758169934643e+000 -4.248572798983868e-001 1.958521476183767e-001 8.837077813895976e-002
4.591830065359480e+000 -4.249013527984291e-001 1.960706184454056e-001 8.851958646235066e-002
4.599901960784316e+000 -4.249280810872705e-001 1.962247252926037e-001 8.860861482964005e-002
4.607973856209153e+000 -4.249292174905814e-001 1.963004748512613e-001 8.863588639105841e-002
4.616045751633989e+000 -4.248998919163591e-001 1.962996551589504e-001 8.861021960444865e-002
4.624117647058826e+000 -4.248427547285106e-001 1.962381617513272e-001 8.855069758621820e-002
4.632189542483663e+000 -4.247662366052062e-001 1.961397092443555e-001 8.848340594974447e-002
4.640261437908499e+000 -4.246807106827153e-001 1.960303249790164e-001 8.843512552640773e-002
4.648333333333336e+000 -4.245958634550496e-001 1.959366525355996e-001 8.842634986953646e-002
4.656405228758173e+000 -4.245204635997297e-001 1.958844773145105e-001 8.846675498318421e-002
4.664477124183009e+000 -4.244635663791431e-001 1.958928872056426e-001 8.855579217369326e-002
4.672549019607846e+000 -4.244335991536140e-001 1.959700411556238e-001 8.868409870665532e-002
4.680620915032683e+000 -4.244364315407351e-001 1.961080954080178e-001 8.883910469619719e-002
4.688692810457519e+000 -4.244733952979958e-001 1.962909684573209e-001 8.900318222328760e-002
4.696764705882356e+000 -4.245426269245960e-001 1.965016187916366e-001 8.915690080204576e-002
4.704836601307193e+000 -4.246419630314579e-001 1.967274996757556e-001 8.928839313391251e-002
4.712908496732029e+000 -4.247718522470665e-001 1.969623827908794e-001 8.940235350192004e-002
4.720980392156866e+000 -4.249366756463493e-001 1.972041123720329e-001 8.951717734705472e-002
4.729052287581703e+000 -4.251427379342967e-001 1.974490921281990e-001 8.965040727923208e-002
4.737124183006539e+000 -4.253942808401189e-001 1.976882873940214e-001 8.980583295928837e-002
4.745196078431376e+000 -4.256916943932478e-001 1.979083164414227e-001 8.997226276313931e-002
4.753267973856213e+000 -4.260333344533673e-001 1.980950473564246e-001 9.013123868311715e-002
4.761339869281049e+000 -4.264175027688890e-001 1.982365114720819e-001 9.026623947171604e-002
4.769411764705886e+000 -4.268415039808500e-001 1.983263513400212e-001 9.036942582710239e-002
4.777483660130723e+000 -4.272996766737661e-001 1.983685076466121e-001 9.044449762017605e-002
4.785555555555559e+000 -4.277838801955287e-001 1.983790265152168e-001 9.050581396398667e-002
4.793627450980396e+000 -4.282867663480010e-001 1.983821230365826e-001 9.057671305136041e-002
4.801699346405233e+000 -4.288060992312784e-001 1.984043111419939e-001 9.068921659315030e-002
4.809771241830069e+000 -4.293477632151233e-001 1.984709459339008e-001 9.088335776831272e-002
4.817843137254906e+000 -4.299254609143653e-001 1.986049301969080e-001 9.120450197782304e-002
4.825915032679743e+000 -4.305577128279947e-001 1.988255004488611e-001 9.170018827183088e-002
4.833986928104579e+000 -4.312644298689653e-001 1.991448980303713e-001 9.241822909101875e-002
4.842058823529416e+000 -4.320653931712115e-001 1.995629677967825e-001 9.340622982086237e-002
4.850130718954253e+000 -4.329817624962395e-001 2.000640078455516e-001 9.471218340118549e-002
4.858202614379089e+000 -4.340387049832392e-001 2.006191136442183e-001 9.638601047756290e-002
4.866274509803926e+000 -4.352672118926350e-001 2.011907093124956e-001 9.848129334884807e-002
4.874346405228763e+000 -4.367065879270820e-001 2.017347774287224e-001 1.010551711426029e-001
4.882418300653599e+000 -4.384093403083600e-001 2.022026608610082e-001 1.041650615236876e-001
4.890490196078436e+000 -4.404463986908920e-001 2.025448563453176e-001 1.078630822756524e-001
4.898562091503273e+000 -4.429083609520397e-001 2.027151486485100e-001 1.121896962214861e-001
4.906633986928109e+000 -4.459026036008688e-001 2.026735374388491e-001 1.171711509256283e-001
4.914705882352946e+000 -4.495437849771131e-001 2.023981319853289e-001 1.228082489076821e-001
4.922777777777783e+000 -4.539460422807858e-001 2.018918120667511e-001 1.290682837552120e-001
4.930849673202619e+000 -4.592162056720363e-001 2.011833649635864e-001 1.358796470183895e-001
4.938921568627456e+000 -4.654516849762634e-001 2.003197047535369e-001 1.431395079319990e-001
4.946993464052293e+000 -4.727383965758961e-001 1.993546135035733e-001 1.507255541368207e-001
4.955065359477129e+000 -4.811380667413573e-001 1.983416629982141e-001 1.584999182510865e-001
4.963137254901966e+000 -4.906607933553536e-001 1.973358389562766e-001 1.663138791312671e-001
4.971209150326803e+000 -5.012402479416647e-001 1.963998123094939e-001 1.740274951917880e-001
4.979281045751639e+000 -5.127369122389910e-001 1.956069875555692e-001 1.815356397727235e-001
4.987352941176476e+000 -5.249743989340125e-001 1.950360368906409e-001 1.887822919833850e-001
4.995424836601313e+000 -5.377915824100101e-001 1.947543220188572e-001 1.957540198534843e-001
5.003496732026149e+000 -5.510887818338690e-001 1.947940835600117e-001 2.024442579312856e-001
5.011568627450986e+000 -5.648496340915149e-001 1.951347573477726e-001 2.087927090195834e-001
5.019640522875823e+000 -5.791261796636176e-001 1.957041889516439e-001 2.146454298371039e-001
5.027712418300659e+000 -5.939931413216238e-001 1.964002485623446e-001 2.197850253065476e-001
5.035784313725496e+000 -6.095017613650697e-001 1.971226575890794e-001 2.240108011449252e-001
5.043856209150333e+000 -6.256633350319896e-001 1.977987031831294e-001 2.271984598621572e-001
5.051928104575169e+000 -6.424621911072629e-001 1.983918310948134e-001 2.293063938522085e-001
5.060000000000006e+000 -6.598760386438344e-001 1.988952969029739e-001 2.303513546922764e-001
5.068071895424843e+000 -6.778889906184568e-001 1.993199237043831e-001 2.303833451453182e-001
5.076143790849679e+000 -6.964948121669943e-001 1.996832396604044e-001 2.294710398137992e-001
5.084215686274516e+000 -7.156904998984565e-001 2.000029146580396e-001 2.276958928265522e-001
5.092287581699353e+000 -7.354622678461597e-001 2.002923306755290e-001 2.251474105724804e-001
5.100359477124189e+000 -7.557700875463059e-001 2.005554243696370e-001 2.219137917994826e-001
5.108431372549026e+000 -7.765459216137933e-001 2.007845036196278e-001 2.180722951195561e-001
5.116503267973863e+000 -7.977227403080200e-001 2.009679131067961e-001 2.136914267863476e-001
5.124575163398699e+000 -8.192759189219470e-001 2.011028949080285e-001 2.088454523029548e-001
5.132647058823536e+000 -8.412276701634263e-001 2.011968521205357e-001 2.036226961753092e-001
5.140718954248372e+000 -8.636075503433773e-001 2.012539150462895e-001 1.981159759839301e-001
5.148790849673209e+000 -8.864158290461967e-001 2.012659431844822e-001 1.924065356216518e-001
5.156862745098046e+000 -9.096193418470289e-001 2.012209736925197e-001 1.865561141980709e-001
5.164934640522882e+000 -9.331667618762574e-001 2.011198669548043e-001 1.806090968464081e-001
5.173006535947719e+000 -9.570024994087788e-001 2.009831500636039e-001 1.745987238243431e-001
5.181078431372556e+000 -9.810750716075589e-001 2.008393755034890e-001 1.685536871902104e-001
5.189150326797392e+000 -1.005345271284575e+000 2.007040741581614e-001 1.625061031529896e-001
5.197222222222229e+000 -1.029792005567721e+000 2.005674341849546e-001 1.564985292586772e-001
5.205294117647066e+000 -1.054409196362502e+000 2.003997010493971e-001 1.505846769517433e-001
5.213366013071902e+000 -1.079196908476509e+000 2.001676441590369e-001 1.448250389565890e-001
5.221437908496739e+000 -1.104154117559820e+000 1.998493130979239e-001 1.392841428885086e-001
5.229509803921576e+000 -1.129274704765168e+000 1.994395143044750e-001 1.340319251830301e-001
5.237581699346412e+000 -1.154545373445405e+000 1.989474785777220e-001 1.291463904315964e-001
5.245653594771249e+000 -1.179942423095936e+000 1.983930578451580e-001 1.247154899404853e-001
5.253725490196086e+000 -1.205425075829058e+000 1.978072583307501e-001 1.208299458521700e-001
5.261797385620922e+000 -1.230926421426253e+000 1.972268189496561e-001 1.175835695317120e-001
5.269869281045759e+000 -1.256350280784620e+000 1.966943603033746e-001 1.150538941269456e-001
5.277941176470596e+000 -1.281569451818166e+000 1.962533891344009e-001 1.132988749380569e-001
5.286013071895432e+000 -1.306436463143030e+000 1.959452887953454e-001 1.123308467262473e-001
5.294084967320269e+000 -1.330768086147623e+000 1.958115448965452e-001 1.121376085687553e-001
5.302156862745106e+000 -1.354366930249686e+000 1.958915045509684e-001 1.126464200463501e-001
5.310228758169942e+000 -1.377018969057507e+000 1.962229899725615e-001 1.137392356942071e-001
5.318300653594779e+000 -1.398501458831676e+000 1.968388686500243e-001 1.152529233901491e-001
5.326372549019616e+000 -1.418588803335328e+000 1.977625815518492e-001 1.169845685641202e-001
5.334444444444452e+000 -1.437062723695659e+000 1.990057427194875e-001 1.187040117575577e-001
5.342516339869289e+000 -1.453730778688277e+000 2.005704078846329e-001 1.201791939898756e-001
5.350588235294126e+000 -1.468451879566897e+000 2.024530602391081e-001 1.212104516760917e-001
5.358660130718962e+000 -1.481160976269325e+000 2.046444239373245e-001 1.216607181241717e-001
5.366732026143799e+000 -1.491882493147610e+000 2.071245666185745e-001 1.214695128424917e-001
5.374803921568636e+000 -1.500726523028575e+000 2.098584319013896e-001 1.206474291034391e-001
5.382875816993472e+000 -1.507870087992908e+000 2.127949872159142e-001 1.192561688002704e-001
5.390947712418309e+000 -1.513533573991520e+000 2.158685513633377e-001 1.173835784246116e-001
5.399019607843146e+000 -1.517964801498734e+000 2.190009928648738e-001 1.151240359422877e-001
5.407091503267982e+000 -1.521434951596578e+000 2.221051299702136e-001 1.125701349866854e-001
5.415163398692819e+000 -1.524235882464279e+000 2.250892241659114e-001 1.098119696723034e-001
5.423235294117656e+000 -1.526662430729764e+000 2.278617933622520e-001 1.069356709640553e-001
5.431307189542492e+000 -1.528976137648067e+000 2.303362677899327e-001 1.040195156698096e-001
5.439379084967329e+000 -1.531365074491745e+000 2.324373363254450e-001 1.011321975796337e-001
5.447450980392166e+000 -1.533916956382449e+000 2.341108344023251e-001 9.833590437551792e-002
5.455522875817002e+000 -1.536612323864048e+000 2.353339795506618e-001 9.569270490374557e-002
5.463594771241839e+000 -1.539337645885085e+000 2.361209951586005e-001 9.327002827815301e-002
5.471666666666676e+000 -1.541918318476726e+000 2.365236161626142e-001 9.114127711320438e-002
