Time(sec)	Fx	Fy	Fz	Tx	Ty	Tz	GON	GRFz
3.150000	20.220000	27.220000	224.250000	-14.690000	56.750000	-1.940000	2.869200	0.002000	
3.158300	20.050000	24.840000	223.790000	-11.660000	45.940000	1.450000	2.833600	0.001500	
3.166600	18.940000	21.100000	220.330000	-12.190000	32.480000	3.390000	2.798100	0.001100	
3.175000	18.760000	19.090000	217.990000	-19.580000	18.220000	3.110000	2.783000	0.000700	
3.183300	18.380000	17.640000	225.970000	-34.840000	7.120000	0.510000	2.773000	0.000300	
3.191600	16.520000	14.500000	241.040000	-50.320000	2.110000	-2.530000	2.763700	0.000200	
3.200000	13.540000	11.020000	260.230000	-65.080000	2.870000	-5.260000	2.755300	0.000600	
3.208300	9.250000	7.090000	281.200000	-80.470000	5.300000	-8.130000	2.747000	0.001000	
3.216600	3.470000	2.340000	304.140000	-97.080000	8.450000	-11.470000	2.740500	0.001000	
3.225000	-2.210000	-4.410000	326.000000	-113.020000	14.530000	-15.550000	2.734300	0.001000	
3.233300	-7.080000	-11.730000	348.260000	-127.470000	25.320000	-19.330000	2.723600	0.001000	
3.241600	-10.790000	-17.530000	371.540000	-140.570000	40.470000	-22.040000	2.708100	0.001000	
3.250000	-12.100000	-19.200000	386.730000	-150.730000	55.960000	-22.820000	2.692600	0.001000	
3.258300	-11.070000	-17.360000	391.660000	-157.030000	70.870000	-21.840000	2.706800	0.001000	
3.266600	-8.590000	-15.350000	387.190000	-158.680000	84.460000	-20.310000	2.722200	0.001000	
3.275000	-5.080000	-14.630000	376.500000	-156.720000	97.070000	-19.080000	2.725600	0.001000	
3.283300	0.560000	-12.710000	366.330000	-151.880000	109.670000	-17.880000	2.719400	0.001000	
3.291600	7.350000	-7.090000	361.780000	-145.640000	121.360000	-15.690000	2.716300	0.001000	
3.300000	14.270000	0.850000	361.390000	-138.020000	131.640000	-12.420000	2.720900	0.001000	
3.308300	19.230000	6.420000	361.580000	-128.730000	140.050000	-8.790000	2.725400	0.001000	
3.316600	21.960000	7.990000	361.860000	-117.680000	146.880000	-5.410000	2.724300	0.000700	
3.325000	24.010000	7.830000	361.640000	-106.430000	152.880000	-3.190000	2.722300	0.000300	
3.333300	25.950000	7.980000	362.990000	-96.780000	159.100000	-1.710000	2.723400	0.000100	
3.341600	27.140000	9.410000	366.420000	-89.530000	165.850000	-0.920000	2.730100	0.000600	
3.350000	25.680000	10.850000	365.850000	-85.020000	172.520000	-1.000000	2.736700	0.001000	
3.358300	21.450000	11.770000	360.180000	-82.980000	178.910000	-1.990000	2.745400	0.001000	
3.366600	16.210000	9.310000	346.270000	-79.950000	183.530000	-3.840000	2.754100	0.001000	
3.375000	11.690000	6.080000	327.050000	-76.060000	187.200000	-6.600000	2.775900	0.001000	
3.383300	8.290000	4.230000	305.030000	-73.590000	189.000000	-10.340000	2.814200	0.001000	
3.391600	4.800000	2.950000	282.440000	-72.370000	188.300000	-13.970000	2.850400	0.001000	
3.400000	1.120000	2.200000	259.730000	-72.130000	185.580000	-17.390000	2.835000	0.001000	
3.408300	-2.390000	1.290000	239.270000	-70.310000	184.020000	-20.170000	2.819700	0.001000	
3.416600	-4.940000	-1.010000	220.400000	-65.850000	183.250000	-22.410000	2.841000	0.001000	
3.425000	-5.990000	-5.340000	202.880000	-59.110000	180.810000	-23.870000	2.874000	0.001000	
3.433300	-6.200000	-7.530000	191.400000	-53.690000	178.150000	-24.600000	2.901600	0.000900	
3.441600	-5.490000	-6.900000	185.730000	-49.440000	175.730000	-24.310000	2.889700	0.000500	
3.450000	-4.140000	-4.790000	183.050000	-43.920000	175.080000	-22.550000	2.877900	0.000100	
3.458300	-2.290000	-1.850000	182.560000	-36.380000	176.470000	-19.300000	2.886500	0.000300	
3.466600	-0.710000	-0.300000	185.720000	-28.180000	178.020000	-16.200000	2.899000	0.000800	
3.475000	0.800000	-0.580000	189.810000	-21.130000	176.100000	-13.890000	2.904800	0.000800	
3.483300	3.560000	-1.440000	195.070000	-15.430000	171.230000	-11.920000	2.902000	0.000400	
3.491600	8.200000	-0.890000	202.150000	-11.020000	166.400000	-10.150000	2.899200	0.000000	
3.500000	14.090000	1.150000	210.640000	-8.040000	162.030000	-8.740000	2.904000	0.000400	
3.508300	17.350000	3.520000	216.990000	-7.840000	157.110000	-8.920000	2.909400	0.000800	
3.516600	17.860000	5.360000	221.480000	-10.580000	151.040000	-11.060000	2.926700	0.001000	
3.525000	18.130000	6.150000	226.130000	-14.200000	143.270000	-13.540000	2.955100	0.001000	
3.533300	19.960000	7.830000	229.860000	-16.830000	135.020000	-14.140000	2.980200	0.001000	
3.541600	23.080000	10.580000	232.060000	-18.420000	126.540000	-13.080000	2.981900	0.000500	
3.550000	24.870000	13.130000	230.750000	-18.980000	117.900000	-12.170000	2.983500	0.000100	
3.558300	24.130000	14.320000	225.720000	-18.330000	108.630000	-11.800000	2.974900	0.000000	
3.566600	21.240000	14.810000	222.530000	-16.890000	99.270000	-11.710000	2.962200	0.000000	
3.575000	19.980000	15.270000	226.230000	-13.550000	90.470000	-10.920000	2.955200	0.000000	
3.583300	20.910000	16.030000	233.160000	-8.830000	82.950000	-8.940000	2.971000	0.000000	
3.591600	22.070000	17.920000	237.940000	-5.230000	77.920000	-6.940000	2.986800	0.000000	
3.600000	22.470000	21.150000	239.800000	-3.560000	75.590000	-5.570000	2.991800	0.000400	
3.608300	21.460000	25.410000	245.150000	-3.970000	73.600000	-4.940000	2.993900	0.000800	
3.616600	20.230000	30.700000	256.570000	-6.310000	71.090000	-3.710000	2.988100	0.001000	
3.625000	19.480000	36.660000	272.370000	-9.820000	69.190000	-2.420000	2.974800	0.001000	
3.633300	19.840000	42.440000	286.410000	-13.430000	68.200000	-1.550000	2.961600	0.001000	
3.641600	21.050000	47.620000	297.290000	-16.790000	67.730000	-0.930000	2.958800	0.000600	
3.650000	21.420000	50.760000	308.180000	-18.630000	65.900000	-0.190000	2.957500	0.000200	
3.658300	20.420000	51.560000	322.470000	-18.460000	62.040000	0.220000	2.949000	0.000000	
3.666600	18.450000	51.460000	337.610000	-17.440000	57.270000	0.250000	2.935700	0.000000	
3.675000	16.710000	51.450000	346.430000	-15.880000	54.320000	0.330000	2.924200	0.000000	
3.683300	15.570000	51.370000	348.270000	-13.640000	53.030000	0.350000	2.920200	0.000000	
3.691600	14.970000	51.100000	345.200000	-11.160000	51.100000	0.410000	2.916300	0.000000	
3.700000	14.430000	50.870000	338.320000	-8.950000	47.750000	0.870000	2.927200	0.000000	
3.708300	14.660000	50.990000	327.810000	-5.170000	44.530000	1.830000	2.945100	0.000000	
3.716600	16.940000	52.590000	314.210000	0.010000	42.970000	2.510000	2.946200	0.000100	
3.725000	20.230000	56.010000	298.210000	5.490000	41.750000	3.260000	2.904200	0.000500	
3.733300	22.280000	60.420000	283.630000	10.420000	37.360000	4.700000	2.862100	0.000900	
3.741600	22.910000	64.890000	271.350000	15.180000	29.340000	6.740000	2.831100	0.001000	
3.750000	22.070000	66.480000	257.730000	17.780000	18.970000	8.060000	2.803600	0.001000	
3.758300	19.090000	65.700000	242.360000	17.910000	7.420000	9.080000	2.775400	0.001000	
3.766600	14.630000	63.560000	226.130000	16.280000	-5.010000	9.810000	2.746000	0.001000	
3.775000	8.740000	60.830000	209.690000	11.410000	-19.300000	9.950000	2.714100	0.001000	
3.783300	1.300000	57.220000	193.130000	2.900000	-35.430000	9.360000	2.653000	0.001000	
3.791600	-6.600000	50.790000	176.310000	-6.970000	-49.690000	7.580000	2.591900	0.001000	
3.800000	-13.120000	40.920000	157.960000	-16.190000	-59.710000	4.010000	2.524900	0.001000	
3.808300	-18.680000	28.560000	139.090000	-24.940000	-66.840000	-1.170000	2.453200	0.001000	
3.816600	-23.720000	17.200000	123.580000	-31.530000	-72.590000	-6.470000	2.385100	0.001000	
3.825000	-27.630000	7.900000	110.970000	-36.430000	-76.360000	-11.530000	2.335900	0.001000	
3.833300	-29.150000	3.040000	98.920000	-41.890000	-76.520000	-15.200000	2.286700	0.001000	
3.841600	-28.780000	1.800000	86.720000	-48.460000	-73.320000	-17.500000	2.250900	0.001000	
3.850000	-27.290000	-1.180000	76.690000	-52.350000	-68.200000	-19.180000	2.222500	0.001000	
3.858300	-24.750000	-4.580000	68.370000	-54.600000	-63.550000	-20.100000	2.191300	0.001000	
3.866600	-21.810000	-6.160000	61.160000	-55.920000	-59.950000	-20.390000	2.151000	0.001000	
3.875000	-18.570000	-4.850000	53.920000	-56.580000	-56.590000	-20.140000	2.110600	0.001000	
3.883300	-14.760000	-1.070000	46.210000	-56.390000	-52.680000	-19.390000	2.082600	0.001000	
3.891600	-10.570000	3.030000	37.840000	-54.810000	-47.340000	-18.360000	2.055100	0.001000	
3.900000	-7.890000	4.090000	30.270000	-50.320000	-42.510000	-18.210000	2.045000	0.001000	
3.908300	-6.620000	2.260000	23.050000	-43.110000	-37.880000	-18.150000	2.048600	0.001000	
3.916600	-5.940000	3.330000	13.500000	-37.310000	-32.300000	-16.960000	2.051600	0.001000	
3.925000	-5.980000	7.290000	1.720000	-32.950000	-26.040000	-14.750000	2.041600	0.001000	
3.933300	-7.200000	10.050000	0.000000	-28.270000	-20.850000	-12.400000	2.031600	0.001000	
3.941600	-9.110000	9.870000	0.000000	-22.710000	-16.250000	-9.820000	2.031300	0.001000	
3.950000	-9.770000	8.020000	0.000000	-18.150000	-10.320000	-7.670000	2.036500	0.001000	
3.958300	-8.840000	6.030000	0.000000	-15.390000	-3.780000	-6.340000	2.042100	0.001000	
3.966600	-7.280000	3.990000	0.000000	-13.930000	2.680000	-5.560000	2.051300	0.001000	
3.975000	-6.400000	1.810000	0.000000	-12.930000	7.880000	-5.760000	2.060400	0.001000	
3.983300	-6.260000	-0.650000	0.000000	-12.220000	11.660000	-7.360000	2.061400	0.001000	
3.991600	-6.540000	-4.400000	2.020000	-10.590000	14.310000	-9.500000	2.059200	0.001000	
4.000000	-6.130000	-7.590000	9.480000	-9.050000	18.180000	-11.200000	2.074500	0.001000	
4.008300	-4.730000	-8.850000	14.890000	-9.190000	22.170000	-12.730000	2.112000	0.001000	
4.016600	-4.010000	-8.170000	14.030000	-10.580000	23.250000	-13.670000	2.148400	0.001000	
4.025000	-4.750000	-6.370000	5.660000	-12.160000	20.940000	-13.770000	2.158700	0.001000	
4.033300	-6.090000	-6.140000	0.000000	-12.140000	18.120000	-13.500000	2.169000	0.001000	
4.041600	-6.810000	-7.560000	0.000000	-11.150000	15.660000	-13.200000	2.193900	0.001000	
4.050000	-6.210000	-9.170000	0.000000	-9.980000	14.060000	-12.580000	2.232300	0.001000	
4.058300	-3.930000	-8.740000	0.000000	-10.490000	13.660000	-12.150000	2.272600	0.001000	
4.066600	-0.040000	-6.350000	0.000000	-12.320000	14.440000	-11.760000	2.327800	0.001000	
4.075000	4.950000	-3.650000	0.000000	-12.490000	17.450000	-10.550000	2.382900	0.001000	
4.083300	10.770000	-1.890000	0.000000	-9.540000	23.700000	-8.260000	2.427700	0.001000	
4.091600	16.480000	-0.020000	0.000000	-3.710000	32.190000	-5.190000	2.465700	0.001000	
4.100000	22.110000	4.620000	4.990000	2.710000	40.680000	-1.150000	2.499800	0.001000	
4.108300	27.410000	11.310000	17.890000	8.790000	48.980000	3.190000	2.518600	0.001000	
4.116600	31.000000	16.740000	27.980000	12.920000	56.100000	5.860000	2.537500	0.001000	
4.125000	32.410000	19.960000	34.980000	15.590000	61.710000	6.640000	2.581500	0.001000	
4.133300	31.880000	21.740000	37.110000	18.810000	64.970000	7.640000	2.627700	0.001000	
4.141600	29.640000	22.390000	32.570000	21.190000	65.940000	8.270000	2.664400	0.001000	
4.150000	26.280000	21.830000	26.800000	22.130000	63.470000	7.790000	2.676700	0.001000	
4.158300	23.150000	19.310000	25.970000	21.150000	57.490000	6.030000	2.689000	0.001000	
4.166600	20.200000	15.040000	30.010000	17.880000	48.460000	2.900000	2.743200	0.001000	
4.175000	16.090000	12.680000	36.130000	9.070000	41.200000	-2.120000	2.797300	0.001000	
4.183300	11.450000	14.110000	46.170000	-2.900000	36.200000	-7.360000	2.830400	0.001000	
4.191600	7.340000	16.470000	59.670000	-12.350000	33.370000	-10.990000	2.849500	0.001000	
4.200000	4.030000	17.690000	77.760000	-18.970000	33.530000	-14.400000	2.867700	0.001000	
4.208300	1.580000	18.030000	99.880000	-23.660000	36.280000	-17.810000	2.876900	0.001400	
4.216600	-0.270000	18.790000	117.640000	-30.580000	40.600000	-21.620000	2.886100	0.001900	
4.225000	-1.940000	20.030000	127.430000	-39.330000	47.280000	-25.360000	2.890300	0.002000	
4.233300	-3.150000	23.170000	131.030000	-46.290000	56.320000	-27.480000	2.892300	0.002000	
4.241600	-2.280000	25.800000	132.440000	-46.290000	63.260000	-26.360000	2.893900	0.002100	
4.250000	-0.000000	25.490000	129.210000	-39.530000	66.960000	-22.540000	2.893000	0.002500	
4.258300	1.920000	22.500000	119.170000	-31.940000	66.320000	-18.430000	2.892200	0.002900	
4.266600	3.170000	18.580000	103.080000	-26.450000	61.480000	-14.910000	2.883300	0.004300	
4.275000	5.690000	18.170000	87.900000	-25.010000	54.190000	-11.840000	2.871900	0.006100	
4.283300	9.150000	20.020000	76.550000	-22.830000	46.590000	-8.080000	2.850600	0.018400	
4.291600	12.000000	22.440000	71.650000	-17.990000	38.480000	-3.370000	2.818500	0.042100	
4.300000	12.870000	22.420000	73.750000	-12.190000	29.260000	1.070000	2.790500	0.066300	
4.308300	12.080000	19.470000	82.070000	-6.900000	18.950000	4.660000	2.808700	0.095300	
4.316600	12.150000	16.130000	97.370000	-4.210000	9.390000	7.290000	2.827000	0.124300	
4.325000	13.800000	15.030000	122.290000	-3.890000	1.790000	9.540000	2.824300	0.167800	
4.333300	15.180000	16.400000	155.130000	-6.740000	-2.210000	11.640000	2.805100	0.222800	
4.341600	13.370000	15.930000	188.880000	-10.520000	-2.960000	13.820000	2.788500	0.275100	
4.350000	8.590000	13.290000	223.260000	-15.530000	-0.620000	15.650000	2.785300	0.313200	
4.358300	3.180000	9.080000	254.770000	-24.700000	4.470000	15.500000	2.782100	0.351300	
4.366600	-1.620000	4.610000	281.350000	-39.570000	12.480000	13.170000	2.794300	0.365500	
4.375000	-3.520000	0.820000	304.160000	-55.250000	24.390000	10.620000	2.815200	0.366400	
4.383300	-4.240000	-2.390000	324.910000	-69.260000	39.520000	8.580000	2.826200	0.370100	
4.391600	-4.220000	-4.840000	342.800000	-81.390000	57.170000	7.590000	2.806000	0.382800	
4.400000	-2.330000	-6.960000	357.940000	-90.320000	74.710000	8.070000	2.785800	0.395500	
4.408300	2.260000	-9.040000	371.020000	-95.600000	91.020000	9.780000	2.811700	0.403600	
4.416600	7.220000	-9.170000	383.160000	-100.040000	103.660000	10.770000	2.839400	0.411600	
4.425000	11.780000	-6.260000	395.250000	-102.640000	113.180000	12.400000	2.849500	0.416900	
4.433300	16.220000	-2.350000	404.840000	-102.620000	120.060000	14.820000	2.837000	0.419000	
4.441600	18.140000	-0.260000	408.840000	-103.670000	123.580000	16.300000	2.825300	0.420900	
4.450000	17.450000	0.150000	407.010000	-105.840000	123.780000	16.730000	2.832800	0.417300	
4.458300	14.710000	0.060000	398.660000	-108.330000	121.960000	15.230000	2.840400	0.413700	
4.466600	10.480000	-0.760000	384.800000	-111.390000	119.010000	11.140000	2.847700	0.408500	
4.475000	6.050000	-1.360000	370.710000	-114.980000	115.970000	4.910000	2.854800	0.401900	
4.483300	3.750000	-3.110000	356.530000	-116.000000	115.610000	-1.030000	2.860400	0.395100	
4.491600	3.670000	-6.070000	340.390000	-113.410000	117.760000	-5.920000	2.855100	0.387200	
4.500000	5.640000	-8.270000	322.340000	-106.690000	121.700000	-8.980000	2.849800	0.379300	
4.508300	9.380000	-7.850000	304.650000	-96.570000	126.990000	-10.330000	2.843800	0.372100	
4.516600	13.340000	-5.270000	289.470000	-85.130000	131.680000	-11.120000	2.837500	0.365000	
4.525000	17.250000	-1.900000	278.450000	-73.540000	134.990000	-11.110000	2.839400	0.358700	
4.533300	21.170000	1.600000	272.500000	-62.690000	136.680000	-10.360000	2.851700	0.353600	
4.541600	23.910000	3.580000	267.150000	-53.310000	135.590000	-9.260000	2.864000	0.348400	
4.550000	25.270000	3.850000	261.380000	-45.390000	131.570000	-7.880000	2.876500	0.344200	
4.558300	25.730000	4.860000	251.300000	-38.610000	126.930000	-5.520000	2.889000	0.340000	
4.566600	25.190000	6.690000	239.310000	-34.300000	121.930000	-3.130000	2.898100	0.336800	
4.575000	24.350000	8.460000	228.870000	-32.870000	115.990000	-1.280000	2.904000	0.334400	
4.583300	25.180000	9.880000	220.380000	-32.660000	110.600000	0.820000	2.910000	0.332000	
4.591600	27.120000	11.110000	214.080000	-33.840000	105.960000	2.890000	2.934600	0.331600	
4.600000	28.620000	13.110000	209.970000	-36.200000	102.430000	4.140000	2.959200	0.331200	
4.608300	29.640000	16.490000	207.220000	-38.920000	100.240000	4.620000	2.968200	0.332100	
4.616600	30.400000	19.820000	206.240000	-40.460000	99.410000	4.450000	2.966900	0.333800	
4.625000	30.420000	20.030000	213.020000	-41.460000	97.830000	2.250000	2.967100	0.336100	
4.633300	29.460000	17.900000	225.970000	-42.780000	95.710000	-1.960000	2.970500	0.339500	
4.641600	26.450000	15.530000	239.200000	-45.310000	93.940000	-7.550000	2.973900	0.342900	
4.650000	20.950000	13.490000	250.390000	-48.760000	92.920000	-14.150000	2.959500	0.345500	
4.658300	15.430000	13.070000	256.120000	-52.540000	92.840000	-19.620000	2.936700	0.347700	
4.666600	11.380000	13.960000	255.510000	-55.930000	93.620000	-23.130000	2.930000	0.349500	
4.675000	9.550000	15.380000	253.700000	-57.570000	95.730000	-25.040000	2.947500	0.350700	
4.683300	10.220000	18.250000	253.670000	-58.070000	99.420000	-25.740000	2.965000	0.352000	
4.691600	12.780000	23.120000	254.220000	-58.340000	104.300000	-25.240000	2.957100	0.354900	
4.700000	15.570000	28.740000	252.890000	-58.270000	108.620000	-23.420000	2.949200	0.357800	
4.708300	18.960000	33.910000	252.080000	-56.540000	112.040000	-20.320000	2.943800	0.362700	
4.716600	22.330000	39.220000	255.100000	-55.380000	115.940000	-17.480000	2.940000	0.369000	
4.725000	23.630000	43.520000	266.520000	-56.110000	120.680000	-17.350000	2.937700	0.374700	
4.733300	23.060000	46.120000	284.710000	-57.490000	125.690000	-19.300000	2.941300	0.378300	
4.741600	20.380000	46.060000	300.370000	-57.760000	128.980000	-21.350000	2.944900	0.381900	
4.750000	15.080000	43.880000	310.070000	-57.820000	130.230000	-23.240000	2.961600	0.384400	
4.758300	8.810000	41.130000	316.650000	-59.050000	129.710000	-25.830000	2.984500	0.386500	
4.766600	3.870000	38.730000	324.720000	-61.200000	128.940000	-29.550000	2.994300	0.388200	
4.775000	0.060000	36.310000	332.050000	-63.480000	128.270000	-33.750000	2.970500	0.389000	
4.783300	-2.350000	32.630000	331.350000	-62.320000	127.000000	-35.720000	2.946700	0.389800	
4.791600	-2.980000	27.580000	321.650000	-56.770000	124.490000	-34.750000	2.939400	0.389400	
4.800000	-1.090000	23.810000	311.520000	-48.970000	121.470000	-31.800000	2.937300	0.388500	
4.808300	2.810000	23.070000	305.120000	-42.110000	119.460000	-28.490000	2.941500	0.388000	
4.816600	7.730000	24.420000	298.730000	-37.620000	117.630000	-26.380000	2.956900	0.388000	
4.825000	12.060000	25.960000	288.790000	-34.610000	115.730000	-25.370000	2.969700	0.388100	
4.833300	15.460000	27.370000	275.250000	-32.120000	113.610000	-24.820000	2.953900	0.389300	
4.841600	18.400000	29.700000	263.190000	-28.400000	109.870000	-23.430000	2.938100	0.390600	
4.850000	21.230000	33.610000	256.580000	-24.810000	103.880000	-22.380000	2.927100	0.390500	
4.858300	23.700000	39.100000	256.160000	-22.530000	97.870000	-20.910000	2.918300	0.389700	
4.866600	24.830000	44.250000	255.390000	-21.010000	92.420000	-18.490000	2.913300	0.387700	
4.875000	24.310000	48.450000	253.040000	-19.860000	86.700000	-15.670000	2.927900	0.379800	
4.883300	22.140000	50.670000	248.900000	-16.410000	78.820000	-12.710000	2.942500	0.371900	
4.891600	18.770000	51.340000	244.740000	-9.980000	69.180000	-8.860000	2.912200	0.356400	
4.900000	16.410000	52.330000	246.390000	-3.480000	58.500000	-4.280000	2.867800	0.338600	
4.908300	15.230000	53.320000	252.250000	0.090000	47.890000	-0.870000	2.830400	0.318100	
4.916600	13.580000	53.290000	255.720000	1.560000	36.640000	1.910000	2.815400	0.289400	
4.925000	10.330000	51.290000	250.290000	2.820000	21.950000	3.760000	2.800400	0.260600	
4.933300	5.540000	47.270000	235.550000	4.280000	3.120000	4.480000	2.773700	0.225400	
4.941600	0.300000	43.060000	219.920000	2.150000	-15.880000	3.020000	2.744700	0.189000	
4.950000	-4.340000	40.720000	207.940000	-5.080000	-32.070000	1.050000	2.701500	0.145800	
4.958300	-7.580000	39.280000	198.300000	-15.220000	-45.560000	-1.020000	2.646900	0.097400	
4.966600	-11.250000	36.200000	183.880000	-24.580000	-56.930000	-3.210000	2.592400	0.048900	
4.975000	-15.940000	31.400000	162.430000	-33.120000	-66.240000	-5.610000	2.538800	0.027200	
4.983300	-20.560000	26.910000	137.350000	-42.950000	-72.730000	-8.990000	2.485300	0.007900	
4.991600	-23.810000	23.530000	113.810000	-54.700000	-75.840000	-13.770000	2.436100	0.001000	
5.000000	-24.610000	20.970000	95.700000	-64.330000	-74.830000	-18.150000	2.389500	0.001000	
5.008300	-23.300000	17.900000	77.320000	-66.880000	-72.570000	-19.820000	2.341900	0.001000	
5.016600	-20.300000	14.410000	58.620000	-63.330000	-69.100000	-19.150000	2.291500	0.001000	
5.025000	-16.830000	11.740000	41.600000	-57.500000	-64.060000	-17.160000	2.241100	0.001000	
5.033300	-13.340000	10.450000	27.010000	-50.640000	-57.390000	-14.070000	2.190700	0.000700	
5.041600	-9.510000	10.510000	17.630000	-43.840000	-50.370000	-11.080000	2.140200	0.000200	
5.050000	-4.790000	11.010000	17.110000	-36.180000	-43.380000	-8.280000	2.109300	0.000000	
5.058300	-0.430000	11.710000	23.960000	-27.510000	-37.010000	-5.190000	2.103300	0.000000	
5.066600	1.320000	12.710000	32.970000	-21.740000	-32.520000	-3.170000	2.097200	0.000000	
5.075000	0.380000	14.090000	42.320000	-20.360000	-30.010000	-2.940000	2.096700	0.000400	
5.083300	-0.440000	15.410000	49.320000	-21.500000	-28.270000	-4.160000	2.097600	0.000800	
5.091600	-0.690000	16.430000	53.260000	-23.530000	-27.580000	-6.210000	2.082000	0.000800	
5.100000	-1.560000	17.010000	54.470000	-27.280000	-27.640000	-9.600000	2.051100	0.000400	
5.108300	-3.930000	16.730000	51.390000	-31.810000	-26.990000	-13.450000	2.024200	0.000000	
5.116600	-7.600000	15.670000	44.060000	-36.340000	-25.390000	-17.170000	2.025800	0.000400	
5.125000	-10.240000	14.640000	35.840000	-39.500000	-22.520000	-20.160000	2.027400	0.000800	
5.133300	-10.710000	13.850000	28.080000	-41.420000	-17.850000	-22.860000	2.043700	0.001000	
5.141600	-9.060000	13.140000	20.000000	-41.440000	-11.550000	-25.190000	2.070000	0.001000	
5.150000	-7.640000	12.660000	13.230000	-39.790000	-5.050000	-26.970000	2.097800	0.001000	
5.158300	-7.320000	12.030000	7.770000	-37.150000	1.110000	-28.380000	2.132000	0.001000	
5.166600	-9.170000	10.350000	3.250000	-34.470000	5.170000	-29.370000	2.166100	0.001000	
5.175000	-12.400000	7.720000	0.000000	-31.190000	6.940000	-29.590000	2.180100	0.000700	
5.183300	-12.680000	5.510000	0.000000	-26.610000	8.680000	-27.850000	2.184700	0.000300	
5.191600	-11.060000	3.130000	0.000000	-22.290000	10.670000	-25.230000	2.203100	0.000100	
5.200000	-9.460000	0.410000	0.000000	-18.730000	11.970000	-22.670000	2.257100	0.000600	
5.208300	-9.440000	-2.590000	0.000000	-17.070000	11.970000	-20.860000	2.311000	0.001000	
5.216600	-10.880000	-5.630000	0.000000	-17.440000	10.890000	-19.660000	2.332700	0.000600	
5.225000	-9.940000	-6.560000	0.000000	-16.520000	11.970000	-16.920000	2.354300	0.000200	
5.233300	-4.400000	-4.320000	0.000000	-12.570000	16.650000	-12.170000	2.388700	0.000200	
5.241600	4.150000	-0.390000	0.000000	-5.760000	23.440000	-5.990000	2.431600	0.000600	
5.250000	10.360000	3.050000	0.000000	2.730000	29.460000	-0.100000	2.472700	0.001000	
5.258300	13.720000	6.140000	2.330000	10.850000	34.310000	4.430000	2.493900	0.000600	
5.266600	14.870000	9.380000	10.510000	13.880000	37.930000	5.810000	2.515200	0.000100	
5.275000	15.090000	12.920000	20.400000	12.170000	40.920000	4.660000	2.541000	0.000000	
5.283300	15.480000	15.760000	33.790000	11.130000	43.720000	3.980000	2.568900	0.000000	
5.291600	13.260000	16.020000	44.560000	8.930000	43.740000	2.250000	2.603000	0.000100	
5.300000	8.740000	14.120000	52.180000	4.920000	41.190000	-0.790000	2.653000	0.000500	
5.308300	4.020000	12.250000	59.950000	-1.870000	37.920000	-5.030000	2.703000	0.001000	
5.316600	-0.130000	11.090000	69.870000	-11.330000	34.650000	-10.200000	2.746700	0.001000	
5.325000	-1.880000	10.820000	80.150000	-19.460000	35.330000	-14.060000	2.789600	0.001000	
5.333300	0.110000	11.120000	90.040000	-20.930000	41.090000	-13.850000	2.832000	0.001000	
5.341600	5.040000	12.300000	100.540000	-15.790000	50.610000	-9.950000	2.873700	0.001000	
5.350000	10.560000	15.620000	110.640000	-9.780000	61.500000	-6.070000	2.915300	0.001000	
5.358300	16.430000	21.130000	119.910000	-3.700000	73.550000	-2.620000	2.917400	0.001000	
5.366600	21.570000	26.820000	126.580000	2.170000	83.840000	1.020000	2.917800	0.001000	
5.375000	25.450000	31.960000	131.600000	8.970000	91.970000	5.300000	2.921300	0.001000	
5.383300	28.790000	36.380000	133.810000	14.970000	98.770000	9.700000	2.928800	0.001000	
5.391600	30.670000	39.660000	134.070000	17.220000	101.110000	12.730000	2.935600	0.001000	
5.400000	30.790000	41.630000	132.550000	16.240000	98.770000	14.400000	2.924700	0.001000	
5.408300	29.250000	41.460000	128.590000	14.080000	92.780000	15.220000	2.913900	0.001000	
5.416600	27.050000	38.750000	120.880000	10.810000	84.860000	15.730000	2.890300	0.001000	
5.425000	23.780000	34.660000	113.640000	5.800000	73.570000	15.090000	2.859400	0.001000	
5.433300	20.220000	30.820000	109.350000	-0.060000	61.580000	12.900000	2.833700	0.000900	
5.441600	16.580000	27.010000	107.530000	-6.470000	49.260000	9.520000	2.824000	0.000500	
5.450000	12.600000	22.870000	108.360000	-11.010000	36.660000	6.200000	2.814400	0.000000	
5.458300	7.870000	18.450000	112.450000	-12.800000	23.230000	3.210000	2.809300	0.000400	
5.466600	2.500000	12.920000	118.850000	-14.710000	7.580000	-0.260000	2.804300	0.000700	
5.475000	-2.780000	6.770000	127.210000	-18.680000	-10.000000	-4.340000	2.806900	0.001000	
5.483300	-6.970000	2.580000	141.790000	-25.090000	-24.610000	-8.330000	2.825300	0.001000	
5.491600	-9.080000	0.670000	160.880000	-33.440000	-31.970000	-11.020000	2.843400	0.001000	
5.500000	-8.980000	0.590000	183.540000	-43.350000	-32.180000	-12.310000	2.853000	0.001000	
5.508300	-6.170000	-0.350000	204.690000	-52.380000	-26.830000	-12.070000	2.862500	0.001000	
5.516600	-1.110000	-1.650000	225.340000	-61.210000	-16.740000	-11.010000	2.850300	0.001000	
5.525000	4.470000	-1.520000	246.110000	-70.690000	-3.450000	-9.340000	2.825700	0.001000	
5.533300	10.330000	1.370000	267.930000	-78.760000	14.250000	-6.290000	2.803600	0.001000	
5.541600	17.110000	6.790000	291.050000	-85.050000	35.950000	-1.710000	2.800600	0.001000	
5.550000	25.160000	11.670000	311.720000	-88.440000	55.940000	4.070000	2.797500	0.001000	
5.558300	33.920000	14.570000	327.550000	-88.720000	71.460000	10.650000	2.797000	0.001000	
5.566600	40.860000	14.630000	338.200000	-85.870000	81.610000	17.140000	2.797000	0.001000	
5.575000	45.060000	14.690000	349.150000	-82.600000	87.490000	23.010000	2.805000	0.001000	
5.583300	46.660000	14.900000	360.490000	-78.450000	89.910000	28.320000	2.830000	0.001000	
5.591600	47.630000	13.710000	371.800000	-71.810000	91.660000	33.420000	2.855000	0.001000	
5.600000	48.300000	10.780000	382.950000	-62.500000	93.030000	38.350000	2.862100	0.001000	
5.608300	47.440000	7.390000	391.370000	-57.930000	92.670000	40.160000	2.867700	0.001000	
5.616600	43.720000	4.010000	396.540000	-58.870000	91.400000	38.500000	2.866500	0.001000	
5.625000	37.680000	0.170000	394.430000	-61.460000	90.410000	34.740000	2.855300	0.001000	
5.633300	32.100000	-3.180000	383.420000	-63.480000	91.550000	30.620000	2.844000	0.001000	
5.641600	27.210000	-5.830000	366.430000	-65.140000	94.840000	26.150000	2.847700	0.001000	
5.650000	22.890000	-7.500000	354.640000	-67.580000	99.240000	21.010000	2.851500	0.001000	
5.658300	18.940000	-8.380000	347.910000	-71.470000	103.550000	15.070000	2.855000	0.001000	
5.666600	15.820000	-8.460000	338.840000	-77.790000	106.140000	8.260000	2.858300	0.001000	
5.675000	14.320000	-8.740000	326.280000	-79.980000	108.010000	3.300000	2.864300	0.001000	
5.683300	14.430000	-9.050000	311.260000	-76.830000	109.890000	0.700000	2.881000	0.001000	
5.691600	15.560000	-8.430000	300.400000	-69.130000	112.530000	0.360000	2.897700	0.001000	
5.700000	17.330000	-6.550000	296.390000	-59.490000	115.130000	1.370000	2.919700	0.001000	
