---- AnyBody Output File ---------------------------------
Study: Main.Studies.MotionOptimization
Operation: Main.Studies.MotionOptimization.Kinematics
----------------------------------------------------------
Constants (Name = Value): 
Main.Studies.KinematicStudyForParameterIdentification.JointAngleOutputs.OutputFile1.FileName = "..\Input\Subjects\PS\Overground Gait Trials\PS_ngait_og_ss3\PS_ngait_og_ss3-output-euler-trunk.txt"
Main.Studies.KinematicStudyForParameterIdentification.JointAngleOutputs.OutputFile1.NumberFormat.Digits = 15
Main.Studies.KinematicStudyForParameterIdentification.JointAngleOutputs.OutputFile1.NumberFormat.Width = 22
Main.Studies.KinematicStudyForParameterIdentification.JointAngleOutputs.OutputFile1.NumberFormat.Style = ScientificNumber
Main.Studies.KinematicStudyForParameterIdentification.JointAngleOutputs.OutputFile1.NumberFormat.FormatStr = "%22.15e"
Main.Studies.KinematicStudyForParameterIdentification.JointAngleOutputs.OutputFile1.Search = 
Main.Studies.KinematicStudyForParameterIdentification.JointAngleOutputs.OutputFile1.Format = 0
Main.Studies.KinematicStudyForParameterIdentification.JointAngleOutputs.OutputFile1.SepSign = " "
Main.Studies.KinematicStudyForParameterIdentification.JointAngleOutputs.OutputFile1.LineSepSign = ""
Main.Studies.KinematicStudyForParameterIdentification.JointAngleOutputs.OutputFile1.Header.TitleSectionOnOff = On
Main.Studies.KinematicStudyForParameterIdentification.JointAngleOutputs.OutputFile1.Header.ConstSectionOnOff = On
Main.Studies.KinematicStudyForParameterIdentification.JointAngleOutputs.OutputFile1.Header.ConstSectionSaveOptionsOnOff = On
Main.Studies.KinematicStudyForParameterIdentification.JointAngleOutputs.OutputFile1.Header.VarSectionOnOff = On
Main.Studies.KinematicStudyForParameterIdentification.JointAngleOutputs.OutputFile1.Header.ColumnNamesOnOff = On
Main.Studies.KinematicStudyForParameterIdentification.JointAngleOutputs.OutputFile1.Header.LinePrefix = ""
Main.Studies.KinematicStudyForParameterIdentification.JointAngleOutputs.OutputFile1.ConstSectionSaveOptionsOnOff = On
----------------------------------------------------------
Variables (Column# Name): 
col0  Main.Studies.MotionOptimization.t
col1  Main.Studies.KinematicStudyForParameterIdentification.JointAngleOutputs.OutputFile1.PelvisPosX
col2  Main.Studies.KinematicStudyForParameterIdentification.JointAngleOutputs.OutputFile1.PelvisPosY
col3  Main.Studies.KinematicStudyForParameterIdentification.JointAngleOutputs.OutputFile1.PelvisPosZ
col4  Main.Studies.KinematicStudyForParameterIdentification.JointAngleOutputs.OutputFile1.PelvisRotX
col5  Main.Studies.KinematicStudyForParameterIdentification.JointAngleOutputs.OutputFile1.PelvisRotY
col6  Main.Studies.KinematicStudyForParameterIdentification.JointAngleOutputs.OutputFile1.PelvisRotZ
col7  Main.Studies.KinematicStudyForParameterIdentification.JointAngleOutputs.OutputFile1.PelvisThoraxExtension
col8  Main.Studies.KinematicStudyForParameterIdentification.JointAngleOutputs.OutputFile1.PelvisThoraxLateralBending
col9  Main.Studies.KinematicStudyForParameterIdentification.JointAngleOutputs.OutputFile1.PelvisThoraxRotation
col10  Main.Studies.KinematicStudyForParameterIdentification.JointAngleOutputs.OutputFile1.NeckExtension
----------------------------------------------------------
Main.Studies.MotionOptimization.t Main.Studies.KinematicStudyForParameterIdentification.JointAngleOutputs.OutputFile1.PelvisPosX Main.Studies.KinematicStudyForParameterIdentification.JointAngleOutputs.OutputFile1.PelvisPosY Main.Studies.KinematicStudyForParameterIdentification.JointAngleOutputs.OutputFile1.PelvisPosZ Main.Studies.KinematicStudyForParameterIdentification.JointAngleOutputs.OutputFile1.PelvisRotX Main.Studies.KinematicStudyForParameterIdentification.JointAngleOutputs.OutputFile1.PelvisRotY Main.Studies.KinematicStudyForParameterIdentification.JointAngleOutputs.OutputFile1.PelvisRotZ Main.Studies.KinematicStudyForParameterIdentification.JointAngleOutputs.OutputFile1.PelvisThoraxExtension Main.Studies.KinematicStudyForParameterIdentification.JointAngleOutputs.OutputFile1.PelvisThoraxLateralBending Main.Studies.KinematicStudyForParameterIdentification.JointAngleOutputs.OutputFile1.PelvisThoraxRotation Main.Studies.KinematicStudyForParameterIdentification.JointAngleOutputs.OutputFile1.NeckExtension
4.236666666666666e+000 3.908656680602157e-002 2.376506716413515e-001 1.031759008331613e+000 1.431647482961753e+000 -1.356625965296554e-002 3.086920671665165e+000 -2.841688598337214e-001 2.009440137019765e-001 6.471715006776226e-002 0.000000000000000e+000
4.244738562091503e+000 3.023665951833561e-002 2.369157413533486e-001 1.030614643030400e+000 1.432127378824160e+000 -1.408247208013003e-002 3.083198637850331e+000 -2.846455659290388e-001 1.991762989040784e-001 6.705240965990800e-002 0.000000000000000e+000
4.252810457516340e+000 2.118129146596148e-002 2.361348697972890e-001 1.029536867925923e+000 1.432535022982680e+000 -1.496539896349991e-002 3.078848276694188e+000 -2.849175883367625e-001 1.972600868636610e-001 7.000736700060622e-002 0.000000000000000e+000
4.260882352941176e+000 1.191051661418826e-002 2.352740104662364e-001 1.028535295640667e+000 1.432850866799620e+000 -1.601882288903589e-002 3.073925170295111e+000 -2.847102769198617e-001 1.953255799371746e-001 7.334449915422149e-002 0.000000000000000e+000
4.268954248366013e+000 2.427912255351840e-003 2.343107114602052e-001 1.027622682453551e+000 1.433133738000010e+000 -1.701542659613886e-002 3.068517358748482e+000 -2.837504507858812e-001 1.933624645688448e-001 7.684456756752367e-002 0.000000000000000e+000
4.277026143790850e+000 -7.247414409759170e-003 2.332440613663237e-001 1.026814661181446e+000 1.433471140459093e+000 -1.770042338452527e-002 3.062771011549864e+000 -2.817787042477053e-001 1.912654179143926e-001 8.024661553432491e-002 0.000000000000000e+000
4.285098039215686e+000 -1.708190125509122e-002 2.320941943207533e-001 1.026128440600866e+000 1.433964610120926e+000 -1.784705276129661e-002 3.056892725358058e+000 -2.786201890460259e-001 1.888600636727114e-001 8.326933264747209e-002 0.000000000000000e+000
4.293169934640523e+000 -2.703155688484281e-002 2.308953721823173e-001 1.025581813496247e+000 1.434731551155465e+000 -1.729573498846238e-002 3.051125313212681e+000 -2.742278257284039e-001 1.859203650672573e-001 8.564489732742284e-002 0.000000000000000e+000
4.301241830065360e+000 -3.704743581898901e-002 2.296892198146491e-001 1.025193056640749e+000 1.435914018495044e+000 -1.597898604279724e-002 3.045710495204342e+000 -2.686998213073264e-001 1.821772873584582e-001 8.715569465098366e-002 0.000000000000000e+000
4.309313725490196e+000 -4.708061699021971e-002 2.285197859655845e-001 1.024980807198459e+000 1.437684204665494e+000 -1.393334538601043e-002 3.040852794233064e+000 -2.622754803777265e-001 1.773288455460314e-001 8.766863342774317e-002 0.000000000000000e+000
4.317385620915033e+000 -5.708588771842622e-002 2.274278522253599e-001 1.024962962213076e+000 1.440237794569964e+000 -1.129669704648095e-002 3.036694286681675e+000 -2.553103092128615e-001 1.710674019885851e-001 8.716132830997651e-002 0.000000000000000e+000
4.325457516339870e+000 -6.702502519431776e-002 2.264436266233654e-001 1.025154185936948e+000 1.443771417640398e+000 -8.297288836332406e-003 3.033298046602040e+000 -2.482409481901026e-001 1.631297438014965e-001 8.573372236308907e-002 0.000000000000000e+000
4.333529411764706e+000 -7.687036756967275e-002 2.255807536636882e-001 1.025561646209596e+000 1.448448942171904e+000 -5.244454719457226e-003 3.030645408404016e+000 -2.415574061542161e-001 1.533568880118600e-001 8.359052309054625e-002 0.000000000000000e+000
4.341601307189543e+000 -8.660712902835538e-002 2.248357441290114e-001 1.026179859338135e+000 1.454355854282229e+000 -2.518855991447300e-003 3.028668780013619e+000 -2.357835455992433e-001 1.417552004144026e-001 8.098243377425650e-002 0.000000000000000e+000
4.349673202614380e+000 -9.623231916354778e-002 2.241936899329999e-001 1.026987935258764e+000 1.461440828048963e+000 -5.315222038064782e-004 3.027304988237518e+000 -2.314258437626617e-001 1.285526331423184e-001 7.813479384664925e-002 0.000000000000000e+000
4.357745098039216e+000 -1.057502856929540e-001 2.236365675745491e-001 1.027952326236442e+000 1.469476033059025e+000 3.766274355057053e-004 3.026514487852474e+000 -2.288525502682115e-001 1.142122825579595e-001 7.521175413738661e-002 0.000000000000000e+000
4.365816993464053e+000 -1.151669350729291e-001 2.231506827449233e-001 1.029034358105991e+000 1.478081044326093e+000 5.893966638814696e-005 3.026257019609230e+000 -2.281483490894213e-001 9.936075420518636e-002 7.231734803469356e-002 0.000000000000000e+000
4.373888888888890e+000 -1.244848704425146e-001 2.227324569102770e-001 1.030198718580343e+000 1.486806454936682e+000 -1.367900101337582e-003 3.026473127656451e+000 -2.290442486538576e-001 8.465267134944857e-002 6.949782355997636e-002 0.000000000000000e+000
4.381960784313726e+000 -1.337013471970101e-001 2.223910496993166e-001 1.031419292505712e+000 1.495228102400700e+000 -3.553796305876267e-003 3.027101773851597e+000 -2.309753819316976e-001 7.064217338820410e-002 6.673279557663715e-002 0.000000000000000e+000
4.390032679738563e+000 -1.428098681403060e-001 2.221447837735073e-001 1.032680799630871e+000 1.503021321288808e+000 -6.027211026330193e-003 3.028113462196604e+000 -2.332394728741584e-001 5.770048785241538e-002 6.393252423983731e-002 0.000000000000000e+000
4.398104575163400e+000 -1.518043556887636e-001 2.220108140409467e-001 1.033976663468400e+000 1.510015443098024e+000 -8.337944499135830e-003 3.029527233466561e+000 -2.351865490482813e-001 4.597505639978144e-002 6.095136422348565e-002 0.000000000000000e+000
4.406176470588236e+000 -1.606842387774390e-001 2.219936912443613e-001 1.035304565395949e+000 1.516218123002573e+000 -1.018096787202505e-002 3.031403402454933e+000 -2.363746371297360e-001 3.539220616043394e-002 5.760697688904014e-002 0.000000000000000e+000
4.414248366013073e+000 -1.694582243666131e-001 2.220808997821384e-001 1.036661515157163e+000 1.521784659836679e+000 -1.146893512111413e-002 3.033821537916657e+000 -2.366539951368747e-001 2.571775550228988e-002 5.370579630332723e-002 0.000000000000000e+000
4.422320261437910e+000 -1.781439001536061e-001 2.222473720817990e-001 1.038040660763799e+000 1.526934183859620e+000 -1.233439841251149e-002 3.036853862387099e+000 -2.361660925202678e-001 1.666507668565203e-002 4.908925863298856e-002 0.000000000000000e+000
4.430392156862746e+000 -1.867624232246155e-001 2.224639161867966e-001 1.039431758785539e+000 1.531853972034398e+000 -1.305888715915504e-002 3.040542727106437e+000 -2.352600955346155e-001 8.006837098322181e-003 4.368655297232688e-002 0.000000000000000e+000
4.438464052287583e+000 -1.953308857474197e-001 2.227040393438015e-001 1.040824646064202e+000 1.536632415025348e+000 -1.395509451617039e-002 3.044892334828429e+000 -2.343572516882389e-001 -3.473353797502258e-004 3.753449639977713e-002 0.000000000000000e+000
4.446535947712420e+000 -2.038568715316128e-001 2.229473495883903e-001 1.042212563983225e+000 1.541236313053177e+000 -1.525556375960857e-002 3.049879108937092e+000 -2.338214813319670e-001 -8.323373065215701e-003 3.075088041021962e-002 0.000000000000000e+000
4.454607843137256e+000 -2.123388345996258e-001 2.231802072855953e-001 1.043593058859919e+000 1.545541226687860e+000 -1.705904148330428e-002 3.055465982798450e+000 -2.338887582183460e-001 -1.572340229088541e-002 2.349342946236116e-002 0.000000000000000e+000
4.462679738562093e+000 -2.207714166446426e-001 2.233943211785227e-001 1.044966385431112e+000 1.549409106217873e+000 -1.934244886653125e-002 3.061596018787415e+000 -2.346606180726595e-001 -2.233176787568072e-002 1.594665655936221e-002 0.000000000000000e+000
4.470751633986930e+000 -2.291504966092413e-001 2.235840328374793e-001 1.046332582775060e+000 1.552769114307147e+000 -2.199941986646237e-002 3.068165860098755e+000 -2.361220209759925e-001 -2.802600606297354e-002 8.336520438024695e-003 0.000000000000000e+000
4.478823529411766e+000 -2.374739293716667e-001 2.237442020518171e-001 1.047689122719618e+000 1.555649719950009e+000 -2.486968888822294e-002 3.075011101661912e+000 -2.381535417052798e-001 -3.282068176682494e-002 9.305592384180183e-004 0.000000000000000e+000
4.486895424836603e+000 -2.457388943254981e-001 2.238704576789750e-001 1.049030968127407e+000 1.558152168614337e+000 -2.775694807643037e-002 3.081925983485593e+000 -2.405439140189974e-001 -3.683236942403183e-002 -5.999559206229065e-003 0.000000000000000e+000
4.494967320261440e+000 -2.539393015252575e-001 2.239618950050538e-001 1.050353246042221e+000 1.560394079262622e+000 -3.044553668536976e-002 3.088704983822094e+000 -2.430168632219194e-001 -4.020979234670657e-002 -1.222747134697608e-002 0.000000000000000e+000
4.503039215686276e+000 -2.620657637704375e-001 2.240248822603434e-001 1.051654069592119e+000 1.562455670537298e+000 -3.272873942422017e-002 3.095179844013138e+000 -2.452826859832591e-001 -4.307447484987144e-002 -1.760390842521401e-002 0.000000000000000e+000
4.511111111111113e+000 -2.701090448121533e-001 2.240757041041767e-001 1.052934288036318e+000 1.564349492602735e+000 -3.445789719426751e-002 3.101239029051923e+000 -2.471159973019239e-001 -4.549210469030983e-002 -2.206899714605689e-002 0.000000000000000e+000
4.519183006535950e+000 -2.780655101631623e-001 2.241405679847801e-001 1.054194200619271e+000 1.566023381033562e+000 -3.559192912052911e-002 3.106837140025395e+000 -2.484268097784720e-001 -4.747876276579275e-002 -2.564999063477632e-002 0.000000000000000e+000
4.527254901960786e+000 -2.859405008689736e-001 2.242529358007963e-001 1.055430345491694e+000 1.567391802008107e+000 -3.620617267244430e-002 3.112000342831265e+000 -2.492756859836250e-001 -4.903246250154980e-002 -2.844567066437874e-002 0.000000000000000e+000
4.535326797385623e+000 -2.937465474521481e-001 2.244459927000328e-001 1.056634167367281e+000 1.568382340699287e+000 -3.644489672642126e-002 3.116810227411319e+000 -2.498181777395552e-001 -5.016781557487998e-002 -3.060341912918376e-002 0.000000000000000e+000
4.543398692810460e+000 -3.014981859642300e-001 2.247382712131287e-001 1.057792004972858e+000 1.568988988501874e+000 -3.645048753892777e-002 3.121357813560914e+000 -2.502173073314111e-001 -5.094347241091890e-002 -3.229152416634618e-002 0.000000000000000e+000
4.551470588235296e+000 -3.092083390819974e-001 2.251209905321090e-001 1.058885788698799e+000 1.569313559393332e+000 -3.632778446944940e-002 3.125705255345159e+000 -2.505923092928378e-001 -5.148402195915257e-002 -3.366698506809715e-002 0.000000000000000e+000
4.559542483660133e+000 -3.168885301243413e-001 2.255618255234506e-001 1.059894406696837e+000 1.569553772001986e+000 -3.616354692682799e-002 3.129892565578343e+000 -2.510320696984232e-001 -5.197661828819099e-002 -3.485231666629616e-002 0.000000000000000e+000
4.567614379084970e+000 -3.245502034247372e-001 2.260251589926270e-001 1.060795929482179e+000 1.569921368939822e+000 -3.605211514758322e-002 3.133971709688451e+000 -2.516225907596576e-001 -5.261618021819855e-002 -3.593442463581405e-002 0.000000000000000e+000
4.575686274509806e+000 -3.322035412531868e-001 2.264913326296839e-001 1.061571091722211e+000 1.570542171683808e+000 -3.607544274987018e-002 3.138026626571350e+000 -2.524305513981012e-001 -5.352199696085200e-002 -3.697816911642771e-002 0.000000000000000e+000
4.583758169934643e+000 -3.398534098055571e-001 2.269610703568433e-001 1.062207113843008e+000 1.571412854237005e+000 -3.625059664669461e-002 3.142164192067420e+000 -2.534551956566128e-001 -5.469044134196634e-002 -3.803817153979618e-002 0.000000000000000e+000
4.591830065359480e+000 -3.474955040072847e-001 2.274466749432858e-001 1.062699203140206e+000 1.572436499139148e+000 -3.650026725993705e-002 3.146483798428522e+000 -2.546051765706086e-001 -5.601997812047217e-002 -3.915767016114594e-002 0.000000000000000e+000
4.599901960784316e+000 -3.551166485037348e-001 2.279596535303627e-001 1.063048880173286e+000 1.573499156787192e+000 -3.667938085323064e-002 3.151037643199000e+000 -2.557308072303538e-001 -5.738552778849457e-002 -4.035351155867514e-002 0.000000000000000e+000
4.607973856209153e+000 -3.627006146628382e-001 2.285032997547261e-001 1.063261358346992e+000 1.574538396808319e+000 -3.664239384926260e-002 3.155797245817436e+000 -2.566927336291514e-001 -5.871747982364355e-002 -4.159954808105103e-002 0.000000000000000e+000
4.616045751633989e+000 -3.702355190116555e-001 2.290733665350523e-001 1.063343959543000e+000 1.575577354604635e+000 -3.630161250592634e-002 3.160650895514976e+000 -2.574179118777080e-001 -6.005208644737676e-002 -4.283102238331678e-002 0.000000000000000e+000
4.624117647058826e+000 -3.777163823763268e-001 2.296636939887097e-001 1.063305677250505e+000 1.576720841950143e+000 -3.562868937811325e-002 3.165449303819871e+000 -2.578972482594095e-001 -6.153480412460068e-002 -4.398251744003103e-002 0.000000000000000e+000
4.632189542483663e+000 -3.851425911126886e-001 2.302694570436386e-001 1.063156903373063e+000 1.578126997835142e+000 -3.461321710171017e-002 3.170067181756894e+000 -2.581385237325332e-001 -6.337812962882201e-002 -4.503103465585846e-002 0.000000000000000e+000
4.640261437908499e+000 -3.925162996190990e-001 2.308846097098911e-001 1.062908406807028e+000 1.579971460104615e+000 -3.324016196200441e-002 3.174427590653904e+000 -2.581358481139134e-001 -6.579622519683881e-002 -4.600421897171675e-002 0.000000000000000e+000
4.648333333333336e+000 -3.998443370627743e-001 2.315002945871257e-001 1.062569802169229e+000 1.582407764225426e+000 -3.150599146615707e-002 3.178494050304463e+000 -2.578789666654616e-001 -6.894315449823849e-002 -4.696184076281360e-002 0.000000000000000e+000
4.656405228758173e+000 -4.071408203052674e-001 2.321108271498017e-001 1.062148640111041e+000 1.585524407295553e+000 -2.944323121638859e-002 3.182271160724464e+000 -2.573767064948362e-001 -7.287245772367620e-002 -4.798335970625021e-002 0.000000000000000e+000
4.664477124183009e+000 -4.144251044863496e-001 2.327247067154643e-001 1.061652481261099e+000 1.589329015837754e+000 -2.707513071376955e-002 3.185782368401348e+000 -2.566151922098914e-001 -7.755724979957240e-002 -4.919383044279482e-002 0.000000000000000e+000
4.672549019607846e+000 -4.217294147361518e-001 2.333544460188120e-001 1.061084685769904e+000 1.593716966095297e+000 -2.461521487315355e-002 3.189216148399902e+000 -2.557669759435738e-001 -8.281728131878438e-002 -5.066825612576618e-002 0.000000000000000e+000
4.680620915032683e+000 -4.290786185511727e-001 2.340245734533417e-001 1.060453540025457e+000 1.598582279408605e+000 -2.213006184479838e-002 3.192669108852150e+000 -2.548562942548812e-001 -8.852894507937700e-002 -5.253780385052666e-002 0.000000000000000e+000
4.688692810457519e+000 -4.364957980379552e-001 2.347514183319357e-001 1.059764337069155e+000 1.603820602173620e+000 -1.973122694275764e-002 3.196240864384354e+000 -2.539587756791650e-001 -9.456657671999796e-002 -5.486109831779922e-002 0.000000000000000e+000
4.696764705882356e+000 -4.439964312584650e-001 2.355399122300913e-001 1.059018171036008e+000 1.609377994157391e+000 -1.749704588715750e-002 3.199957263671166e+000 -2.531211663406885e-001 -1.008661747543910e-001 -5.760969048386197e-002 0.000000000000000e+000
4.704836601307193e+000 -4.515866971899140e-001 2.363819757760690e-001 1.058211925085277e+000 1.615272009510895e+000 -1.544531225239743e-002 3.203771494316791e+000 -2.523304563447188e-001 -1.074455478951426e-001 -6.067692723844901e-002 0.000000000000000e+000
4.712908496732029e+000 -4.592643390343456e-001 2.372580727118561e-001 1.057340625455771e+000 1.621571926914964e+000 -1.352134837799057e-002 3.207592067954380e+000 -2.514983120888079e-001 -1.143757097299098e-001 -6.391242510668486e-002 0.000000000000000e+000
4.720980392156866e+000 -4.670223937702562e-001 2.381421502830128e-001 1.056399394245074e+000 1.628333748073836e+000 -1.162522251498910e-002 3.211312473926475e+000 -2.504899779526880e-001 -1.217028060726966e-001 -6.715089846847991e-002 0.000000000000000e+000
4.729052287581703e+000 -4.748530728803017e-001 2.390084791915173e-001 1.055383708656089e+000 1.635532285401165e+000 -9.669645458979526e-003 3.214832501298339e+000 -2.491925499951481e-001 -1.293718003366746e-001 -7.023206346586233e-002 0.000000000000000e+000
4.737124183006539e+000 -4.827488661686902e-001 2.398367422754442e-001 1.054289240463857e+000 1.643037919041092e+000 -7.625902257039074e-003 3.218067631041937e+000 -2.475738447146452e-001 -1.372030237506808e-001 -7.301642164116712e-002 0.000000000000000e+000
4.745196078431376e+000 -4.907019729515224e-001 2.406136797204760e-001 1.053112742554727e+000 1.650644934160527e+000 -5.528368732576894e-003 3.220943322138875e+000 -2.456916639828766e-001 -1.449289244252046e-001 -7.538607039142196e-002 0.000000000000000e+000
4.753267973856213e+000 -4.987051366305382e-001 2.413327439079634e-001 1.051853598876485e+000 1.658120085919648e+000 -3.450367404174148e-003 3.223382807790606e+000 -2.436635050543419e-001 -1.522569884779267e-001 -7.723167575506180e-002 0.000000000000000e+000
4.761339869281049e+000 -5.067537101220924e-001 2.419931958815256e-001 1.050515183581145e+000 1.665233389002743e+000 -1.473982327030887e-003 3.225306005600343e+000 -2.416250007278506e-001 -1.589104917861610e-001 -7.845305169334332e-002 0.000000000000000e+000
4.769411764705886e+000 -5.148464102984610e-001 2.425991827242836e-001 1.049106251329441e+000 1.671761182596791e+000 3.415826361095053e-004 3.226647998412294e+000 -2.396865275900650e-001 -1.646288331495904e-001 -7.898889916407879e-002 0.000000000000000e+000
4.777483660130723e+000 -5.229845413573216e-001 2.431596729996739e-001 1.047641920112014e+000 1.677485998139852e+000 1.985358128216763e-003 3.227385392086915e+000 -2.378972426520220e-001 -1.691599661428574e-001 -7.885310374701068e-002 0.000000000000000e+000
4.785555555555559e+000 -5.311713258165904e-001 2.436897660659332e-001 1.046142707609870e+000 1.682215109744021e+000 3.495378587742071e-003 3.227555056163094e+000 -2.362367946024152e-001 -1.722803989203665e-001 -7.814901584907054e-002 0.000000000000000e+000
4.793627450980396e+000 -5.394119345345464e-001 2.442124984745798e-001 1.044631672521320e+000 1.685811858792001e+000 4.933808861836031e-003 3.227265426212695e+000 -2.346374638801307e-001 -1.738364839294965e-001 -7.706196785193026e-002 0.000000000000000e+000
4.801699346405233e+000 -5.477145308073588e-001 2.447587661875694e-001 1.043131485613807e+000 1.688222526400494e+000 6.354035322224449e-003 3.226697063897179e+000 -2.330170729041700e-001 -1.737798506940723e-001 -7.584315810385789e-002 0.000000000000000e+000
4.809771241830069e+000 -5.560927221387378e-001 2.453627551634657e-001 1.041662338372383e+000 1.689484359259139e+000 7.772252201132091e-003 3.226076583123230e+000 -2.313077273967928e-001 -1.721754280175525e-001 -7.478892401928051e-002 0.000000000000000e+000
4.817843137254906e+000 -5.645674557218234e-001 2.460533892310464e-001 1.040240049855262e+000 1.689709753457348e+000 9.149265100171666e-003 3.225628227905294e+000 -2.294782212324418e-001 -1.691752961823144e-001 -7.420730400906479e-002 0.000000000000000e+000
4.825915032679743e+000 -5.731648071541688e-001 2.468459688359029e-001 1.038874261665905e+000 1.689056703075578e+000 1.038978783826794e-002 3.225529042523083e+000 -2.275480789966884e-001 -1.649738530953686e-001 -7.435462247181315e-002 0.000000000000000e+000
4.833986928104579e+000 -5.819092619047174e-001 2.477385199285043e-001 1.037568669485056e+000 1.687693527614846e+000 1.136358254161740e-002 3.225883867994286e+000 -2.255856084798564e-001 -1.597611634204811e-001 -7.535228884799033e-002 0.000000000000000e+000
4.842058823529416e+000 -5.908163434823927e-001 2.487149675528179e-001 1.036324915755835e+000 1.685758827928447e+000 1.194029222497983e-002 3.226723324887515e+000 -2.236888844776541e-001 -1.536788796136719e-001 -7.713441362540303e-002 0.000000000000000e+000
4.850130718954253e+000 -5.998883133013292e-001 2.497523819048422e-001 1.035147639521125e+000 1.683333742219147e+000 1.201915727381619e-002 3.228020560692277e+000 -2.219631567133710e-001 -1.467939660935270e-001 -7.945835071465211e-002 0.000000000000000e+000
4.858202614379089e+000 -6.091134124794772e-001 2.508267693737912e-001 1.034045978380735e+000 1.680449542543515e+000 1.154413195512549e-002 3.229708688756273e+000 -2.205044143886922e-001 -1.391150705584417e-001 -8.196411761115696e-002 0.000000000000000e+000
4.866274509803926e+000 -6.184670236108090e-001 2.519159667757263e-001 1.033030682866703e+000 1.677119741800264e+000 1.051210646688094e-002 3.231682126022285e+000 -2.193847188790871e-001 -1.306418930931890e-001 -8.424880162504396e-002 0.000000000000000e+000
4.874346405228763e+000 -6.279130914013791e-001 2.530015516198883e-001 1.032111067220064e+000 1.673356434017621e+000 8.983696079561065e-003 3.233792016184145e+000 -2.186328182720072e-001 -1.213949692947321e-001 -8.592871598058637e-002 0.000000000000000e+000
4.882418300653599e+000 -6.374049785329808e-001 2.540700153738156e-001 1.031295509269823e+000 1.669146919472299e+000 7.095048122935044e-003 3.235859664275257e+000 -2.182134052031438e-001 -1.113891781210655e-001 -8.668799341552166e-002 0.000000000000000e+000
4.890490196078436e+000 -6.468867638576011e-001 2.551135250490569e-001 1.030594337866759e+000 1.664403204852973e+000 5.051976590219054e-003 3.237714732130760e+000 -2.180283515245671e-001 -1.005686447975969e-001 -8.632241031293404e-002 0.000000000000000e+000
4.898562091503273e+000 -6.562975993598010e-001 2.561248613256709e-001 1.030018876075693e+000 1.658950661113081e+000 3.034210459553988e-003 3.239182109647774e+000 -2.180278353977152e-001 -8.879240003071806e-002 -8.460367407799307e-002 0.000000000000000e+000
4.906633986928109e+000 -6.655861182372210e-001 2.571234850867456e-001 1.029590037671766e+000 1.652486399018811e+000 1.286698430280175e-003 3.240264799554050e+000 -2.180693042053825e-001 -7.578860117418848e-002 -8.186972085223897e-002 0.000000000000000e+000
4.914705882352946e+000 -6.747178685975276e-001 2.581173050326754e-001 1.029319039814667e+000 1.644805080250681e+000 -2.175208184014288e-004 3.240836803509109e+000 -2.183153908105701e-001 -6.143774627839124e-002 -7.803372453370887e-002 0.000000000000000e+000
4.922777777777783e+000 -6.836851185437224e-001 2.591239045121253e-001 1.029212973002460e+000 1.635889571660076e+000 -1.644596740612458e-003 3.240783243213052e+000 -2.190328033110351e-001 -4.588581060671737e-002 -7.318432067726717e-002 0.000000000000000e+000
4.930849673202619e+000 -6.925015330219820e-001 2.601642328593299e-001 1.029271091011509e+000 1.626024455662932e+000 -3.263494390323807e-003 3.239994221779415e+000 -2.205386633623973e-001 -2.966966099068748e-002 -6.745164575681881e-002 0.000000000000000e+000
4.938921568627456e+000 -7.011903856502557e-001 2.612606113329419e-001 1.029485448845497e+000 1.615746643090655e+000 -5.313279486672151e-003 3.238429605250519e+000 -2.230471080226462e-001 -1.362249773586913e-002 -6.103303426694514e-002 0.000000000000000e+000
4.946993464052293e+000 -7.097734782190929e-001 2.624308838009918e-001 1.029841473827504e+000 1.605657584709443e+000 -7.893285701265684e-003 3.236157441362266e+000 -2.265536155999152e-001 1.397955781870943e-003 -5.418873235923281e-002 0.000000000000000e+000
4.955065359477129e+000 -7.182662653297005e-001 2.636809767188324e-001 1.030318990149992e+000 1.596228693940576e+000 -1.094368684992242e-002 3.233332149031441e+000 -2.308318975066933e-001 1.477237811972611e-002 -4.720592589070394e-002 0.000000000000000e+000
4.963137254901966e+000 -7.266787942355202e-001 2.650017760996730e-001 1.030895328035202e+000 1.587709140938757e+000 -1.430289771278259e-002 3.230137132022656e+000 -2.355230003004967e-001 2.622935457644493e-002 -4.035481870060856e-002 0.000000000000000e+000
4.971209150326803e+000 -7.350185939510022e-001 2.663723928210348e-001 1.031549822647470e+000 1.580136544756575e+000 -1.778089628925761e-002 3.226733571733503e+000 -2.402428321249220e-001 3.580976777668995e-002 -3.385640743246465e-002 0.000000000000000e+000
4.979281045751639e+000 -7.432919441145367e-001 2.677654135936898e-001 1.032267586157608e+000 1.573403831080615e+000 -2.120076276223459e-002 3.223231212630360e+000 -2.446531694699916e-001 4.376144562010010e-002 -2.786489810942586e-002 0.000000000000000e+000
4.987352941176476e+000 -7.515026219695915e-001 2.691509580580613e-001 1.033041219867015e+000 1.567346682522249e+000 -2.440630652140019e-002 3.219679793261417e+000 -2.484921752439139e-001 5.041701704156711e-002 -2.246091094877023e-002 0.000000000000000e+000
4.995424836601313e+000 -7.596497887668052e-001 2.705016787687064e-001 1.033869845047661e+000 1.561819390409950e+000 -2.726238411628512e-002 3.216083808427324e+000 -2.515898717552387e-001 5.608640101421256e-002 -1.765842085054534e-002 0.000000000000000e+000
5.003496732026149e+000 -7.677265535421231e-001 2.717989555631433e-001 1.034755558566471e+000 1.556730514616370e+000 -2.965734484484428e-002 3.212439390329908e+000 -2.538740873027666e-001 6.099424549596573e-002 -1.342696037677810e-002 0.000000000000000e+000
5.011568627450986e+000 -7.757204442996823e-001 2.730344185182955e-001 1.035699149595655e+000 1.552042147345070e+000 -3.150565913517367e-002 3.208764036572795e+000 -2.553594266314546e-001 6.527125066125199e-002 -9.709263277494062e-003 0.000000000000000e+000
5.019640522875823e+000 -7.836173472717120e-001 2.742043746263873e-001 1.036697658671924e+000 1.547758608967754e+000 -3.276572627652685e-002 3.205088646594439e+000 -2.561365660551586e-001 6.897504758388781e-002 -6.417629347875807e-003 0.000000000000000e+000
5.027712418300659e+000 -7.914077593843270e-001 2.753052580398820e-001 1.037744192845638e+000 1.543910021521234e+000 -3.347468339737869e-002 3.201435259440129e+000 -2.563760517934782e-001 7.211801434853021e-002 -3.430701034508352e-003 0.000000000000000e+000
5.035784313725496e+000 -7.990912858895712e-001 2.763363504740121e-001 1.038827930309505e+000 1.540518782269999e+000 -3.376741445149412e-002 3.197820924291925e+000 -2.563236400520558e-001 7.470511835475555e-002 -6.152259426082897e-004 0.000000000000000e+000
5.043856209150333e+000 -8.066765230431876e-001 2.773020385929644e-001 1.039933164197695e+000 1.537555845031737e+000 -3.384697932136649e-002 3.194270415895892e+000 -2.562545487870284e-001 7.678799608695659e-002 2.141312587068543e-003 0.000000000000000e+000
5.051928104575169e+000 -8.141766966441117e-001 2.782053818777241e-001 1.041039076092509e+000 1.534920260532539e+000 -3.390894029387681e-002 3.190804208641024e+000 -2.563875631472450e-001 7.850830305109736e-002 4.908537050177530e-003 0.000000000000000e+000
5.060000000000006e+000 -8.216048311372127e-001 2.790408450592960e-001 1.042122477737169e+000 1.532468891542952e+000 -3.406920744918573e-002 3.187422827697775e+000 -2.568131549163424e-001 8.008012875521182e-002 7.701426463719236e-003 0.000000000000000e+000
5.068071895424843e+000 -8.289722666164560e-001 2.797972785800310e-001 1.043163362516461e+000 1.530076851549261e+000 -3.434807488843128e-002 3.184118671984803e+000 -2.574932707819069e-001 8.171084325554433e-002 1.047853351285268e-002 0.000000000000000e+000
5.076143790849679e+000 -8.362894483914131e-001 2.804667155137965e-001 1.044150291426593e+000 1.527682670676305e+000 -3.470374730333981e-002 3.180897619393598e+000 -2.583210537022447e-001 8.352458582367811e-002 1.315742670376771e-002 0.000000000000000e+000
5.084215686274516e+000 -8.435658499215396e-001 2.810486104584737e-001 1.045082298250229e+000 1.525302247957239e+000 -3.507428323911421e-002 3.177778791024477e+000 -2.591860832966983e-001 8.553207891748459e-002 1.564631510690288e-002 0.000000000000000e+000
5.092287581699353e+000 -8.508091585370998e-001 2.815482337226263e-001 1.045966893357478e+000 1.523018277242774e+000 -3.540873822061608e-002 3.174770113248927e+000 -2.600165328667365e-001 8.764349963435419e-002 1.787904506642068e-002 0.000000000000000e+000
5.100359477124189e+000 -8.580255339299474e-001 2.819731436275555e-001 1.046816127983258e+000 1.520942526951236e+000 -3.568762113262802e-002 3.171842828496178e+000 -2.607987482322595e-001 8.972008154897160e-002 1.983697650703859e-002 0.000000000000000e+000
5.108431372549026e+000 -8.652205423216545e-001 2.823305528432272e-001 1.047642031337420e+000 1.519155899241383e+000 -3.592513077578907e-002 3.168932340049939e+000 -2.615703836867889e-001 9.165645367640658e-002 2.155012894513341e-002 0.000000000000000e+000
5.116503267973863e+000 -8.723991511416789e-001 2.826275387230222e-001 1.048452131212998e+000 1.517652789696871e+000 -3.614513046356116e-002 3.165969112505063e+000 -2.623822650801665e-001 9.345657098486210e-002 2.308213158661755e-002 0.000000000000000e+000
5.124575163398699e+000 -8.795650640294012e-001 2.828746640350517e-001 1.049246557653269e+000 1.516312363231190e+000 -3.635007626313769e-002 3.162922330174821e+000 -2.632543307852830e-001 9.526575705844796e-002 2.450045071071189e-002 0.000000000000000e+000
5.132647058823536e+000 -8.867204827762618e-001 2.830901207022807e-001 1.050017788008592e+000 1.514908387487694e+000 -3.651233768632212e-002 3.159835820648741e+000 -2.641609322827939e-001 9.734628912318097e-002 2.583908938907235e-002 0.000000000000000e+000
5.140718954248372e+000 -8.938660827388245e-001 2.832985487559243e-001 1.050752524979142e+000 1.513183192296024e+000 -3.659075512565968e-002 3.156821364843448e+000 -2.650492814714444e-001 9.997881760536052e-002 2.708870482223859e-002 0.000000000000000e+000
5.148790849673209e+000 -9.010008549303670e-001 2.835214466892824e-001 1.051435092476217e+000 1.510978906505111e+000 -3.655281997015547e-002 3.153994542861224e+000 -2.658686417805234e-001 1.033095567800408e-001 2.823445957455975e-002 0.000000000000000e+000
5.156862745098046e+000 -9.081223644703368e-001 2.837645873086221e-001 1.052052346265515e+000 1.508334898291184e+000 -3.638337408262182e-002 3.151404721775215e+000 -2.665864451631327e-001 1.072521161891909e-001 2.930193695651990e-002 0.000000000000000e+000
5.164934640522882e+000 -9.152279252661283e-001 2.840119661691024e-001 1.052598857306036e+000 1.505472070967804e+000 -3.607586520654271e-002 3.149017938014459e+000 -2.671843712737415e-001 1.115243633183760e-001 3.036161653844986e-002 0.000000000000000e+000
5.173006535947719e+000 -9.223159630254504e-001 2.842303201648455e-001 1.053079035170658e+000 1.502695586550346e+000 -3.561874806124132e-002 3.146752247866144e+000 -2.676477870772149e-001 1.157684652207182e-001 3.149404291380916e-002 0.000000000000000e+000
5.181078431372556e+000 -9.293864803472549e-001 2.843804254955850e-001 1.053503344201034e+000 1.500291363762270e+000 -3.499523140254324e-002 3.144524342660104e+000 -2.679676581972731e-001 1.196639428577401e-001 3.275837804045524e-002 0.000000000000000e+000
5.189150326797392e+000 -9.364410628150326e-001 2.844286896741372e-001 1.053879811928411e+000 1.498442692846929e+000 -3.420309822737910e-002 3.142273975760479e+000 -2.681599476323307e-001 1.230116849956991e-001 3.419148391150272e-002 0.000000000000000e+000
5.197222222222229e+000 -9.434830085965128e-001 2.843557362583865e-001 1.054206748281577e+000 1.497173827250491e+000 -3.327430377557050e-002 3.139967719075997e+000 -2.682802537191070e-001 1.257861377745422e-001 3.581781145431763e-002 0.000000000000000e+000
5.205294117647066e+000 -9.505168999102940e-001 2.841613778331208e-001 1.054472284387269e+000 1.496346510037289e+000 -3.226951591700189e-002 3.137597128074603e+000 -2.684097500014816e-001 1.281266536369136e-001 3.764556096819759e-002 0.000000000000000e+000
5.213366013071902e+000 -9.575476638262367e-001 2.838638084410433e-001 1.054659859050075e+000 1.495720104794496e+000 -3.125383520835823e-002 3.135170016208924e+000 -2.686227303755547e-001 1.302632190380397e-001 3.965962896007925e-002 0.000000000000000e+000
5.221437908496739e+000 -9.645801150327898e-001 2.834912916286064e-001 1.054754461007159e+000 1.495044913016814e+000 -3.027209265617592e-002 3.132689357542460e+000 -2.689584677512756e-001 1.324187487663663e-001 4.183035475991786e-002 0.000000000000000e+000
5.229509803921576e+000 -9.716190146656054e-001 2.830699046694625e-001 1.054746663063886e+000 1.494136356075005e+000 -2.933360010927433e-002 3.130127050565392e+000 -2.694091231376287e-001 1.347434916362121e-001 4.413835188631558e-002 0.000000000000000e+000
5.237581699346412e+000 -9.786691498019861e-001 2.826145256393550e-001 1.054634531876647e+000 1.492895614136075e+000 -2.841573616518867e-002 3.127405875766415e+000 -2.699318702810170e-001 1.373090345312640e-001 4.659939863727650e-002 0.000000000000000e+000
5.245653594771249e+000 -9.857344305645074e-001 2.821276365908091e-001 1.054423815642450e+000 1.491281713547857e+000 -2.746419164775449e-002 3.124422469605564e+000 -2.704578806705001e-001 1.401492079190152e-001 4.928305321075822e-002 0.000000000000000e+000
5.253725490196086e+000 -9.928244633661469e-001 2.816091956590637e-001 1.054124773250188e+000 1.489301835837318e+000 -2.648877315076703e-002 3.121021279262477e+000 -2.709813094703900e-001 1.432475633957046e-001 5.216455411733120e-002 0.000000000000000e+000
5.261797385620922e+000 -9.999442640577818e-001 2.810599247958360e-001 1.053749353844989e+000 1.486952763770252e+000 -2.540694660360976e-002 3.117234192909133e+000 -2.714085460491520e-001 1.466296634800368e-001 5.525472939112636e-002 0.000000000000000e+000
5.269869281045759e+000 -1.007105971712525e+000 2.804908533972382e-001 1.053305081320425e+000 1.484260190094645e+000 -2.422077872064921e-002 3.113168379565990e+000 -2.717205714051549e-001 1.502798229252856e-001 5.837614000555774e-002 0.000000000000000e+000
5.277941176470596e+000 -1.014318480648529e+000 2.799165247891349e-001 1.052794824284190e+000 1.481232958367626e+000 -2.286712576970951e-002 3.109057920571150e+000 -2.718260964927298e-001 1.542159165490529e-001 6.126211631348013e-002 0.000000000000000e+000
5.286013071895432e+000 -1.021594434808300e+000 2.793567657991799e-001 1.052212490057033e+000 1.477923600446917e+000 -2.155497640776982e-002 3.105008506056295e+000 -2.719489115344193e-001 1.583569169025076e-001 6.391702638820719e-002 0.000000000000000e+000
5.294084967320269e+000 -1.028929057986190e+000 2.788184556485360e-001 1.051555177440569e+000 1.474284099036360e+000 -2.008435512148643e-002 3.101205740232419e+000 -2.718540561906315e-001 1.627821094113038e-001 6.607950464050746e-002 0.000000000000000e+000
5.302156862745106e+000 -1.036320596965644e+000 2.783088777011837e-001 1.050814956698355e+000 1.470323478869256e+000 -1.853187339683649e-002 3.097654806605493e+000 -2.716281032410431e-001 1.674460985927888e-001 6.777884392523827e-002 0.000000000000000e+000
5.310228758169942e+000 -1.043762621587993e+000 2.778308204743416e-001 1.049984635212724e+000 1.466062592888928e+000 -1.693045391718107e-002 3.094363364386954e+000 -2.713123792523497e-001 1.722856476336425e-001 6.901227822443593e-002 0.000000000000000e+000
5.318300653594779e+000 -1.051248152795109e+000 2.773862229897713e-001 1.049057579836973e+000 1.461571067348598e+000 -1.533623609202750e-002 3.091354789275961e+000 -2.709724855580886e-001 1.771725422183301e-001 6.977785818242722e-002 0.000000000000000e+000
5.326372549019616e+000 -1.058771290821349e+000 2.769757845466644e-001 1.048029540502875e+000 1.456976165887362e+000 -1.381330313530405e-002 3.088672047264824e+000 -2.706754361817707e-001 1.819103584370043e-001 7.007072027944110e-002 0.000000000000000e+000
5.334444444444452e+000 -1.066327569470704e+000 2.765961004695939e-001 1.046901325336633e+000 1.452455547983686e+000 -1.241530657563805e-002 3.086355129129355e+000 -2.704703890948091e-001 1.862549088368114e-001 6.989590087939124e-002 0.000000000000000e+000
5.342516339869289e+000 -1.073913235304283e+000 2.762369386620750e-001 1.045681149469398e+000 1.448214135585090e+000 -1.117225929855858e-002 3.084425986262957e+000 -2.703797914211346e-001 1.899575119013816e-001 6.927800962467999e-002 0.000000000000000e+000
5.350588235294126e+000 -1.081525415447004e+000 2.758806087607566e-001 1.044384800838296e+000 1.444443280706009e+000 -1.009141140008141e-002 3.082882010772833e+000 -2.704023444129679e-001 1.928218114823662e-001 6.826909134657698e-002 0.000000000000000e+000
5.358660130718962e+000 -1.089165172998989e+000 2.755042417046695e-001 1.043032505011506e+000 1.441271542079358e+000 -9.179215193359624e-003 3.081674257767712e+000 -2.705312508933997e-001 1.947523391851797e-001 6.697066263167825e-002 0.000000000000000e+000
5.366732026143799e+000 -1.096842114951995e+000 2.750852057180974e-001 1.041644051847473e+000 1.438730532650436e+000 -8.471085355766350e-003 3.080685087929070e+000 -2.707773826086072e-001 1.957737248541476e-001 6.555562603456176e-002 0.000000000000000e+000
5.374803921568636e+000 -1.104576514564183e+000 2.746073910875505e-001 1.040235681088439e+000 1.436757282268222e+000 -8.041484621178485e-003 3.079742221078067e+000 -2.711765810721610e-001 1.960115409621619e-001 6.425753854665814e-002 0.000000000000000e+000
5.382875816993472e+000 -1.112397069098360e+000 2.740638033345189e-001 1.038820665964034e+000 1.435235642389965e+000 -7.982590394330247e-003 3.078659882827969e+000 -2.717714831205040e-001 1.956397800555468e-001 6.332981107663414e-002 0.000000000000000e+000
5.390947712418309e+000 -1.120335979794735e+000 2.734538125695487e-001 1.037412217609941e+000 1.434053428190257e+000 -8.365546592615791e-003 3.077272965428430e+000 -2.725754350192863e-001 1.948183760421687e-001 6.299498846402152e-002 0.000000000000000e+000
5.399019607843146e+000 -1.128423825582227e+000 2.727789947141849e-001 1.036026370395156e+000 1.433145375932097e+000 -9.204579266489876e-003 3.075458162250349e+000 -2.735335079615154e-001 1.936450863152164e-001 6.338690824425965e-002 0.000000000000000e+000
5.407091503267982e+000 -1.136685003950353e+000 2.720420481387135e-001 1.034683797662470e+000 1.432508678699096e+000 -1.043343753866100e-002 3.073146071476151e+000 -2.744964931107991e-001 1.921290424684928e-001 6.450481057378374e-002 0.000000000000000e+000
5.415163398692819e+000 -1.145132685698943e+000 2.712485060782924e-001 1.033409735447987e+000 1.432182421908310e+000 -1.190339108436866e-002 3.070316920090960e+000 -2.752308900687477e-001 1.902001993468116e-001 6.622231807846937e-002 0.000000000000000e+000
5.423235294117656e+000 -1.153764624165967e+000 2.704081451479981e-001 1.032231796142532e+000 1.432195800136405e+000 -1.340630090197159e-002 3.066985633498920e+000 -2.754674631330520e-001 1.877639714353124e-001 6.833749035269990e-002 0.000000000000000e+000
5.431307189542492e+000 -1.162564593258331e+000 2.695346506866996e-001 1.031177431094867e+000 1.432534203879730e+000 -1.470597523569817e-002 3.063201156062137e+000 -2.749489249668253e-001 1.847514803761899e-001 7.058708472014580e-002 0.000000000000000e+000
5.439379084967329e+000 -1.171509019423057e+000 2.686441943024483e-001 1.030271995837659e+000 1.433162799271037e+000 -1.557034683806635e-002 3.059061060165115e+000 -2.734595957547052e-001 1.811086179339684e-001 7.262785313321692e-002 0.000000000000000e+000
5.447450980392166e+000 -1.180571923953539e+000 2.677544830487465e-001 1.029537116761101e+000 1.434077756392644e+000 -1.580776112825832e-002 3.054709704277983e+000 -2.708565112994870e-001 1.767462569744370e-001 7.407093894802118e-002 0.000000000000000e+000
5.455522875817002e+000 -1.189724772651406e+000 2.668853258014431e-001 1.028990613401587e+000 1.435337589480267e+000 -1.529313848722103e-002 3.050310457488713e+000 -2.670979551616842e-001 1.715087660838258e-001 7.457716287977685e-002 0.000000000000000e+000
5.463594771241839e+000 -1.198933420576398e+000 2.660589797477043e-001 1.028648667325970e+000 1.437067517634616e+000 -1.397645088151611e-002 3.046018896180328e+000 -2.622581411178573e-001 1.651777276119991e-001 7.394449009202099e-002 0.000000000000000e+000
5.471666666666676e+000 -1.208156032575710e+000 2.652973142499542e-001 1.028528192845040e+000 1.439455540936544e+000 -1.188784823448663e-002 3.041973082575848e+000 -2.565365285775617e-001 1.574906021910548e-001 7.214661375507155e-002 0.000000000000000e+000
