---- AnyBody Output File ---------------------------------
Study: Main.Studies.MotionOptimization
Operation: Main.Studies.MotionOptimization.Kinematics
----------------------------------------------------------
Constants (Name = Value): 
Main.Studies.KinematicStudyForParameterIdentification.JointAngleOutputs.OutputFile1.FileName = "..\Input\Subjects\PS\Overground Gait Trials\PS_ngait_og_ss8\PS_ngait_og_ss8-output-euler-trunk.txt"
Main.Studies.KinematicStudyForParameterIdentification.JointAngleOutputs.OutputFile1.NumberFormat.Digits = 15
Main.Studies.KinematicStudyForParameterIdentification.JointAngleOutputs.OutputFile1.NumberFormat.Width = 22
Main.Studies.KinematicStudyForParameterIdentification.JointAngleOutputs.OutputFile1.NumberFormat.Style = ScientificNumber
Main.Studies.KinematicStudyForParameterIdentification.JointAngleOutputs.OutputFile1.NumberFormat.FormatStr = "%22.15e"
Main.Studies.KinematicStudyForParameterIdentification.JointAngleOutputs.OutputFile1.Search = 
Main.Studies.KinematicStudyForParameterIdentification.JointAngleOutputs.OutputFile1.Format = 0
Main.Studies.KinematicStudyForParameterIdentification.JointAngleOutputs.OutputFile1.SepSign = " "
Main.Studies.KinematicStudyForParameterIdentification.JointAngleOutputs.OutputFile1.LineSepSign = ""
Main.Studies.KinematicStudyForParameterIdentification.JointAngleOutputs.OutputFile1.Header.TitleSectionOnOff = On
Main.Studies.KinematicStudyForParameterIdentification.JointAngleOutputs.OutputFile1.Header.ConstSectionOnOff = On
Main.Studies.KinematicStudyForParameterIdentification.JointAngleOutputs.OutputFile1.Header.ConstSectionSaveOptionsOnOff = On
Main.Studies.KinematicStudyForParameterIdentification.JointAngleOutputs.OutputFile1.Header.VarSectionOnOff = On
Main.Studies.KinematicStudyForParameterIdentification.JointAngleOutputs.OutputFile1.Header.ColumnNamesOnOff = On
Main.Studies.KinematicStudyForParameterIdentification.JointAngleOutputs.OutputFile1.Header.LinePrefix = ""
Main.Studies.KinematicStudyForParameterIdentification.JointAngleOutputs.OutputFile1.ConstSectionSaveOptionsOnOff = On
----------------------------------------------------------
Variables (Column# Name): 
col0  Main.Studies.MotionOptimization.t
col1  Main.Studies.KinematicStudyForParameterIdentification.JointAngleOutputs.OutputFile1.PelvisPosX
col2  Main.Studies.KinematicStudyForParameterIdentification.JointAngleOutputs.OutputFile1.PelvisPosY
col3  Main.Studies.KinematicStudyForParameterIdentification.JointAngleOutputs.OutputFile1.PelvisPosZ
col4  Main.Studies.KinematicStudyForParameterIdentification.JointAngleOutputs.OutputFile1.PelvisRotX
col5  Main.Studies.KinematicStudyForParameterIdentification.JointAngleOutputs.OutputFile1.PelvisRotY
col6  Main.Studies.KinematicStudyForParameterIdentification.JointAngleOutputs.OutputFile1.PelvisRotZ
col7  Main.Studies.KinematicStudyForParameterIdentification.JointAngleOutputs.OutputFile1.PelvisThoraxExtension
col8  Main.Studies.KinematicStudyForParameterIdentification.JointAngleOutputs.OutputFile1.PelvisThoraxLateralBending
col9  Main.Studies.KinematicStudyForParameterIdentification.JointAngleOutputs.OutputFile1.PelvisThoraxRotation
col10  Main.Studies.KinematicStudyForParameterIdentification.JointAngleOutputs.OutputFile1.NeckExtension
----------------------------------------------------------
Main.Studies.MotionOptimization.t Main.Studies.KinematicStudyForParameterIdentification.JointAngleOutputs.OutputFile1.PelvisPosX Main.Studies.KinematicStudyForParameterIdentification.JointAngleOutputs.OutputFile1.PelvisPosY Main.Studies.KinematicStudyForParameterIdentification.JointAngleOutputs.OutputFile1.PelvisPosZ Main.Studies.KinematicStudyForParameterIdentification.JointAngleOutputs.OutputFile1.PelvisRotX Main.Studies.KinematicStudyForParameterIdentification.JointAngleOutputs.OutputFile1.PelvisRotY Main.Studies.KinematicStudyForParameterIdentification.JointAngleOutputs.OutputFile1.PelvisRotZ Main.Studies.KinematicStudyForParameterIdentification.JointAngleOutputs.OutputFile1.PelvisThoraxExtension Main.Studies.KinematicStudyForParameterIdentification.JointAngleOutputs.OutputFile1.PelvisThoraxLateralBending Main.Studies.KinematicStudyForParameterIdentification.JointAngleOutputs.OutputFile1.PelvisThoraxRotation Main.Studies.KinematicStudyForParameterIdentification.JointAngleOutputs.OutputFile1.NeckExtension
3.128333333333333e+000 1.520331314139948e-001 1.540952282238128e-001 1.030000479894903e+000 1.417934359553577e+000 -1.806994828500552e-002 3.125990337944606e+000 -2.824355548433399e-001 1.928201794322409e-001 6.390908219342159e-002 0.000000000000000e+000
3.136380952380952e+000 1.429316845922532e-001 1.520727715591800e-001 1.028943471832074e+000 1.418175074348498e+000 -1.971325088503217e-002 3.123077314750163e+000 -2.830934719974668e-001 1.930175453552511e-001 6.563936014438507e-002 0.000000000000000e+000
3.144428571428571e+000 1.336696907224014e-001 1.499265148664923e-001 1.027968706413099e+000 1.418516796097592e+000 -2.110564539980531e-002 3.119484529655292e+000 -2.828651159460325e-001 1.931048083668032e-001 6.800214316887120e-002 0.000000000000000e+000
3.152476190476190e+000 1.242580301270965e-001 1.476719697464841e-001 1.027103371383037e+000 1.418970060597698e+000 -2.195581215930464e-002 3.115321158788330e+000 -2.814194630506564e-001 1.929896989158974e-001 7.056391373934595e-002 0.000000000000000e+000
3.160523809523809e+000 1.147170375108466e-001 1.453401458026385e-001 1.026374337571063e+000 1.419587287995409e+000 -2.205215120416293e-002 3.110751141719207e+000 -2.785765750017418e-001 1.924817075368617e-001 7.293887566550994e-002 0.000000000000000e+000
3.168571428571428e+000 1.050779724894374e-001 1.429751383281191e-001 1.025806534521151e+000 1.420499219464130e+000 -2.129006918988985e-002 3.105978198525232e+000 -2.743482343630634e-001 1.912607562178348e-001 7.475383715958549e-002 0.000000000000000e+000
3.176619047619047e+000 9.538299590587084e-002 1.406273738148982e-001 1.025422242096803e+000 1.421931375172930e+000 -1.968358674187098e-002 3.101229065697629e+000 -2.689415028864003e-001 1.888888526506951e-001 7.569576168751425e-002 0.000000000000000e+000
3.184666666666665e+000 8.568328790881923e-002 1.383447840198798e-001 1.025241087795059e+000 1.424184885289181e+000 -1.734990830980565e-002 3.096723354163283e+000 -2.627182594020817e-001 1.848722850445611e-001 7.555391955668746e-002 0.000000000000000e+000
3.192714285714284e+000 7.603456290625564e-002 1.361640004454822e-001 1.025280021265751e+000 1.427600947886608e+000 -1.448840279967456e-002 3.092641788332639e+000 -2.561453983224853e-001 1.787369586619676e-001 7.424479526943874e-002 0.000000000000000e+000
3.200761904761903e+000 6.648903263787287e-002 1.341046427765074e-001 1.025550606950631e+000 1.432507065913764e+000 -1.138068784531710e-002 3.089104916083975e+000 -2.497694602506245e-001 1.701073433053298e-001 7.182137836410778e-002 0.000000000000000e+000
3.208809523809522e+000 5.708506197349066e-002 1.321696210343663e-001 1.026052585355738e+000 1.439127771147129e+000 -8.405998618793653e-003 3.086160359081550e+000 -2.442046513826615e-001 1.588075350537149e-001 6.847100128102263e-002 0.000000000000000e+000
3.216857142857141e+000 4.783965778207434e-002 1.303502102573648e-001 1.026767686850996e+000 1.447479423070860e+000 -6.015442985881636e-003 3.083778034313631e+000 -2.400716383143421e-001 1.449715693951960e-001 6.449369479945487e-002 0.000000000000000e+000
3.224904761904760e+000 3.874881636800435e-002 1.286318257472959e-001 1.027658775563473e+000 1.457306729216401e+000 -4.626105128503255e-003 3.081864933967931e+000 -2.378532582984517e-001 1.291037570622119e-001 6.024868935854542e-002 0.000000000000000e+000
3.232952380952379e+000 2.979453999647656e-002 1.269991690984894e-001 1.028675084863225e+000 1.468110994214375e+000 -4.481246089778512e-003 3.080308140336673e+000 -2.377286620184034e-001 1.120263735816050e-001 5.607278583073345e-002 0.000000000000000e+000
3.240999999999997e+000 2.095285582616433e-002 1.254411826438109e-001 1.029761419797718e+000 1.479271654687387e+000 -5.561502077604530e-003 3.079026909482719e+000 -2.394841070705752e-001 9.470611426380558e-002 5.220314878462126e-002 0.000000000000000e+000
3.249047619047616e+000 1.220023492884760e-002 1.239546174730922e-001 1.030868844330448e+000 1.490200502426019e+000 -7.588575817936372e-003 3.078001732971563e+000 -2.425472921504473e-001 7.803424977323271e-002 4.874403262814056e-002 0.000000000000000e+000
3.257095238095235e+000 3.519275764870153e-003 1.225446185964755e-001 1.031963495628946e+000 1.500461801597882e+000 -1.010731807322829e-002 3.077272494584669e+000 -2.461285114569731e-001 6.265211470756348e-002 4.567862920082034e-002 0.000000000000000e+000
3.265142857142854e+000 -5.097154012569539e-003 1.212213712607376e-001 1.033030395643023e+000 1.509835426102271e+000 -1.261162758309498e-002 3.076917829229825e+000 -2.494195486502321e-001 4.886187914793534e-002 4.289154064271394e-002 0.000000000000000e+000
3.273190476190473e+000 -1.364628570223289e-002 1.199924181616326e-001 1.034071576545100e+000 1.518317161381791e+000 -1.467777467092879e-002 3.077020060872995e+000 -2.517876391389060e-001 3.663511494675553e-002 4.019573603562834e-002 0.000000000000000e+000
3.281238095238092e+000 -2.212124527763577e-002 1.188538155953639e-001 1.035100512972037e+000 1.526053574747155e+000 -1.606369655686502e-002 3.077617674558022e+000 -2.529012439545077e-001 2.571518954595701e-002 3.739027541757355e-002 0.000000000000000e+000
3.289285714285711e+000 -3.051837064916678e-002 1.177870958625563e-001 1.036136076144145e+000 1.533237956076065e+000 -1.674267825581910e-002 3.078669340525030e+000 -2.527568074217812e-001 1.576660646871126e-002 3.433246160172499e-002 0.000000000000000e+000
3.297333333333330e+000 -3.884042884379111e-002 1.167665036138291e-001 1.037198035966618e+000 1.540019158900453e+000 -1.687158328946969e-002 3.080062353455667e+000 -2.516243073291972e-001 6.498716719587395e-003 3.096817741721879e-002 0.000000000000000e+000
3.305380952380948e+000 -4.709416678941659e-002 1.157727965152662e-001 1.038303848445122e+000 1.546450184095749e+000 -1.671886349228702e-002 3.081667226597147e+000 -2.499494113545590e-001 -2.264854043466657e-003 2.730635902513475e-002 0.000000000000000e+000
3.313428571428567e+000 -5.528534424645231e-002 1.148031023974742e-001 1.039466016052453e+000 1.552467451097787e+000 -1.657830795221527e-002 3.083399844304318e+000 -2.482379811167571e-001 -1.054709225087112e-002 2.337901143866523e-002 0.000000000000000e+000
3.321476190476186e+000 -6.341530399546477e-002 1.138696920461935e-001 1.040690272415481e+000 1.557906306011820e+000 -1.668498684925091e-002 3.085248993115212e+000 -2.469357940493258e-001 -1.821355382071117e-002 1.922179655833496e-002 0.000000000000000e+000
3.329523809523805e+000 -7.148149943817581e-002 1.129905525995411e-001 1.041974679337623e+000 1.562571057327657e+000 -1.715430154606090e-002 3.087259448354470e+000 -2.463271154597982e-001 -2.504013959322425e-002 1.487570400457219e-002 0.000000000000000e+000
3.337571428571424e+000 -7.948142272968987e-002 1.121784686196634e-001 1.043309180641834e+000 1.566337068068190e+000 -1.797143807946666e-002 3.089488334621875e+000 -2.464918570756383e-001 -3.083607545755775e-002 1.039919302991918e-002 0.000000000000000e+000
3.345619047619043e+000 -8.741641277980561e-002 1.114337726289901e-001 1.044676173260594e+000 1.569221899068358e+000 -1.903156522319582e-002 3.091962818701080e+000 -2.473352034389944e-001 -3.554388804551219e-002 5.880204578334341e-003 0.000000000000000e+000
3.353666666666662e+000 -9.529231451247490e-002 1.107449901638685e-001 1.046053531912174e+000 1.571377912054552e+000 -2.019147109829955e-002 3.094665207028795e+000 -2.486512010620400e-001 -3.925487570365755e-002 1.432859495748661e-003 0.000000000000000e+000
3.361714285714280e+000 -1.031172568092295e-001 1.100969416094164e-001 1.047419766121481e+000 1.573017369888921e+000 -2.130018049818583e-002 3.097547086466808e+000 -2.501795652450420e-001 -4.214850902389059e-002 -2.827471811851408e-003 0.000000000000000e+000
3.369761904761899e+000 -1.108986217880372e-001 1.094790543304268e-001 1.048758439846108e+000 1.574327945983198e+000 -2.221768024982107e-002 3.100547610606938e+000 -2.516589327339155e-001 -4.441449191133483e-002 -6.812818452777085e-003 0.000000000000000e+000
3.377809523809518e+000 -1.186409497508922e-001 1.088875131858224e-001 1.050059258331078e+000 1.575429590057508e+000 -2.283931855403165e-002 3.103596929004793e+000 -2.528858188468287e-001 -4.620828029369790e-002 -1.046987750385152e-002 0.000000000000000e+000
3.385857142857137e+000 -1.263456033762830e-001 1.083217986374770e-001 1.051315848807812e+000 1.576384749068672e+000 -2.311821678871118e-002 3.106608796989277e+000 -2.537580304739810e-001 -4.765419592991489e-002 -1.376660798279243e-002 0.000000000000000e+000
3.393904761904756e+000 -1.340116956491728e-001 1.077803183183485e-001 1.052522233552563e+000 1.577241912004391e+000 -2.307028772420816e-002 3.109477377950589e+000 -2.542814811823627e-001 -4.888068053296812e-002 -1.668261388193767e-002 0.000000000000000e+000
3.401952380952375e+000 -1.416372907987070e-001 1.072588854702111e-001 1.053670387246720e+000 1.578073024017534e+000 -2.275862298609921e-002 3.112089203669090e+000 -2.545428979044158e-001 -5.004901201063133e-002 -1.921582085385927e-002 0.000000000000000e+000
3.409999999999994e+000 -1.492209627118565e-001 1.067521603568663e-001 1.054750314538443e+000 1.578975158433841e+000 -2.226583859165943e-002 3.114347405397862e+000 -2.546640790299468e-001 -5.134283806202227e-002 -2.139434635801745e-002 0.000000000000000e+000
3.418047619047612e+000 -1.567641172572088e-001 1.062566435173657e-001 1.055752090405326e+000 1.580045460803586e+000 -2.167187725386355e-002 3.116197990847270e+000 -2.547609671058377e-001 -5.292971139079174e-002 -2.328089942699503e-002 0.000000000000000e+000
3.426095238095231e+000 -1.642733489300303e-001 1.057746753517085e-001 1.056667811956088e+000 1.581355271519876e+000 -2.104992553314333e-002 3.117652858217149e+000 -2.549257209948455e-001 -5.492726939130788e-002 -2.496837500040329e-002 0.000000000000000e+000
3.434142857142850e+000 -1.717615586311058e-001 1.053174084101050e-001 1.057492021806620e+000 1.582935822647286e+000 -2.047553585286277e-002 3.118799788357740e+000 -2.552301203872049e-001 -5.738765602775123e-002 -2.656907103276025e-002 0.000000000000000e+000
3.442190476190469e+000 -1.792469567816246e-001 1.049030290010236e-001 1.058221271613083e+000 1.584778470532474e+000 -2.003271542577823e-002 3.119782094191472e+000 -2.557345328293282e-001 -6.029815151466311e-002 -2.819544159743338e-002 0.000000000000000e+000
3.450238095238088e+000 -1.867491922954305e-001 1.045476424302305e-001 1.058854121090477e+000 1.586851174868346e+000 -1.979770393826619e-002 3.120742477150349e+000 -2.564807209779618e-001 -6.359401439651666e-002 -2.992715815024788e-002 0.000000000000000e+000
3.458285714285707e+000 -1.942791554676233e-001 1.042530264556309e-001 1.059392821709524e+000 1.589148654696883e+000 -1.970627658861957e-002 3.121706212050943e+000 -2.573620349310173e-001 -6.721889761195418e-002 -3.179544447354529e-002 0.000000000000000e+000
3.466333333333326e+000 -2.018442730208378e-001 1.039990745716646e-001 1.059835621428483e+000 1.591620892121934e+000 -1.983880459379339e-002 3.122767455951728e+000 -2.584494764822398e-001 -7.099451833086860e-002 -3.371052551259989e-002 0.000000000000000e+000
3.474380952380944e+000 -2.094318393986703e-001 1.037612238350968e-001 1.060185800546656e+000 1.594309800366564e+000 -1.993929533068095e-002 3.123822973654531e+000 -2.594663670539087e-001 -7.488774052697635e-002 -3.561256486385920e-002 0.000000000000000e+000
3.482428571428563e+000 -2.170316384852856e-001 1.035256282861150e-001 1.060445130190637e+000 1.597234061912371e+000 -1.984692549082467e-002 3.124835934792280e+000 -2.602501037830801e-001 -7.886824055371113e-002 -3.745078403030577e-002 0.000000000000000e+000
3.490476190476182e+000 -2.246417441493838e-001 1.032981661895317e-001 1.060615468824073e+000 1.600383894683831e+000 -1.949965849002355e-002 3.125816882756093e+000 -2.607438633413869e-001 -8.293141721023373e-002 -3.922451865995927e-002 0.000000000000000e+000
3.498523809523801e+000 -2.322682971902764e-001 1.031007616888813e-001 1.060697610534610e+000 1.603711573653100e+000 -1.894933717354363e-002 3.126822539225379e+000 -2.610124546048792e-001 -8.707520772994568e-002 -4.098204799035905e-002 0.000000000000000e+000
3.506571428571420e+000 -2.399206631756776e-001 1.029610785446010e-001 1.060690299625728e+000 1.607154350594442e+000 -1.831917871022126e-002 3.127930059537346e+000 -2.611995306560465e-001 -9.130182535881672e-002 -4.280066430738344e-002 0.000000000000000e+000
3.514619047619039e+000 -2.476081928848750e-001 1.029020148203931e-001 1.060590316625668e+000 1.610667940242223e+000 -1.774643191924175e-002 3.129205654579107e+000 -2.614630952129949e-001 -9.563225496764070e-002 -4.475545977467478e-002 0.000000000000000e+000
3.522666666666658e+000 -2.553392520903673e-001 1.029358187949048e-001 1.060393018977108e+000 1.614236442780275e+000 -1.734194513379861e-002 3.130685339941818e+000 -2.619267603591517e-001 -1.001002140522584e-001 -4.689264840804264e-002 0.000000000000000e+000
3.530714285714276e+000 -2.631208926458615e-001 1.030635215948999e-001 1.060093078164708e+000 1.617858283052063e+000 -1.717403074738222e-002 3.132371585773656e+000 -2.626608079774701e-001 -1.047274987619547e-001 -4.922289352481790e-002 0.000000000000000e+000
3.538761904761895e+000 -2.709586436009639e-001 1.032778587758747e-001 1.059685596833207e+000 1.621538793473819e+000 -1.726734567498522e-002 3.134243743574885e+000 -2.636812163367237e-001 -1.095159736397773e-001 -5.173172254078761e-002 0.000000000000000e+000
3.546809523809514e+000 -2.788557598792290e-001 1.035682096016786e-001 1.059167969098238e+000 1.625306911469756e+000 -1.760488349289724e-002 3.136279120648458e+000 -2.649503592665626e-001 -1.144753029610096e-001 -5.439524757740675e-002 0.000000000000000e+000
3.554857142857133e+000 -2.868115540278444e-001 1.039251782640679e-001 1.058542274093868e+000 1.629236450730211e+000 -1.812659180567278e-002 3.138471906457013e+000 -2.663739937123364e-001 -1.196582400191619e-001 -5.719250944367341e-002 0.000000000000000e+000
3.562904761904752e+000 -2.948210037547213e-001 1.043404347439414e-001 1.057815771281163e+000 1.633437105967301e+000 -1.873404049397465e-002 3.140826454364238e+000 -2.678067624016172e-001 -1.251518810752043e-001 -6.009675587077522e-002 0.000000000000000e+000
3.570952380952371e+000 -3.028774434173082e-001 1.048014570495998e-001 1.056997861571193e+000 1.638006206861874e+000 -1.931084900654567e-002 3.143321244393310e+000 -2.690753683755157e-001 -1.310119596757089e-001 -6.304039525873942e-002 0.000000000000000e+000
3.578999999999990e+000 -3.109759671086516e-001 1.052882653063670e-001 1.056096536966964e+000 1.642978352449188e+000 -1.974565377380100e-002 3.145881309725210e+000 -2.700050218284528e-001 -1.371983385379946e-001 -6.589373853865829e-002 0.000000000000000e+000
3.587047619047608e+000 -3.191145798821864e-001 1.057775643203551e-001 1.055118062162523e+000 1.648316655578734e+000 -1.994401543634639e-002 3.148390847102476e+000 -2.704375858957820e-001 -1.435762292144095e-001 -6.849109718755130e-002 0.000000000000000e+000
3.595095238095227e+000 -3.272934355214334e-001 1.062508823486734e-001 1.054069188599493e+000 1.653934739916554e+000 -1.983686490180014e-002 3.150729372628284e+000 -2.702514687224368e-001 -1.499633925636448e-001 -7.067700636923426e-002 0.000000000000000e+000
3.603142857142846e+000 -3.355134070933719e-001 1.066999615890852e-001 1.052959067308722e+000 1.659709056015348e+000 -1.939212252427369e-002 3.152801340458288e+000 -2.693875126795874e-001 -1.561590433826810e-001 -7.233357445189885e-002 0.000000000000000e+000
3.611190476190465e+000 -3.437745723025339e-001 1.071265751763417e-001 1.051799850575314e+000 1.665478831461584e+000 -1.861994703442438e-002 3.154551418950275e+000 -2.678627771362210e-001 -1.619456104872596e-001 -7.338955237227038e-002 0.000000000000000e+000
3.619238095238084e+000 -3.520762490320509e-001 1.075391773154026e-001 1.050606195056438e+000 1.671055608508268e+000 -1.756419797356834e-002 3.155969593642707e+000 -2.657563672020054e-001 -1.670970372788358e-001 -7.382788049911064e-002 0.000000000000000e+000
3.627285714285703e+000 -3.604196042563240e-001 1.079508526800028e-001 1.049393482771421e+000 1.676243157557786e+000 -1.628891468880767e-002 3.157091607475748e+000 -2.631787204229424e-001 -1.714031112149633e-001 -7.369492024873640e-002 0.000000000000000e+000
3.635333333333322e+000 -3.688107176854202e-001 1.083800349241360e-001 1.048174863694384e+000 1.680854253620361e+000 -1.487396311354439e-002 3.157999597715510e+000 -2.602510644593029e-001 -1.746929819903140e-001 -7.310356405201321e-002 0.000000000000000e+000
3.643380952380940e+000 -3.772618953425767e-001 1.088516021150897e-001 1.046958567972096e+000 1.684718916971222e+000 -1.342354344772412e-002 3.158823378943837e+000 -2.571056851570300e-001 -1.768437670182738e-001 -7.222878700253106e-002 0.000000000000000e+000
3.651428571428559e+000 -3.857914662307452e-001 1.093962243249858e-001 1.045747631272398e+000 1.687686983867059e+000 -1.207757927822173e-002 3.159739286776051e+000 -2.538944580536129e-001 -1.777740399436033e-001 -7.130178706436056e-002 0.000000000000000e+000
3.659476190476178e+000 -3.944223340791918e-001 1.100476506119472e-001 1.044542808583142e+000 1.689631038665100e+000 -1.100935752212284e-002 3.160960332985837e+000 -2.507877424469380e-001 -1.774330978825555e-001 -7.059196629029611e-002 0.000000000000000e+000
3.667523809523797e+000 -4.031788665324462e-001 1.108379983328055e-001 1.043346853937686e+000 1.690456679390821e+000 -1.039957478110276e-002 3.162713798454236e+000 -2.479544640669397e-001 -1.757982393528555e-001 -7.036049036040286e-002 0.000000000000000e+000
3.675571428571416e+000 -4.120821088933070e-001 1.117917579750116e-001 1.042167529423627e+000 1.690122676685078e+000 -1.039227545442190e-002 3.165210552338571e+000 -2.455266390025993e-001 -1.728850627680519e-001 -7.080259369372506e-002 0.000000000000000e+000
3.683619047619035e+000 -4.211432520485223e-001 1.129203312796388e-001 1.041018554295011e+000 1.688663073566611e+000 -1.104508001217130e-002 3.168611429330638e+000 -2.435580455513248e-001 -1.687648220408025e-001 -7.200887632371171e-002 0.000000000000000e+000
3.691666666666654e+000 -4.303566350014286e-001 1.142194100291763e-001 1.039918984937685e+000 1.686197611107434e+000 -1.228858121198595e-002 3.172997741227676e+000 -2.419904446101862e-001 -1.635760684111670e-001 -7.395028851384952e-002 0.000000000000000e+000
3.699714285714272e+000 -4.396958053845894e-001 1.156705701235183e-001 1.038890820163061e+000 1.682921997990324e+000 -1.391549674017956e-002 3.178358445468562e+000 -2.406477603852504e-001 -1.575183580751034e-001 -7.648083496196872e-002 0.000000000000000e+000
3.707761904761891e+000 -4.491145498119438e-001 1.172454976647120e-001 1.037955278726169e+000 1.679076552146609e+000 -1.561115301787619e-002 3.184595021792912e+000 -2.392707313243304e-001 -1.508203636102360e-001 -7.935825220353365e-002 -4.163336342344337e-017
3.715809523809510e+000 -4.585517759422992e-001 1.189095683222936e-001 1.037130389092199e+000 1.674892358136799e+000 -1.701430926462955e-002 3.191531179856894e+000 -2.375799414905403e-001 -1.436788208035828e-001 -8.227458958282247e-002 0.000000000000000e+000
3.723857142857129e+000 -4.679392972112829e-001 1.206237718498128e-001 1.036431706224149e+000 1.670509378540372e+000 -1.778567808342224e-002 3.198925229427459e+000 -2.353414551736737e-001 -1.361627394957320e-001 -8.488246397760374e-002 0.000000000000000e+000
3.731904761904748e+000 -4.772120556142398e-001 1.223466908590078e-001 1.035874071687883e+000 1.665876331148541e+000 -1.767410272999381e-002 3.206494392532571e+000 -2.324266104900552e-001 -1.280983692009160e-001 -8.682345550447250e-002 0.000000000000000e+000
3.739952380952367e+000 -4.863190422866510e-001 1.240377204764449e-001 1.035470753431752e+000 1.660693378802259e+000 -1.658825919303220e-002 3.213948645127349e+000 -2.288795201145885e-001 -1.190147300421007e-001 -8.777438173527875e-002 0.000000000000000e+000
3.747999999999986e+000 -4.952324921715577e-001 1.256614132239445e-001 1.035229515939564e+000 1.654483602025481e+000 -1.466141920726849e-002 3.221020155262198e+000 -2.249754820885115e-001 -1.082570675668595e-001 -8.749930340088923e-002 0.000000000000000e+000
3.756047619047604e+000 -5.039531878915693e-001 1.271835084366556e-001 1.035145578548869e+000 1.646850673859431e+000 -1.232569498953695e-002 3.227393693833434e+000 -2.212859139770339e-001 -9.533218927618971e-002 -8.572594905415672e-002 0.000000000000000e+000
3.764095238095223e+000 -5.125045149034612e-001 1.286176055285799e-001 1.035214296361783e+000 1.637541152347972e+000 -9.978084721231184e-003 3.233099737727456e+000 -2.182725896162631e-001 -8.001809178237233e-002 -8.281117936083837e-002 0.000000000000000e+000
3.772142857142842e+000 -5.209231639547315e-001 1.299705764021613e-001 1.035412015488682e+000 1.626786314558107e+000 -8.229531295481873e-003 3.238009072926674e+000 -2.165925889174470e-001 -6.276769941954061e-002 -7.875868495705043e-002 0.000000000000000e+000
3.780190476190461e+000 -5.292437105241412e-001 1.312757555982110e-001 1.035711600183446e+000 1.615054568425824e+000 -7.517018313226931e-003 3.242183638360162e+000 -2.166638527397406e-001 -4.438163655045522e-002 -7.384048643505776e-002 0.000000000000000e+000
3.788238095238080e+000 -5.374928245731667e-001 1.325699405171021e-001 1.036081335930251e+000 1.602888967785948e+000 -8.044915833300692e-003 3.245753439739099e+000 -2.186058321690391e-001 -2.575137534841390e-002 -6.837110731614497e-002 0.000000000000000e+000
3.796285714285699e+000 -5.456897429462947e-001 1.338793012966356e-001 1.036488084424918e+000 1.590753087143073e+000 -9.758984487436173e-003 3.248858386334508e+000 -2.222077406865211e-001 -7.625439078245048e-003 -6.264624857114576e-002 0.000000000000000e+000
3.804333333333318e+000 -5.538486056868909e-001 1.352127888222790e-001 1.036901413021438e+000 1.578985620016551e+000 -1.241718518988866e-002 3.251607523680916e+000 -2.270150033060507e-001 9.463255992670920e-003 -5.690649316768646e-002 5.551115123125783e-017
3.812380952380936e+000 -5.619796842495821e-001 1.365634355556598e-001 1.037297736521553e+000 1.567826440473253e+000 -1.570499215751831e-002 3.254060184235552e+000 -2.324808882599889e-001 2.515779680875202e-002 -5.132362207249852e-002 6.938893903907228e-017
3.820428571428555e+000 -5.700895915391092e-001 1.379132532817995e-001 1.037663635476297e+000 1.557449497055107e+000 -1.932294205858076e-002 3.256221846533347e+000 -2.380917373478737e-001 3.922221317715651e-002 -4.600435669358200e-002 -2.775557561562891e-017
3.828476190476174e+000 -5.781812644690617e-001 1.392390458828123e-001 1.037997763431330e+000 1.547970307105576e+000 -2.301886052576618e-002 3.258056617739108e+000 -2.434262789223504e-001 5.152354709845952e-002 -4.101010569852098e-002 0.000000000000000e+000
3.836523809523793e+000 -5.862542694542056e-001 1.405192083347870e-001 1.038310568326166e+000 1.539427767720142e+000 -2.658958896582053e-002 3.259520212785724e+000 -2.481751736046280e-001 6.205006060371597e-002 -3.638723553615020e-002 0.000000000000000e+000
3.844571428571412e+000 -5.943056796271914e-001 1.417403000320766e-001 1.038621666842801e+000 1.531767374644614e+000 -2.988457692047541e-002 3.260597250790693e+000 -2.521557330711376e-001 7.092528352563279e-002 -3.218881749316312e-002 0.000000000000000e+000
3.852619047619031e+000 -6.023312603261342e-001 1.428993565088867e-001 1.038955911063979e+000 1.524863027200015e+000 -3.281460659766267e-002 3.261314210352631e+000 -2.553218297421193e-001 7.837427815691581e-002 -2.846505735471931e-002 0.000000000000000e+000
3.860666666666650e+000 -6.103262480866941e-001 1.439998660111417e-001 1.039339338563805e+000 1.518579130188145e+000 -3.535150051528335e-002 3.261725153315563e+000 -2.577516061522616e-001 8.464770164090213e-002 -2.523113592314595e-002 5.551115123125783e-017
3.868714285714269e+000 -6.182852691181738e-001 1.450454462444959e-001 1.039795500784573e+000 1.512830964543914e+000 -3.751006875268392e-002 3.261896143108138e+000 -2.596063686952192e-001 8.995244840274103e-002 -2.245036102833617e-002 -5.551115123125783e-017
3.876761904761887e+000 -6.262015994928887e-001 1.460369259068723e-001 1.040342041820261e+000 1.507601314722266e+000 -3.931452050125239e-002 3.261905358192270e+000 -2.610671672495810e-001 9.442995512732225e-002 -2.005088576604311e-002 0.000000000000000e+000
3.884809523809506e+000 -6.340667648560507e-001 1.469735230835711e-001 1.040987378095838e+000 1.502909931012240e+000 -4.077074221848620e-002 3.261846889103701e+000 -2.622754116135606e-001 9.818266552701765e-002 -1.795652417857792e-002 0.000000000000000e+000
3.892857142857125e+000 -6.418719937456812e-001 1.478545973951798e-001 1.041728524467716e+000 1.498774783557094e+000 -4.187494873250253e-002 3.261812575118027e+000 -2.633163751853421e-001 1.013044108889413e-001 -1.609909756439876e-002 0.000000000000000e+000
3.900904761904744e+000 -6.496109454722027e-001 1.486785444936035e-001 1.042551908506796e+000 1.495206038077222e+000 -4.264627296449808e-002 3.261850936239239e+000 -2.642401295628904e-001 1.038735548751305e-001 -1.440485400369048e-002 0.000000000000000e+000
3.908952380952363e+000 -6.572802795513139e-001 1.494393513223245e-001 1.043437236308924e+000 1.492225412285796e+000 -4.312373398213087e-002 3.261942761918213e+000 -2.650596706183424e-001 1.059271191954807e-001 -1.278818245858226e-002 0.000000000000000e+000
3.916999999999982e+000 -6.648780275871160e-001 1.501262949565176e-001 1.044362033491052e+000 1.489868765046575e+000 -4.332159367418731e-002 3.262021102308738e+000 -2.657176398916532e-001 1.074613994391011e-001 -1.117094370147926e-002 0.000000000000000e+000
3.925047619047601e+000 -6.724043688168450e-001 1.507296636425167e-001 1.045304541961743e+000 1.488156742231643e+000 -4.321465610876452e-002 3.262013012068322e+000 -2.660938925673989e-001 1.084654584946734e-001 -9.499078615537986e-003 0.000000000000000e+000
3.933095238095219e+000 -6.798644877028567e-001 1.512459581803329e-001 1.046244563830548e+000 1.487063704445462e+000 -4.277514205173039e-002 3.261868209753573e+000 -2.660726172582364e-001 1.089585181552479e-001 -7.741344254209055e-003 0.000000000000000e+000
3.941142857142838e+000 -6.872680196725477e-001 1.516744087977806e-001 1.047163131177169e+000 1.486514213492533e+000 -4.200461516550824e-002 3.261559572376830e+000 -2.656017259499615e-001 1.090116393895507e-001 -5.882147120540968e-003 0.000000000000000e+000
3.949190476190457e+000 -6.946252823708994e-001 1.520087948807797e-001 1.048042074172522e+000 1.486399793955311e+000 -4.093606354000734e-002 3.261065314894735e+000 -2.647082141968424e-001 1.087527599494055e-001 -3.910055116998835e-003 0.000000000000000e+000
3.957238095238076e+000 -7.019456471764727e-001 1.522364679763627e-001 1.048864218130579e+000 1.486597797336759e+000 -3.963318947524797e-002 3.260359273514593e+000 -2.634929187267164e-001 1.083501371033883e-001 -1.804964715484401e-003 0.000000000000000e+000
3.965285714285695e+000 -7.092389783863602e-001 1.523460082024693e-001 1.049614111793803e+000 1.486988015308120e+000 -3.819735716914829e-002 3.259418654215547e+000 -2.621200106516171e-001 1.079748792381781e-001 4.594239503370461e-004 0.000000000000000e+000
3.973333333333314e+000 -7.165166563490852e-001 1.523338944678448e-001 1.050278760195037e+000 1.487463841463127e+000 -3.676313660522990e-002 3.258234907088609e+000 -2.607905569275382e-001 1.077680298448658e-001 2.897095028443508e-003 0.000000000000000e+000
3.981380952380933e+000 -7.237904874853444e-001 1.522044852426758e-001 1.050848350368287e+000 1.487934643775553e+000 -3.547340478628835e-002 3.256814898630157e+000 -2.596997459734950e-001 1.078329767688008e-001 5.499258171057967e-003 0.000000000000000e+000
3.989428571428551e+000 -7.310707455575215e-001 1.519660094687733e-001 1.051317142680614e+000 1.488324991394456e+000 -3.444929291110199e-002 3.255174016795429e+000 -2.589986461585556e-001 1.082425309754642e-001 8.242094994680494e-003 0.000000000000000e+000
3.997476190476170e+000 -7.383650648527823e-001 1.516278211779360e-001 1.051683969546922e+000 1.488575532048579e+000 -3.377198628835920e-002 3.253331470574576e+000 -2.587768772432325e-001 1.090419312458500e-001 1.109521144055344e-002 0.000000000000000e+000
4.005523809523790e+000 -7.456784949807223e-001 1.512016213372045e-001 1.051951307574212e+000 1.488643440602186e+000 -3.347614059520021e-002 3.251312542100413e+000 -2.590619343056777e-001 1.102443419486547e-001 1.401951715828726e-002 0.000000000000000e+000
4.013571428571408e+000 -7.530135826003007e-001 1.507045709750099e-001 1.052123380929723e+000 1.488502928768081e+000 -3.354059088707473e-002 3.249152011468584e+000 -2.598168074853871e-001 1.118235243086761e-001 1.696195077145181e-002 0.000000000000000e+000
4.021619047619027e+000 -7.603696703593198e-001 1.501589542896854e-001 1.052205343490562e+000 1.488145441987255e+000 -3.387369972570720e-002 3.246890081239944e+000 -2.609315975725415e-001 1.137146171852132e-001 1.985702851281523e-002 0.000000000000000e+000
4.029666666666646e+000 -7.677422062496276e-001 1.495860324960491e-001 1.052203775490636e+000 1.487574618107833e+000 -3.431997352135796e-002 3.244558904120737e+000 -2.622377276966751e-001 1.158335745987804e-001 2.263817137988153e-002 0.000000000000000e+000
4.037714285714265e+000 -7.751236303735483e-001 1.489985074365237e-001 1.052126565743464e+000 1.486796019203424e+000 -3.470489993790960e-002 3.242168460466549e+000 -2.635602589343297e-001 1.181086794077877e-001 2.525308094327837e-002 0.000000000000000e+000
4.045761904761884e+000 -7.825063474021973e-001 1.483970143208218e-001 1.051981373002771e+000 1.485808457760346e+000 -3.489040047444147e-002 3.239699999445304e+000 -2.647725825686149e-001 1.205064451153485e-001 2.767739719716507e-002 0.000000000000000e+000
4.053809523809503e+000 -7.898863621691770e-001 1.477713157974496e-001 1.051773487187405e+000 1.484603617829160e+000 -3.480929763976026e-002 3.237105277366176e+000 -2.658203615411557e-001 1.230370382297049e-001 2.992540210757211e-002 0.000000000000000e+000
4.061857142857122e+000 -7.972653343758065e-001 1.471050369352092e-001 1.051503995073801e+000 1.483170133539835e+000 -3.447459907377537e-002 3.234312224205958e+000 -2.667211264931269e-001 1.257389891495764e-001 3.205099311694908e-002 0.000000000000000e+000
4.069904761904740e+000 -8.046499644619939e-001 1.463831273182561e-001 1.051169035712922e+000 1.481486798444812e+000 -3.396172139604969e-002 3.231243627592950e+000 -2.675440843489235e-001 1.286655692242246e-001 3.413143992169755e-002 0.000000000000000e+000
4.077952380952359e+000 -8.120495444571366e-001 1.455983609229043e-001 1.050760861445732e+000 1.479504414298875e+000 -3.336715346906960e-002 3.227841991657145e+000 -2.683693093492533e-001 1.318891238795018e-001 3.624295005640883e-002 0.000000000000000e+000
4.085999999999978e+000 -8.194733645047495e-001 1.447513556532698e-001 1.050270720963294e+000 1.477146262830805e+000 -3.277163407004768e-002 3.224080327521582e+000 -2.692527147637328e-001 1.355006195019735e-001 3.844794628211500e-002 0.000000000000000e+000
4.094047619047597e+000 -8.269292216377190e-001 1.438446847251844e-001 1.049692313317483e+000 1.474343990007645e+000 -3.222705363546541e-002 3.219955438317876e+000 -2.702191642883043e-001 1.395786040168328e-001 4.079652662348734e-002 0.000000000000000e+000
4.102095238095216e+000 -8.344234525365469e-001 1.428793894894102e-001 1.049023658561454e+000 1.471073559656164e+000 -3.175315305708426e-002 3.215485299619850e+000 -2.712658143567828e-001 1.441501196058573e-001 4.331848303928396e-002 0.000000000000000e+000
4.110142857142835e+000 -8.419619925962740e-001 1.418583262927891e-001 1.048266346868234e+000 1.467351271508477e+000 -3.133039698990570e-002 3.210720437315331e+000 -2.723539565231007e-001 1.491855762978253e-001 4.599394393673273e-002 0.000000000000000e+000
4.118190476190454e+000 -8.495512145917079e-001 1.407899420522486e-001 1.047423566763642e+000 1.463205315406835e+000 -3.089830328478627e-002 3.205745607646355e+000 -2.734017836298378e-001 1.546265485386054e-001 4.873144744482693e-002 0.000000000000000e+000
4.126238095238072e+000 -8.571973697262801e-001 1.396862785222294e-001 1.046498567435748e+000 1.458665087340685e+000 -3.037415139210786e-002 3.200652080351422e+000 -2.743043128612293e-001 1.604055043510294e-001 5.138897553436399e-002 0.000000000000000e+000
4.134285714285691e+000 -8.649044789493964e-001 1.385585599529914e-001 1.045493789288894e+000 1.453779380720521e+000 -2.968941769282907e-002 3.195501925176648e+000 -2.749783514903949e-001 1.664306191057385e-001 5.383093467615609e-002 0.000000000000000e+000
4.142333333333310e+000 -8.726722765487911e-001 1.374159718894023e-001 1.044411432860174e+000 1.448645014593037e+000 -2.881685204238504e-002 3.190325490671562e+000 -2.753944695219536e-001 1.725499100652449e-001 5.596750562265020e-002 0.000000000000000e+000
4.150380952380929e+000 -8.804965868197009e-001 1.362670079818387e-001 1.043256098118200e+000 1.443426407643138e+000 -2.777118899845688e-002 3.185165839436627e+000 -2.755748788830012e-001 1.785308958666670e-001 5.773687340040613e-002 0.000000000000000e+000
4.158428571428548e+000 -8.883718690729567e-001 1.351196044642181e-001 1.042037199984313e+000 1.438355171549947e+000 -2.660257874208227e-002 3.180130279251408e+000 -2.755836837978462e-001 1.840753604553149e-001 5.907076428594740e-002 0.000000000000000e+000
4.166476190476167e+000 -8.962925647786016e-001 1.339791519123773e-001 1.040768935245989e+000 1.433705863784527e+000 -2.538998898404854e-002 3.175385856258223e+000 -2.755199326660333e-001 1.888583282758414e-001 5.991081223825651e-002 0.000000000000000e+000
4.174523809523786e+000 -9.042524779720609e-001 1.328452834283180e-001 1.039468899112728e+000 1.429752632232646e+000 -2.421690823725453e-002 3.171091272463823e+000 -2.754897904979835e-001 1.925765951548102e-001 6.025824471412016e-002 -1.387778780781446e-017
4.182571428571404e+000 -9.122459858562537e-001 1.317080103168742e-001 1.038156598399644e+000 1.426720191347806e+000 -2.314373401722691e-002 3.167325750528223e+000 -2.755693120201238e-001 1.950032179347316e-001 6.018990475124789e-002 0.000000000000000e+000
4.190619047619023e+000 -9.202728496043862e-001 1.305458525508471e-001 1.036850979009220e+000 1.424737112099518e+000 -2.221166995236867e-002 3.164060058754310e+000 -2.757964279747437e-001 1.960455378256438e-001 5.984496647727845e-002 -2.775557561562891e-017
4.198666666666642e+000 -9.283434031130191e-001 1.293301587129522e-001 1.035566850687839e+000 1.423796320491914e+000 -2.147477479479676e-002 3.161163629879811e+000 -2.761951612445825e-001 1.957886830012295e-001 5.942573214518566e-002 -2.775557561562891e-017
4.206714285714261e+000 -9.364801702276878e-001 1.280355135891959e-001 1.034312615318209e+000 1.423744410972270e+000 -2.102063394641807e-002 3.158433265349179e+000 -2.767966202680385e-001 1.944877763571188e-001 5.919661362237035e-002 0.000000000000000e+000
4.214761904761880e+000 -9.447143423236282e-001 1.266489869162587e-001 1.033091727644172e+000 1.424322366329315e+000 -2.094700344016420e-002 3.155641284267108e+000 -2.776192723654972e-001 1.924950203728103e-001 5.944142975400050e-002 0.000000000000000e+000
4.222809523809499e+000 -9.530785880622450e-001 1.251702911592092e-001 1.031907710260747e+000 1.425249638188288e+000 -2.129951876707059e-002 3.152594449235288e+000 -2.786072752831518e-001 1.901559893921404e-001 6.038560994960691e-002 0.000000000000000e+000
4.230857142857118e+000 -9.615995963321888e-001 1.236037521700604e-001 1.030769946098427e+000 1.426309448208617e+000 -2.201302388102877e-002 3.149178913973638e+000 -2.795752103345456e-001 1.877261677631641e-001 6.212377351747277e-002 0.000000000000000e+000
4.238904761904736e+000 -9.702928474039911e-001 1.219508824105618e-001 1.029696765931152e+000 1.427389577849680e+000 -2.290079832159031e-002 3.145371928838510e+000 -2.802132607630992e-001 1.853391081049337e-001 6.458610372350203e-002 0.000000000000000e+000
4.246952380952355e+000 -9.791602925364001e-001 1.202101212663941e-001 1.028713987187411e+000 1.428468395733478e+000 -2.370210174757803e-002 3.141226376112504e+000 -2.801622576054632e-001 1.830216026472349e-001 6.755292900301528e-002 0.000000000000000e+000
4.254999999999974e+000 -9.881907392549707e-001 1.183828549417594e-001 1.027850105958666e+000 1.429570939165232e+000 -2.416207501108758e-002 3.136844179985094e+000 -2.791224249735925e-001 1.807284093905427e-001 7.070867506597282e-002 0.000000000000000e+000
