---- AnyBody Output File ---------------------------------
Study: Main.Studies.MotionOptimization
Operation: Main.Studies.MotionOptimization.Kinematics
----------------------------------------------------------
Constants (Name = Value): 
Main.Studies.KinematicStudyForParameterIdentification.JointAngleOutputs.OutputFile2d.FileName = "..\Input\Subjects\PS\Overground Gait Trials\PS_ngait_og_ss8\PS_ngait_og_ss8-output-euler-leftlateralepicondylepostd.txt"
Main.Studies.KinematicStudyForParameterIdentification.JointAngleOutputs.OutputFile2d.NumberFormat.Digits = 15
Main.Studies.KinematicStudyForParameterIdentification.JointAngleOutputs.OutputFile2d.NumberFormat.Width = 22
Main.Studies.KinematicStudyForParameterIdentification.JointAngleOutputs.OutputFile2d.NumberFormat.Style = ScientificNumber
Main.Studies.KinematicStudyForParameterIdentification.JointAngleOutputs.OutputFile2d.NumberFormat.FormatStr = "%22.15e"
Main.Studies.KinematicStudyForParameterIdentification.JointAngleOutputs.OutputFile2d.Search = 
Main.Studies.KinematicStudyForParameterIdentification.JointAngleOutputs.OutputFile2d.Format = 0
Main.Studies.KinematicStudyForParameterIdentification.JointAngleOutputs.OutputFile2d.SepSign = " "
Main.Studies.KinematicStudyForParameterIdentification.JointAngleOutputs.OutputFile2d.LineSepSign = ""
Main.Studies.KinematicStudyForParameterIdentification.JointAngleOutputs.OutputFile2d.Header.TitleSectionOnOff = On
Main.Studies.KinematicStudyForParameterIdentification.JointAngleOutputs.OutputFile2d.Header.ConstSectionOnOff = On
Main.Studies.KinematicStudyForParameterIdentification.JointAngleOutputs.OutputFile2d.Header.ConstSectionSaveOptionsOnOff = On
Main.Studies.KinematicStudyForParameterIdentification.JointAngleOutputs.OutputFile2d.Header.VarSectionOnOff = On
Main.Studies.KinematicStudyForParameterIdentification.JointAngleOutputs.OutputFile2d.Header.ColumnNamesOnOff = On
Main.Studies.KinematicStudyForParameterIdentification.JointAngleOutputs.OutputFile2d.Header.LinePrefix = ""
Main.Studies.KinematicStudyForParameterIdentification.JointAngleOutputs.OutputFile2d.ConstSectionSaveOptionsOnOff = On
----------------------------------------------------------
Variables (Column# Name): 
col0  Main.Studies.MotionOptimization.t
col1  Main.Studies.KinematicStudyForParameterIdentification.JointAngleOutputs.OutputFile2d.LeftEpicondylusPosX
col2  Main.Studies.KinematicStudyForParameterIdentification.JointAngleOutputs.OutputFile2d.LeftEpicondylusPosY
col3  Main.Studies.KinematicStudyForParameterIdentification.JointAngleOutputs.OutputFile2d.LeftEpicondylusPosZ
----------------------------------------------------------
Main.Studies.MotionOptimization.t Main.Studies.KinematicStudyForParameterIdentification.JointAngleOutputs.OutputFile2d.LeftEpicondylusPosX Main.Studies.KinematicStudyForParameterIdentification.JointAngleOutputs.OutputFile2d.LeftEpicondylusPosY Main.Studies.KinematicStudyForParameterIdentification.JointAngleOutputs.OutputFile2d.LeftEpicondylusPosZ
3.128333333333333e+000 -2.375536214014209e-001 4.694488483386302e-001 2.119482235442338e-001
3.136380952380952e+000 -2.380628311646416e-001 4.695494438583481e-001 2.108829075176316e-001
3.144428571428571e+000 -2.378113664689035e-001 4.700621340875059e-001 2.098235677962971e-001
3.152476190476190e+000 -2.368978166481340e-001 4.709257881002253e-001 2.087822454341710e-001
3.160523809523809e+000 -2.355088547298519e-001 4.720308933495280e-001 2.077636157865869e-001
3.168571428571428e+000 -2.339011213271167e-001 4.732434237008913e-001 2.067381936433478e-001
3.176619047619047e+000 -2.323606474321801e-001 4.744371006857484e-001 2.056218907021880e-001
3.184666666666665e+000 -2.311566561158265e-001 4.755170102749282e-001 2.042781857960970e-001
3.192714285714284e+000 -2.304857566786686e-001 4.764397050937284e-001 2.025333202177243e-001
3.200761904761903e+000 -2.304031995728549e-001 4.772328237171740e-001 2.002060911232206e-001
3.208809523809522e+000 -2.307666273135924e-001 4.780024217347165e-001 1.971605432286419e-001
3.216857142857141e+000 -2.312433011214877e-001 4.789115108356896e-001 1.933645074682009e-001
3.224904761904760e+000 -2.314036912872219e-001 4.801292418562964e-001 1.889169548813491e-001
3.232952380952379e+000 -2.308579457535115e-001 4.817742746872311e-001 1.840218504415731e-001
3.240999999999997e+000 -2.293646024602688e-001 4.838801110313444e-001 1.789226933453819e-001
3.249047619047616e+000 -2.268775821409532e-001 4.863897606664089e-001 1.738376526904774e-001
3.257095238095235e+000 -2.235358293223685e-001 4.891745715143672e-001 1.689196861251187e-001
3.265142857142854e+000 -2.196067743213983e-001 4.920724211125406e-001 1.642385679392281e-001
3.273190476190473e+000 -2.153991124784277e-001 4.949329980398623e-001 1.597853009784830e-001
3.281238095238092e+000 -2.111731255988995e-001 4.976516169879610e-001 1.555047867211504e-001
3.289285714285711e+000 -2.070789049815539e-001 5.001817607165242e-001 1.513425503937277e-001
3.297333333333330e+000 -2.031387988535063e-001 5.025290580745025e-001 1.472779472622131e-001
3.305380952380948e+000 -1.992730621169963e-001 5.047327873635980e-001 1.433353415409126e-001
3.313428571428567e+000 -1.953545124532103e-001 5.068411282852843e-001 1.395829630173813e-001
3.321476190476186e+000 -1.912693203957357e-001 5.088894657812564e-001 1.361187442910053e-001
3.329523809523805e+000 -1.869587363556965e-001 5.108908324498590e-001 1.330369569414650e-001
3.337571428571424e+000 -1.824249467662636e-001 5.128409047947243e-001 1.303868612451561e-001
3.345619047619043e+000 -1.777086921224528e-001 5.147299684338128e-001 1.281469788341561e-001
3.353666666666662e+000 -1.728676509122438e-001 5.165495667221650e-001 1.262321212759440e-001
3.361714285714280e+000 -1.679700374289218e-001 5.182908044000022e-001 1.245306837330450e-001
3.369761904761899e+000 -1.630880503297989e-001 5.199428806258259e-001 1.229484441557855e-001
3.377809523809518e+000 -1.582800601948486e-001 5.214969783317361e-001 1.214328222365704e-001
3.385857142857137e+000 -1.535735337688736e-001 5.229513634190937e-001 1.199683945464702e-001
3.393904761904756e+000 -1.489607163607259e-001 5.243133989221237e-001 1.185518619623331e-001
3.401952380952375e+000 -1.444068850429115e-001 5.255976157884621e-001 1.171672398851257e-001
3.409999999999994e+000 -1.398658229196509e-001 5.268207231187025e-001 1.157803013808264e-001
3.418047619047612e+000 -1.352934368629642e-001 5.279967276201882e-001 1.143504270592954e-001
3.426095238095231e+000 -1.306526346175284e-001 5.291348702440477e-001 1.128452752910837e-001
3.434142857142850e+000 -1.259136568418372e-001 5.302393671387884e-001 1.112512760803314e-001
3.442190476190469e+000 -1.210586684344336e-001 5.313089649372769e-001 1.095782945685584e-001
3.450238095238088e+000 -1.160910507990652e-001 5.323368737576385e-001 1.078520364900391e-001
3.458285714285707e+000 -1.110868400872460e-001 5.333052123501006e-001 1.060879309040077e-001
3.466333333333326e+000 -1.060403667338987e-001 5.342129890663798e-001 1.042965634580086e-001
3.474380952380944e+000 -1.010964284442818e-001 5.350390109577686e-001 1.024563097066040e-001
3.482428571428563e+000 -9.634404641189232e-002 5.357754539615011e-001 1.005552410221355e-001
3.490476190476182e+000 -9.181582295622986e-002 5.364240682504379e-001 9.860301773100597e-002
3.498523809523801e+000 -8.747974070317593e-002 5.369941705413923e-001 9.663256552622038e-002
3.506571428571420e+000 -8.325657690023837e-002 5.374985681043362e-001 9.468343365473084e-002
3.514619047619039e+000 -7.904329707397745e-002 5.379499090041904e-001 9.278097510576716e-002
3.522666666666658e+000 -7.473532448427134e-002 5.383576262809369e-001 9.093025636089995e-002
3.530714285714276e+000 -7.024648258681643e-002 5.387258273704833e-001 8.912338490572283e-002
3.538761904761895e+000 -6.552527143305878e-002 5.390527158543316e-001 8.734339001096424e-002
3.546809523809514e+000 -6.057808346159010e-002 5.393309444906367e-001 8.555979442870065e-002
3.554857142857133e+000 -5.550099231018094e-002 5.395494305840470e-001 8.372630886050501e-002
3.562904761904752e+000 -5.047403842458376e-002 5.396986014338061e-001 8.178867407097624e-002
3.570952380952371e+000 -4.568795276582750e-002 5.397761334523099e-001 7.970238283862396e-002
3.578999999999990e+000 -4.126521046952131e-002 5.397874174423580e-001 7.744987028537162e-002
3.587047619047608e+000 -3.724359500625053e-002 5.397415249405320e-001 7.504275565086344e-002
3.595095238095227e+000 -3.360439004209739e-002 5.396476145597385e-001 7.251415697193386e-002
3.603142857142846e+000 -3.030163209538915e-002 5.395138179314261e-001 6.991828948205395e-002
3.611190476190465e+000 -2.728498293541618e-002 5.393480326117458e-001 6.733480541441489e-002
3.619238095238084e+000 -2.451552124403078e-002 5.391592841009265e-001 6.486382663546270e-002
3.627285714285703e+000 -2.196506252126423e-002 5.389581637020523e-001 6.261252500490409e-002
3.635333333333322e+000 -1.960218315662868e-002 5.387558425187368e-001 6.068341703697536e-002
3.643380952380940e+000 -1.737841150322743e-002 5.385623525464776e-001 5.916937374134906e-002
3.651428571428559e+000 -1.522386994554475e-002 5.383850776536173e-001 5.815443751184177e-002
3.659476190476178e+000 -1.305745890048154e-002 5.382280348358902e-001 5.771537800393950e-002
3.667523809523797e+000 -1.081139929984952e-002 5.380920147962250e-001 5.791739500860785e-002
3.675571428571416e+000 -8.462845088318020e-003 5.379754831273415e-001 5.880115755687131e-002
3.683619047619035e+000 -6.065378043656740e-003 5.378767892853396e-001 6.036613607988465e-002
3.691666666666654e+000 -3.773002414366790e-003 5.377983032972659e-001 6.256054578332557e-002
3.699714285714272e+000 -1.844162304965078e-003 5.377511341479909e-001 6.528443934856931e-002
3.707761904761891e+000 -6.169449848331815e-004 5.377569497948933e-001 6.840476857707101e-002
3.715809523809510e+000 -4.605916836683231e-004 5.378438546455521e-001 7.178113077096747e-002
3.723857142857129e+000 -1.720273881987342e-003 5.380361314637857e-001 7.530704616100868e-002
3.731904761904748e+000 -4.664450069888873e-003 5.383396055759196e-001 7.896466285375808e-002
3.739952380952367e+000 -9.424535739095229e-003 5.387254719601814e-001 8.286207122071068e-002
3.747999999999986e+000 -1.593327279910159e-002 5.391208222263159e-001 8.720741221570033e-002
3.756047619047604e+000 -2.385285172150975e-002 5.394161554908060e-001 9.218127226799411e-002
3.764095238095223e+000 -3.287447739126263e-002 5.395013850161937e-001 9.793758048835058e-002
3.772142857142842e+000 -4.250377157322862e-002 5.392835050862668e-001 1.043825321206638e-001
3.780190476190461e+000 -5.238769446816002e-002 5.387139347418060e-001 1.113111514095714e-001
3.788238095238080e+000 -6.232195539755350e-002 5.377818827552767e-001 1.184700471782547e-001
3.796285714285699e+000 -7.223241216059216e-002 5.364980123179793e-001 1.256342039212302e-001
3.804333333333318e+000 -8.210385583353858e-002 5.348819841464654e-001 1.326331555171527e-001
3.812380952380936e+000 -9.190372458742474e-002 5.329621621495828e-001 1.393374253716778e-001
3.820428571428555e+000 -1.015425766961682e-001 5.307823256039758e-001 1.456408128174240e-001
3.828476190476174e+000 -1.108869260814285e-001 5.284039494635440e-001 1.514593035279269e-001
3.836523809523793e+000 -1.198123596356695e-001 5.258961189606299e-001 1.567449560449762e-001
3.844571428571412e+000 -1.282586465592068e-001 5.233166415299269e-001 1.614988351881272e-001
3.852619047619031e+000 -1.362437163402132e-001 5.206989809584005e-001 1.657655054322206e-001
3.860666666666650e+000 -1.438304900789502e-001 5.180556844019334e-001 1.696065849835158e-001
3.868714285714269e+000 -1.510913341286022e-001 5.153908152195058e-001 1.730674859753447e-001
3.876761904761887e+000 -1.581119957427266e-001 5.127043923422046e-001 1.761563154945904e-001
3.884809523809506e+000 -1.650034203463925e-001 5.099879350786734e-001 1.788510032196466e-001
3.892857142857125e+000 -1.718511717931404e-001 5.072315249426626e-001 1.811341621701062e-001
3.900904761904744e+000 -1.786310910195981e-001 5.044481717877359e-001 1.830217215584665e-001
3.908952380952363e+000 -1.852179009767518e-001 5.016835569416829e-001 1.845497525761192e-001
3.916999999999982e+000 -1.914975445457022e-001 4.989898458524873e-001 1.857433008977426e-001
3.925047619047601e+000 -1.974401315668399e-001 4.963945086579123e-001 1.866181191114875e-001
3.933095238095219e+000 -2.030727478267713e-001 4.938974768824163e-001 1.872051477596072e-001
3.941142857142838e+000 -2.084303483334130e-001 4.914872786594433e-001 1.875520171731359e-001
3.949190476190457e+000 -2.135372246836116e-001 4.891548216613387e-001 1.877020582937707e-001
3.957238095238076e+000 -2.184000519264640e-001 4.869010967515194e-001 1.876830613340239e-001
3.965285714285695e+000 -2.229981235541667e-001 4.847419015380490e-001 1.875136039936788e-001
3.973333333333314e+000 -2.272838160884867e-001 4.827072602389148e-001 1.872118896121217e-001
3.981380952380933e+000 -2.311969863053086e-001 4.808346942209862e-001 1.867992825449935e-001
3.989428571428551e+000 -2.346786697118799e-001 4.791619739656299e-001 1.863015116693523e-001
3.997476190476170e+000 -2.376773827977033e-001 4.777227234202425e-001 1.857494618538340e-001
4.005523809523790e+000 -2.401563566890828e-001 4.765417330651361e-001 1.851775731756063e-001
4.013571428571408e+000 -2.421071613730001e-001 4.756280175444601e-001 1.846168214369914e-001
4.021619047619027e+000 -2.435590890067645e-001 4.749704528435484e-001 1.840864848965459e-001
4.029666666666646e+000 -2.445664532165578e-001 4.745434350656104e-001 1.835962128900989e-001
4.037714285714265e+000 -2.451766258436816e-001 4.743212966308315e-001 1.831594733971470e-001
4.045761904761884e+000 -2.454066970536290e-001 4.742895719591495e-001 1.828033327583636e-001
4.053809523809503e+000 -2.452448411307278e-001 4.744461453324844e-001 1.825635764783714e-001
4.061857142857122e+000 -2.446645765420338e-001 4.747961149724919e-001 1.824739617422723e-001
4.069904761904740e+000 -2.436399201849215e-001 4.753428299349301e-001 1.825663310843506e-001
4.077952380952359e+000 -2.421600374351465e-001 4.760764435663303e-001 1.828813074626025e-001
4.085999999999978e+000 -2.402378719464009e-001 4.769689757429732e-001 1.834691254102614e-001
4.094047619047597e+000 -2.379084296695147e-001 4.779811373735163e-001 1.843701879134012e-001
4.102095238095216e+000 -2.352256351229430e-001 4.790707095443675e-001 1.855945060379746e-001
4.110142857142835e+000 -2.322672646036007e-001 4.801914907314531e-001 1.871219407798081e-001
4.118190476190454e+000 -2.291434867593084e-001 4.812867963101372e-001 1.889177574828731e-001
4.126238095238072e+000 -2.259967741476922e-001 4.822889137035832e-001 1.909436394108537e-001
4.134285714285691e+000 -2.229902165904688e-001 4.831274473314227e-001 1.931556783982009e-001
4.142333333333310e+000 -2.202981481147954e-001 4.837381426023472e-001 1.954925361843436e-001
4.150380952380929e+000 -2.181058441883980e-001 4.840673245794248e-001 1.978605425672115e-001
4.158428571428548e+000 -2.165991433050724e-001 4.840777863604586e-001 2.001275356744013e-001
4.166476190476167e+000 -2.159338729645302e-001 4.837560629206595e-001 2.021380179673782e-001
4.174523809523786e+000 -2.162024916976694e-001 4.831140263351776e-001 2.037447113331703e-001
4.182571428571404e+000 -2.174090874875337e-001 4.821880749313488e-001 2.048351996600183e-001
4.190619047619023e+000 -2.194505056359446e-001 4.810420307710739e-001 2.053465843414326e-001
4.198666666666642e+000 -2.221099271852770e-001 4.797691744291731e-001 2.052785638882748e-001
4.206714285714261e+000 -2.250769570953143e-001 4.784861974820988e-001 2.047039968597995e-001
4.214761904761880e+000 -2.279994327016350e-001 4.773183808481432e-001 2.037595261322571e-001
4.222809523809499e+000 -2.305539477339243e-001 4.763810383113647e-001 2.026047426267604e-001
4.230857142857118e+000 -2.325077461094916e-001 4.757629968439885e-001 2.013665057733849e-001
4.238904761904736e+000 -2.337478454546188e-001 4.755148670987049e-001 2.001059675826320e-001
4.246952380952355e+000 -2.342717366220777e-001 4.756439888121339e-001 1.988287044648747e-001
4.254999999999974e+000 -2.341538054720990e-001 4.761169186744501e-001 1.975237774888973e-001
