---- AnyBody Output File ---------------------------------
Study: Main.Studies.MotionOptimization
Operation: Main.Studies.MotionOptimization.Kinematics
----------------------------------------------------------
Constants (Name = Value): 
Main.Studies.KinematicStudyForParameterIdentification.JointAngleOutputs.OutputFile2c.FileName = "..\Input\Subjects\PS\Overground Gait Trials\PS_ngait_og_ss8\PS_ngait_og_ss8-output-euler-leftleganklepostd.txt"
Main.Studies.KinematicStudyForParameterIdentification.JointAngleOutputs.OutputFile2c.NumberFormat.Digits = 15
Main.Studies.KinematicStudyForParameterIdentification.JointAngleOutputs.OutputFile2c.NumberFormat.Width = 22
Main.Studies.KinematicStudyForParameterIdentification.JointAngleOutputs.OutputFile2c.NumberFormat.Style = ScientificNumber
Main.Studies.KinematicStudyForParameterIdentification.JointAngleOutputs.OutputFile2c.NumberFormat.FormatStr = "%22.15e"
Main.Studies.KinematicStudyForParameterIdentification.JointAngleOutputs.OutputFile2c.Search = 
Main.Studies.KinematicStudyForParameterIdentification.JointAngleOutputs.OutputFile2c.Format = 0
Main.Studies.KinematicStudyForParameterIdentification.JointAngleOutputs.OutputFile2c.SepSign = " "
Main.Studies.KinematicStudyForParameterIdentification.JointAngleOutputs.OutputFile2c.LineSepSign = ""
Main.Studies.KinematicStudyForParameterIdentification.JointAngleOutputs.OutputFile2c.Header.TitleSectionOnOff = On
Main.Studies.KinematicStudyForParameterIdentification.JointAngleOutputs.OutputFile2c.Header.ConstSectionOnOff = On
Main.Studies.KinematicStudyForParameterIdentification.JointAngleOutputs.OutputFile2c.Header.ConstSectionSaveOptionsOnOff = On
Main.Studies.KinematicStudyForParameterIdentification.JointAngleOutputs.OutputFile2c.Header.VarSectionOnOff = On
Main.Studies.KinematicStudyForParameterIdentification.JointAngleOutputs.OutputFile2c.Header.ColumnNamesOnOff = On
Main.Studies.KinematicStudyForParameterIdentification.JointAngleOutputs.OutputFile2c.Header.LinePrefix = ""
Main.Studies.KinematicStudyForParameterIdentification.JointAngleOutputs.OutputFile2c.ConstSectionSaveOptionsOnOff = On
----------------------------------------------------------
Variables (Column# Name): 
col0  Main.Studies.MotionOptimization.t
col1  Main.Studies.KinematicStudyForParameterIdentification.JointAngleOutputs.OutputFile2c.LeftAnklePosX
col2  Main.Studies.KinematicStudyForParameterIdentification.JointAngleOutputs.OutputFile2c.LeftAnklePosY
col3  Main.Studies.KinematicStudyForParameterIdentification.JointAngleOutputs.OutputFile2c.LeftAnklePosZ
----------------------------------------------------------
Main.Studies.MotionOptimization.t Main.Studies.KinematicStudyForParameterIdentification.JointAngleOutputs.OutputFile2c.LeftAnklePosX Main.Studies.KinematicStudyForParameterIdentification.JointAngleOutputs.OutputFile2c.LeftAnklePosY Main.Studies.KinematicStudyForParameterIdentification.JointAngleOutputs.OutputFile2c.LeftAnklePosZ
3.128333333333333e+000 -2.492741329106203e-001 4.305435833564331e-002 1.159501960646215e-001
3.136380952380952e+000 -2.525337379079385e-001 4.527216710694011e-002 1.128445395232885e-001
3.144428571428571e+000 -2.554530865613702e-001 4.731786270561630e-002 1.096054535273688e-001
3.152476190476190e+000 -2.583435616322056e-001 4.900655875175843e-002 1.063333786648183e-001
3.160523809523809e+000 -2.614033351638300e-001 5.021443846356311e-002 1.031220798721664e-001
3.168571428571428e+000 -2.646783108503800e-001 5.090236214872766e-002 1.000634993862231e-001
3.176619047619047e+000 -2.680628940000191e-001 5.111414822435034e-002 9.724561881134769e-002
3.184666666666665e+000 -2.713441033086110e-001 5.095269878039092e-002 9.474903281511113e-002
3.192714285714284e+000 -2.742778198434829e-001 5.054629897632662e-002 9.264667294367499e-002
3.200761904761903e+000 -2.766715624240259e-001 5.001772626269978e-002 9.100130962462107e-002
3.208809523809522e+000 -2.784425224770015e-001 4.946260147837826e-002 8.985177556621898e-002
3.216857142857141e+000 -2.796295079425832e-001 4.893967855618492e-002 8.918980627472185e-002
3.224904761904760e+000 -2.803592851623827e-001 4.847639315759941e-002 8.894284458462898e-002
3.232952380952379e+000 -2.807892598558096e-001 4.808796515115320e-002 8.897800872258425e-002
3.240999999999997e+000 -2.810558035763955e-001 4.779424237467078e-002 8.913015612928640e-002
3.249047619047616e+000 -2.812464306777404e-001 4.761814174406957e-002 8.924414797868917e-002
3.257095238095235e+000 -2.813982248735701e-001 4.757126104913010e-002 8.921392588195141e-002
3.265142857142854e+000 -2.815153193441005e-001 4.764441841228182e-002 8.900229123118819e-002
3.273190476190473e+000 -2.815919208489231e-001 4.780903164072650e-002 8.863580462983899e-002
3.281238095238092e+000 -2.816275672426857e-001 4.802367503956941e-002 8.818096656576649e-002
3.289285714285711e+000 -2.816307805235188e-001 4.824274398477751e-002 8.771429015466514e-002
3.297333333333330e+000 -2.816152599756383e-001 4.842694600626787e-002 8.729885743146398e-002
3.305380952380948e+000 -2.815937792901237e-001 4.855164018561090e-002 8.697338719898014e-002
3.313428571428567e+000 -2.815744966073503e-001 4.861046907258929e-002 8.675174711318423e-002
3.321476190476186e+000 -2.815619208800828e-001 4.861579425686540e-002 8.662798892796425e-002
3.329523809523805e+000 -2.815588674180999e-001 4.859363061853565e-002 8.658332022220444e-002
3.337571428571424e+000 -2.815652265807290e-001 4.857123901745358e-002 8.659272383384989e-002
3.345619047619043e+000 -2.815762899564042e-001 4.856578573961808e-002 8.663054883204439e-002
3.353666666666662e+000 -2.815847067924096e-001 4.858287606414302e-002 8.667561703342648e-002
3.361714285714280e+000 -2.815837537602459e-001 4.862216551309216e-002 8.671465105711429e-002
3.369761904761899e+000 -2.815687634912208e-001 4.868264732704023e-002 8.674173905006459e-002
3.377809523809518e+000 -2.815382456796859e-001 4.876451643335261e-002 8.675480244636541e-002
3.385857142857137e+000 -2.814954907822246e-001 4.886797205883230e-002 8.675266905009560e-002
3.393904761904756e+000 -2.814482174053269e-001 4.899162455393639e-002 8.673426418054478e-002
3.401952380952375e+000 -2.814057385336514e-001 4.913319017007098e-002 8.669868356718015e-002
3.409999999999994e+000 -2.813759598892579e-001 4.929053265309382e-002 8.664524072633845e-002
3.418047619047612e+000 -2.813637809305430e-001 4.946057079772204e-002 8.657379893350160e-002
3.426095238095231e+000 -2.813708335945621e-001 4.963889596632393e-002 8.648542384608608e-002
3.434142857142850e+000 -2.813958851892553e-001 4.982149285295811e-002 8.638351239651904e-002
3.442190476190469e+000 -2.814355646100463e-001 5.000567977403027e-002 8.627596842467494e-002
3.450238095238088e+000 -2.814855650945883e-001 5.019077366318635e-002 8.617606938545443e-002
3.458285714285707e+000 -2.815415125788735e-001 5.037767985943792e-002 8.609933520004880e-002
3.466333333333326e+000 -2.816010376804174e-001 5.057093306877551e-002 8.605225319740613e-002
3.474380952380944e+000 -2.816639458300494e-001 5.076661779584655e-002 8.603728887702006e-002
3.482428571428563e+000 -2.817342796693995e-001 5.095598727638785e-002 8.605127367563670e-002
3.490476190476182e+000 -2.818172100175191e-001 5.112738462140087e-002 8.608908764510961e-002
3.498523809523801e+000 -2.819148967451927e-001 5.127000377740727e-002 8.614343920349875e-002
3.506571428571420e+000 -2.820249332521983e-001 5.137665125510958e-002 8.620441528614288e-002
3.514619047619039e+000 -2.821414534389832e-001 5.144491385090526e-002 8.625999606539060e-002
3.522666666666658e+000 -2.822576609156885e-001 5.147615554220129e-002 8.629690597901210e-002
3.530714285714276e+000 -2.823682720914039e-001 5.147501018427382e-002 8.630207538042027e-002
3.538761904761895e+000 -2.824709782812537e-001 5.145245167255766e-002 8.626616945527263e-002
3.546809523809514e+000 -2.825687832534501e-001 5.142844986685440e-002 8.619148342382216e-002
3.554857142857133e+000 -2.826725333380841e-001 5.142816581316993e-002 8.610088683145797e-002
3.562904761904752e+000 -2.827983243106748e-001 5.147297536725280e-002 8.603470846895285e-002
3.570952380952371e+000 -2.829593355677350e-001 5.157192337287748e-002 8.603115266181484e-002
3.578999999999990e+000 -2.831590149137249e-001 5.171833972984079e-002 8.610810136724459e-002
3.587047619047608e+000 -2.833912602295520e-001 5.189475760041764e-002 8.626271586672556e-002
3.595095238095227e+000 -2.836475386454458e-001 5.208305351429585e-002 8.648239059638396e-002
3.603142857142846e+000 -2.839250209620110e-001 5.227054252573266e-002 8.675360632695477e-002
3.611190476190465e+000 -2.842274027453003e-001 5.244808084982523e-002 8.706654372116984e-002
3.619238095238084e+000 -2.845583795350786e-001 5.260618314265458e-002 8.741771740629344e-002
3.627285714285703e+000 -2.849175813058033e-001 5.273594245522615e-002 8.780903567319111e-002
3.635333333333322e+000 -2.853036532124326e-001 5.283451966790215e-002 8.824321209718450e-002
3.643380952380940e+000 -2.857182393386039e-001 5.290918396363818e-002 8.871996878751458e-002
3.651428571428559e+000 -2.861660333907713e-001 5.297564695987559e-002 8.923696214147789e-002
3.659476190476178e+000 -2.866535585928299e-001 5.305273611693107e-002 8.979525578711425e-002
3.667523809523797e+000 -2.871893186223319e-001 5.315716317203026e-002 9.040614412064142e-002
3.675571428571416e+000 -2.877845935326696e-001 5.330073822254799e-002 9.109622212727425e-002
3.683619047619035e+000 -2.884544552542908e-001 5.349084357998505e-002 9.190937913667140e-002
3.691666666666654e+000 -2.892187166847739e-001 5.373117750982535e-002 9.290573356283498e-002
3.699714285714272e+000 -2.901016960059051e-001 5.402027926286724e-002 9.415817901102372e-002
3.707761904761891e+000 -2.911319184290007e-001 5.435044563344884e-002 9.574762992526016e-002
3.715809523809510e+000 -2.923448603645896e-001 5.470919549323722e-002 9.775834745380074e-002
3.723857142857129e+000 -2.937882785926102e-001 5.508179224598089e-002 1.002743014890944e-001
3.731904761904748e+000 -2.955255072755993e-001 5.545308982072062e-002 1.033758392226549e-001
3.739952380952367e+000 -2.976350940040570e-001 5.580846224537864e-002 1.071341421017552e-001
3.747999999999986e+000 -3.002107925682298e-001 5.613350132484076e-002 1.116026435334151e-001
3.756047619047604e+000 -3.033650424953384e-001 5.641167723830509e-002 1.168078427955282e-001
3.764095238095223e+000 -3.072348573847791e-001 5.661832352226359e-002 1.227540595747641e-001
3.772142857142842e+000 -3.119798035521035e-001 5.673062978344682e-002 1.294112993698315e-001
3.780190476190461e+000 -3.177707681295938e-001 5.673627430173167e-002 1.367139491257803e-001
3.788238095238080e+000 -3.247639842421523e-001 5.663527911392668e-002 1.445498981814656e-001
3.796285714285699e+000 -3.330663805428508e-001 5.642815811969386e-002 1.527585321649079e-001
3.804333333333318e+000 -3.427050598783544e-001 5.611253290174816e-002 1.611407930965528e-001
3.812380952380936e+000 -3.536114148644522e-001 5.569988130272392e-002 1.694793945774605e-001
3.820428571428555e+000 -3.656200111224503e-001 5.523556430525936e-002 1.775656719527051e-001
3.828476190476174e+000 -3.784845051970412e-001 5.480039726437749e-002 1.852305649813809e-001
3.836523809523793e+000 -3.919219232900598e-001 5.448980085480867e-002 1.923722936477058e-001
3.844571428571412e+000 -4.056830051401941e-001 5.438195423175161e-002 1.989629528748141e-001
3.852619047619031e+000 -4.196182820418008e-001 5.450998126802157e-002 2.050155218923092e-001
3.860666666666650e+000 -4.337094528231887e-001 5.484980242893089e-002 2.105176182596824e-001
3.868714285714269e+000 -4.480626580715193e-001 5.533125744707948e-002 2.153797435122647e-001
3.876761904761887e+000 -4.628728709923045e-001 5.587151075904950e-002 2.194510506391007e-001
3.884809523809506e+000 -4.783574328291572e-001 5.641180683768098e-002 2.225903412218774e-001
3.892857142857125e+000 -4.946607970935822e-001 5.693247234749740e-002 2.247186154711908e-001
3.900904761904744e+000 -5.117824770874357e-001 5.744295802352294e-002 2.258143218056917e-001
3.908952380952363e+000 -5.296043361207027e-001 5.796296474036553e-002 2.258880838263846e-001
3.916999999999982e+000 -5.479980323852357e-001 5.850491785451496e-002 2.249761078521743e-001
3.925047619047601e+000 -5.668999618515377e-001 5.906033428194925e-002 2.231430389167904e-001
3.933095238095219e+000 -5.863056981832464e-001 5.959387442840369e-002 2.204748672469615e-001
3.941142857142838e+000 -6.062361562971343e-001 6.004980818914009e-002 2.170650594507700e-001
3.949190476190457e+000 -6.267190847785248e-001 6.037128572721690e-002 2.130055669367375e-001
3.957238095238076e+000 -6.477795172160016e-001 6.051967234760321e-002 2.083860571122179e-001
3.965285714285695e+000 -6.694288957900838e-001 6.047804221040853e-002 2.032956327246590e-001
3.973333333333314e+000 -6.916599449212330e-001 6.024045904180880e-002 1.978220006216244e-001
3.981380952380933e+000 -7.144496224786638e-001 5.980166045129405e-002 1.920486176095915e-001
3.989428571428551e+000 -7.377634155772203e-001 5.915522354784270e-002 1.860512847737625e-001
3.997476190476170e+000 -7.615580986067014e-001 5.829436086316105e-002 1.798967522882588e-001
4.005523809523790e+000 -7.857852043693631e-001 5.720924039529486e-002 1.736461593490321e-001
4.013571428571408e+000 -8.103967459838555e-001 5.588635910851604e-002 1.673602834070420e-001
4.021619047619027e+000 -8.353499997131019e-001 5.431605186070378e-002 1.611004275384443e-001
4.029666666666646e+000 -8.606078490990454e-001 5.250342907703821e-002 1.549243810750542e-001
4.037714285714265e+000 -8.861362619617457e-001 5.047214558318136e-002 1.488838672327920e-001
4.045761904761884e+000 -9.119022870729097e-001 4.825564516846759e-002 1.430295817707800e-001
4.053809523809503e+000 -9.378734352898578e-001 4.588238695528659e-002 1.374217537925448e-001
4.061857142857122e+000 -9.640161003821959e-001 4.336729315419208e-002 1.321371707982890e-001
4.069904761904740e+000 -9.902898384427179e-001 4.071475089107716e-002 1.272666808605888e-001
4.077952380952359e+000 -1.016638604808580e+000 3.792807265640704e-002 1.229060306009246e-001
4.085999999999978e+000 -1.042984521242537e+000 3.501737843353434e-002 1.191462783465054e-001
4.094047619047597e+000 -1.069227412695944e+000 3.200347042684705e-002 1.160664097691286e-001
4.102095238095216e+000 -1.095247674853343e+000 2.892075124945771e-002 1.137272217644536e-001
4.110142857142835e+000 -1.120908325759813e+000 2.582076867035492e-002 1.121654744689174e-001
4.118190476190454e+000 -1.146054093007022e+000 2.277462557446542e-002 1.113880112521656e-001
4.126238095238072e+000 -1.170507591907038e+000 1.987226310808898e-002 1.113641257635752e-001
4.134285714285691e+000 -1.194065885679055e+000 1.721614981635488e-002 1.120152379001368e-001
4.142333333333310e+000 -1.216502503008057e+000 1.490717079236958e-002 1.132068704030757e-001
4.150380952380929e+000 -1.237575923411297e+000 1.302693142647155e-002 1.147487978693527e-001
4.158428571428548e+000 -1.257043191806716e+000 1.162688040866050e-002 1.164048846101714e-001
4.166476190476167e+000 -1.274680422233457e+000 1.072996628713373e-002 1.179161353099581e-001
4.174523809523786e+000 -1.290310073569518e+000 1.034027936974455e-002 1.190396753202352e-001
4.182571428571404e+000 -1.303828319229188e+000 1.045174543373302e-002 1.195931763190589e-001
4.190619047619023e+000 -1.315224804775286e+000 1.105038960302087e-002 1.194843453222662e-001
4.198666666666642e+000 -1.324589811249954e+000 1.211094990885070e-002 1.187120559001738e-001
4.206714285714261e+000 -1.332107044822098e+000 1.359027599480620e-002 1.173431593551419e-001
4.214761904761880e+000 -1.338035028362831e+000 1.541844073274152e-002 1.154810162087212e-001
4.222809523809499e+000 -1.342681962090679e+000 1.749236422305624e-002 1.132391918295060e-001
4.230857142857118e+000 -1.346377990695399e+000 1.967985735718076e-002 1.107247259155921e-001
4.238904761904736e+000 -1.349447295600692e+000 2.183354682513941e-002 1.080303694427164e-001
4.246952380952355e+000 -1.352180740430965e+000 2.380588009452316e-002 1.052335869513235e-001
4.254999999999974e+000 -1.354809936261331e+000 2.546244733256638e-002 1.023996904885167e-001
