---- AnyBody Output File ---------------------------------
Study: Main.Studies.MotionOptimization
Operation: Main.Studies.MotionOptimization.Kinematics
----------------------------------------------------------
Constants (Name = Value): 
Main.Studies.KinematicStudyForParameterIdentification.JointAngleOutputs.OutputFile6.FileName = "..\Input\Subjects\PS\Overground Gait Trials\PS_ngait_og_ss8\PS_ngait_og_ss8-output-euler-leftarm.txt"
Main.Studies.KinematicStudyForParameterIdentification.JointAngleOutputs.OutputFile6.NumberFormat.Digits = 15
Main.Studies.KinematicStudyForParameterIdentification.JointAngleOutputs.OutputFile6.NumberFormat.Width = 22
Main.Studies.KinematicStudyForParameterIdentification.JointAngleOutputs.OutputFile6.NumberFormat.Style = ScientificNumber
Main.Studies.KinematicStudyForParameterIdentification.JointAngleOutputs.OutputFile6.NumberFormat.FormatStr = "%22.15e"
Main.Studies.KinematicStudyForParameterIdentification.JointAngleOutputs.OutputFile6.Search = 
Main.Studies.KinematicStudyForParameterIdentification.JointAngleOutputs.OutputFile6.Format = 0
Main.Studies.KinematicStudyForParameterIdentification.JointAngleOutputs.OutputFile6.SepSign = " "
Main.Studies.KinematicStudyForParameterIdentification.JointAngleOutputs.OutputFile6.LineSepSign = ""
Main.Studies.KinematicStudyForParameterIdentification.JointAngleOutputs.OutputFile6.Header.TitleSectionOnOff = On
Main.Studies.KinematicStudyForParameterIdentification.JointAngleOutputs.OutputFile6.Header.ConstSectionOnOff = On
Main.Studies.KinematicStudyForParameterIdentification.JointAngleOutputs.OutputFile6.Header.ConstSectionSaveOptionsOnOff = On
Main.Studies.KinematicStudyForParameterIdentification.JointAngleOutputs.OutputFile6.Header.VarSectionOnOff = On
Main.Studies.KinematicStudyForParameterIdentification.JointAngleOutputs.OutputFile6.Header.ColumnNamesOnOff = On
Main.Studies.KinematicStudyForParameterIdentification.JointAngleOutputs.OutputFile6.Header.LinePrefix = ""
Main.Studies.KinematicStudyForParameterIdentification.JointAngleOutputs.OutputFile6.ConstSectionSaveOptionsOnOff = On
----------------------------------------------------------
Variables (Column# Name): 
col0  Main.Studies.MotionOptimization.t
col1  Main.Studies.KinematicStudyForParameterIdentification.JointAngleOutputs.OutputFile6.SternoClavicularProtraction
col2  Main.Studies.KinematicStudyForParameterIdentification.JointAngleOutputs.OutputFile6.SternoClavicularElevation
col3  Main.Studies.KinematicStudyForParameterIdentification.JointAngleOutputs.OutputFile6.SternoClavicularAxialRotation
col4  Main.Studies.KinematicStudyForParameterIdentification.JointAngleOutputs.OutputFile6.GlenohumeralFlexion
col5  Main.Studies.KinematicStudyForParameterIdentification.JointAngleOutputs.OutputFile6.GlenohumeralExternalRotation
col6  Main.Studies.KinematicStudyForParameterIdentification.JointAngleOutputs.OutputFile6.GlenohumeralAbduction
col7  Main.Studies.KinematicStudyForParameterIdentification.JointAngleOutputs.OutputFile6.ElbowFlexion
col8  Main.Studies.KinematicStudyForParameterIdentification.JointAngleOutputs.OutputFile6.ElbowPronation
col9  Main.Studies.KinematicStudyForParameterIdentification.JointAngleOutputs.OutputFile6.WristFlexion
col10  Main.Studies.KinematicStudyForParameterIdentification.JointAngleOutputs.OutputFile6.WristAbduction
----------------------------------------------------------
Main.Studies.MotionOptimization.t Main.Studies.KinematicStudyForParameterIdentification.JointAngleOutputs.OutputFile6.SternoClavicularProtraction Main.Studies.KinematicStudyForParameterIdentification.JointAngleOutputs.OutputFile6.SternoClavicularElevation Main.Studies.KinematicStudyForParameterIdentification.JointAngleOutputs.OutputFile6.SternoClavicularAxialRotation Main.Studies.KinematicStudyForParameterIdentification.JointAngleOutputs.OutputFile6.GlenohumeralFlexion Main.Studies.KinematicStudyForParameterIdentification.JointAngleOutputs.OutputFile6.GlenohumeralExternalRotation Main.Studies.KinematicStudyForParameterIdentification.JointAngleOutputs.OutputFile6.GlenohumeralAbduction Main.Studies.KinematicStudyForParameterIdentification.JointAngleOutputs.OutputFile6.ElbowFlexion Main.Studies.KinematicStudyForParameterIdentification.JointAngleOutputs.OutputFile6.ElbowPronation Main.Studies.KinematicStudyForParameterIdentification.JointAngleOutputs.OutputFile6.WristFlexion Main.Studies.KinematicStudyForParameterIdentification.JointAngleOutputs.OutputFile6.WristAbduction
3.128333333333333e+000 -7.435955821528866e-001 2.144644315163173e-001 -3.490658538530430e-001 -1.801705948982102e-003 1.114833232872038e+000 1.162351825485912e-001 1.749773270607957e-001 -3.332000937312528e-008 -8.881784197001252e-016 0.000000000000000e+000
3.136380952380952e+000 -7.424565352025176e-001 2.123383611239365e-001 -3.490660693884011e-001 -2.265504695930565e-003 1.102496658121373e+000 1.163849941532595e-001 1.764896599954212e-001 -2.580956827951785e-008 0.000000000000000e+000 0.000000000000000e+000
3.144428571428571e+000 -7.416825529877421e-001 2.101579619366520e-001 -3.490660628035286e-001 -2.895644599754554e-003 1.089601595321409e+000 1.162870984115770e-001 1.786594018938923e-001 -2.980232238769531e-008 2.220446049250313e-016 0.000000000000000e+000
3.152476190476190e+000 -7.409217924859053e-001 2.080622499113720e-001 -3.490660517257900e-001 -4.135615168807671e-003 1.075919742074624e+000 1.157544581362559e-001 1.818040595918588e-001 0.000000000000000e+000 0.000000000000000e+000 0.000000000000000e+000
3.160523809523809e+000 -7.403278122364468e-001 2.062124565830754e-001 -3.490660355835822e-001 -5.977586810224089e-003 1.062078641825095e+000 1.149404905995648e-001 1.856950050395116e-001 -2.107342425544702e-008 -2.220446049250313e-016 0.000000000000000e+000
3.168571428571428e+000 -7.400572944626431e-001 2.047891697527136e-001 -3.490660167994309e-001 -8.287686158663377e-003 1.048734213782309e+000 1.140772365161945e-001 1.900591348854173e-001 -2.107342425544702e-008 -2.220446049250313e-016 0.000000000000000e+000
3.176619047619047e+000 -7.402269482724462e-001 2.039659830729736e-001 -3.490659988213444e-001 -1.080496039008749e-002 1.036525985522271e+000 1.134482475396363e-001 1.945889879680803e-001 0.000000000000000e+000 6.661338147750939e-016 0.000000000000000e+000
3.184666666666665e+000 -7.408707203418762e-001 2.038778825904211e-001 -3.490659851763827e-001 -1.318441672241200e-002 1.025957598967099e+000 1.133407123155082e-001 1.989782784484390e-001 -2.107342425544702e-008 0.000000000000000e+000 0.000000000000000e+000
3.192714285714284e+000 -7.419347561331786e-001 2.045943082537347e-001 -3.490659788102051e-001 -1.504737413805479e-002 1.017311359313148e+000 1.140032585669101e-001 2.029568457492538e-001 -2.980232238769531e-008 0.000000000000000e+000 0.000000000000000e+000
3.200761904761903e+000 -7.433149388443805e-001 2.061077687656248e-001 -3.490659822350701e-001 -1.600608140382787e-002 1.010673927365942e+000 1.156236579946966e-001 2.062963295931154e-001 -1.490116119384766e-008 0.000000000000000e+000 0.000000000000000e+000
3.208809523809522e+000 -7.449077500473675e-001 2.083505598459525e-001 -3.490659979351916e-001 -1.567509412606527e-002 1.006115951164356e+000 1.183261877042184e-001 2.087872071879712e-001 0.000000000000000e+000 0.000000000000000e+000 0.000000000000000e+000
3.216857142857141e+000 -7.466353363665209e-001 2.112209935529417e-001 -3.490660280007555e-001 -1.370938335212268e-002 1.003798651268523e+000 1.221600441138478e-001 2.102334515900138e-001 0.000000000000000e+000 -4.440892098500626e-016 0.000000000000000e+000
3.224904761904760e+000 -7.484248292531245e-001 2.145907479904232e-001 -3.490660726756625e-001 -9.885708428698514e-003 1.003707314339620e+000 1.270595522018698e-001 2.105078163244904e-001 0.000000000000000e+000 0.000000000000000e+000 0.000000000000000e+000
3.232952380952379e+000 -7.501559228417234e-001 2.183079315846328e-001 -3.490661288071534e-001 -4.190006744623664e-003 1.005248350001135e+000 1.328147358544386e-001 2.096345993460341e-001 0.000000000000000e+000 -2.220446049250313e-016 0.000000000000000e+000
3.240999999999997e+000 -7.516174521006115e-001 2.222172191121365e-001 -3.490661896557362e-001 3.150166854418046e-003 1.007212096777360e+000 1.390962962213960e-001 2.078261219646120e-001 2.580956827951785e-008 -4.440892098500626e-016 0.000000000000000e+000
3.249047619047616e+000 -7.525083024470933e-001 2.261811477585254e-001 -3.490662466835627e-001 1.171665068790850e-002 1.008140271935058e+000 1.455249443745006e-001 2.054462838361629e-001 0.000000000000000e+000 0.000000000000000e+000 0.000000000000000e+000
3.257095238095235e+000 -7.524945659360058e-001 2.300874122105003e-001 -3.490662926937398e-001 2.101129207720143e-002 1.006757475991987e+000 1.517545475302093e-001 2.029247737607237e-001 0.000000000000000e+000 6.661338147750939e-016 0.000000000000000e+000
3.265142857142854e+000 -7.513126915147003e-001 2.338478864484535e-001 -3.490663248063403e-001 3.057619705245229e-002 1.002253059467388e+000 1.575463057797149e-001 2.006602574484178e-001 -2.107342425544702e-008 -4.440892098500626e-016 0.000000000000000e+000
3.273190476190473e+000 -7.488746741596747e-001 2.373912231662883e-001 -3.490663457024646e-001 4.008681612456955e-002 9.944422243978248e-001 1.628066583308503e-001 1.989432113147060e-001 2.580956827951785e-008 -6.661338147750939e-016 0.000000000000000e+000
3.281238095238092e+000 -7.453184958936358e-001 2.406501075602476e-001 -3.490663624998012e-001 4.939924929190842e-002 9.838139464953263e-001 1.675707189986394e-001 1.979170865095584e-001 1.490116119384766e-008 8.881784197001252e-016 0.000000000000000e+000
3.289285714285711e+000 -7.409890990187938e-001 2.435523682205192e-001 -3.490663838750417e-001 5.854005827508768e-002 9.713259248429913e-001 1.719451189499065e-001 1.975929039000830e-001 0.000000000000000e+000 -6.661338147750939e-016 0.000000000000000e+000
3.297333333333330e+000 -7.363746844317759e-001 2.460225476876632e-001 -3.490664169464456e-001 6.765389993923265e-002 9.579879091005276e-001 1.760498190300747e-001 1.979068234395002e-001 -2.980232238769531e-008 -4.440892098500626e-016 0.000000000000000e+000
3.305380952380948e+000 -7.320144235980062e-001 2.479922089171267e-001 -3.490664653828521e-001 7.694501661461084e-002 9.445348248144742e-001 1.799854703661832e-001 1.987795960211325e-001 2.580956827951785e-008 0.000000000000000e+000 0.000000000000000e+000
3.313428571428567e+000 -7.283875081303273e-001 2.494121233910644e-001 -3.490665292801817e-001 8.662433598564689e-002 9.313311966950989e-001 1.838167483448523e-001 2.001555805815297e-001 -2.580956827951785e-008 -2.220446049250313e-016 0.000000000000000e+000
3.321476190476186e+000 -7.258159333666906e-001 2.502639106269853e-001 -3.490666065663226e-001 9.685390760768620e-002 9.183965887920567e-001 1.875581107707645e-001 2.020279908887251e-001 0.000000000000000e+000 4.440892098500626e-016 0.000000000000000e+000
3.329523809523805e+000 -7.244133409544977e-001 2.505737173976466e-001 -3.490666948995801e-001 1.076936823182164e-001 9.054411196281439e-001 1.911666288152089e-001 2.044562042276338e-001 0.000000000000000e+000 -2.220446049250313e-016 0.000000000000000e+000
3.337571428571424e+000 -7.240826947019168e-001 2.504246069590408e-001 -3.490667925602340e-001 1.190718238507325e-001 8.919289865604627e-001 1.945472415658057e-001 2.075688553776898e-001 0.000000000000000e+000 -6.661338147750939e-016 0.000000000000000e+000
3.345619047619043e+000 -7.245496727164518e-001 2.499581991212265e-001 -3.490668981353629e-001 1.307956493898115e-001 8.772309058768482e-001 1.975701321634178e-001 2.115423806039962e-001 -2.980232238769531e-008 -2.220446049250313e-016 0.000000000000000e+000
3.353666666666662e+000 -7.254233610504417e-001 2.493589052531076e-001 -3.490670102363514e-001 1.425947379131229e-001 8.608022035237792e-001 2.001007729081371e-001 2.165592255277052e-001 0.000000000000000e+000 4.440892098500626e-016 0.000000000000000e+000
3.361714285714280e+000 -7.262827997048220e-001 2.488204646118302e-001 -3.490671277460979e-001 1.541758028844442e-001 8.422979370208314e-001 2.020385951018497e-001 2.227622316781609e-001 0.000000000000000e+000 2.220446049250313e-016 0.000000000000000e+000
3.369761904761899e+000 -7.267755927711254e-001 2.485026908049013e-001 -3.490672497667705e-001 1.652830784520321e-001 8.216661689339686e-001 2.033484451918274e-001 2.302148210906737e-001 0.000000000000000e+000 -6.661338147750939e-016 0.000000000000000e+000
3.377809523809518e+000 -7.266903599412864e-001 2.484962389714067e-001 -3.490673751197037e-001 1.757510526791954e-001 7.991930770458469e-001 2.040660218872977e-001 2.388825027369265e-001 0.000000000000000e+000 2.220446049250313e-016 0.000000000000000e+000
3.385857142857137e+000 -7.259764541193337e-001 2.488147669026330e-001 -3.490675023522388e-001 1.855193017514329e-001 7.753699902928593e-001 2.042796672928845e-001 2.486580480583567e-001 2.107342425544702e-008 2.220446049250313e-016 0.000000000000000e+000
3.393904761904756e+000 -7.247220343753908e-001 2.494177055129445e-001 -3.490676305348370e-001 1.946076462109314e-001 7.506670232185022e-001 2.041136750718008e-001 2.594152094987480e-001 0.000000000000000e+000 4.440892098500626e-016 0.000000000000000e+000
3.401952380952375e+000 -7.231101224231492e-001 2.502430990544526e-001 -3.490677601871375e-001 2.030859532038660e-001 7.254557635212648e-001 2.037233146651927e-001 2.710391896742738e-001 -2.580956827951785e-008 -2.220446049250313e-016 0.000000000000000e+000
3.409999999999994e+000 -7.213659155086528e-001 2.512252680314928e-001 -3.490678931902668e-001 2.110580018464334e-001 7.000996650627656e-001 2.032845321504105e-001 2.834136960430831e-001 0.000000000000000e+000 -2.220446049250313e-016 0.000000000000000e+000
3.418047619047612e+000 -7.197064842974305e-001 2.522953317589791e-001 -3.490680310837047e-001 2.186464637680381e-001 6.750096726987171e-001 2.029696515695615e-001 2.963977564586049e-001 0.000000000000000e+000 2.220446049250313e-016 0.000000000000000e+000
3.426095238095231e+000 -7.182928081771872e-001 2.533823056572087e-001 -3.490681739492736e-001 2.259649714642977e-001 6.505525167343668e-001 2.029202091400421e-001 3.098278225830425e-001 -2.580956827951785e-008 2.220446049250313e-016 0.000000000000000e+000
3.434142857142850e+000 -7.171913322166349e-001 2.544216260463199e-001 -3.490683218051738e-001 2.330882878409293e-001 6.269084236517923e-001 2.032299426779761e-001 3.235434296444780e-001 0.000000000000000e+000 0.000000000000000e+000 0.000000000000000e+000
3.442190476190469e+000 -7.163706053103353e-001 2.553594160031252e-001 -3.490684759031951e-001 2.400454781856356e-001 6.040400149000900e-001 2.039448287422127e-001 3.374050122212179e-001 1.490116119384766e-008 -2.220446049250313e-016 0.000000000000000e+000
3.450238095238088e+000 -7.157371971284638e-001 2.561440388331513e-001 -3.490686382668949e-001 2.468405573248056e-001 5.818086799446973e-001 2.050691073513080e-001 3.512859278599954e-001 0.000000000000000e+000 4.440892098500626e-016 0.000000000000000e+000
3.458285714285707e+000 -7.166079541955300e-001 2.562599511873083e-001 -3.490661627576201e-001 2.542383116820923e-001 5.602551196098993e-001 2.071235288426112e-001 3.641190173834081e-001 -2.580956827951785e-008 -2.220446049250313e-016 0.000000000000000e+000
3.466333333333326e+000 -7.160984421769473e-001 2.565292950803186e-001 -3.490662120731632e-001 2.607549617634810e-001 5.389920619110331e-001 2.089275453114427e-001 3.776609622114354e-001 2.580956827951785e-008 -4.440892098500626e-016 0.000000000000000e+000
3.474380952380944e+000 -7.155300789362509e-001 2.564906612053637e-001 -3.490662415467036e-001 2.671363969972260e-001 5.181842616804012e-001 2.109417643156593e-001 3.909303869854616e-001 -1.490116119384766e-008 6.661338147750939e-016 0.000000000000000e+000
3.482428571428563e+000 -7.148980299975468e-001 2.561491100654565e-001 -3.490662704105873e-001 2.734004058031681e-001 4.978423514046879e-001 2.131286517111595e-001 4.038846080032076e-001 0.000000000000000e+000 -2.220446049250313e-016 0.000000000000000e+000
3.490476190476182e+000 -7.141990950675470e-001 2.555621462963522e-001 -3.490662972508548e-001 2.795477313026267e-001 4.779912912448890e-001 2.154899514779025e-001 4.165003601182806e-001 2.107342425544702e-008 -2.220446049250313e-016 0.000000000000000e+000
3.498523809523801e+000 -7.134324274210391e-001 2.548294751418183e-001 -3.490663214814669e-001 2.855666662783067e-001 4.586558586284876e-001 2.180537471805974e-001 4.287585997316200e-001 -1.490116119384766e-008 0.000000000000000e+000 0.000000000000000e+000
3.506571428571420e+000 -7.126108376013723e-001 2.540775513294760e-001 -3.490663435493684e-001 2.914407776010943e-001 4.398873298599864e-001 2.208549640071811e-001 4.406507315728794e-001 0.000000000000000e+000 2.220446049250313e-016 0.000000000000000e+000
3.514619047619039e+000 -7.117658589537006e-001 2.534418254375415e-001 -3.490663645317180e-001 2.971564455505651e-001 4.218001509329171e-001 2.239131261332079e-001 4.521819959134208e-001 0.000000000000000e+000 0.000000000000000e+000 0.000000000000000e+000
3.522666666666658e+000 -7.109366511166982e-001 2.530492401190183e-001 -3.490663857152850e-001 3.027019608798494e-001 4.045546481036200e-001 2.272137077944157e-001 4.633676236422717e-001 0.000000000000000e+000 2.220446049250313e-016 0.000000000000000e+000
3.530714285714276e+000 -7.101639799569587e-001 2.529963980797054e-001 -3.490664080514557e-001 3.080617831485408e-001 3.882972278338320e-001 2.307096999260603e-001 4.742269018832421e-001 -2.580956827951785e-008 2.220446049250313e-016 0.000000000000000e+000
3.538761904761895e+000 -7.094919990259826e-001 2.533308467599749e-001 -3.490664317213646e-001 3.132169858672647e-001 3.731134821143075e-001 2.343421621816972e-001 4.847701333282402e-001 2.580956827951785e-008 2.220446049250313e-016 0.000000000000000e+000
3.546809523809514e+000 -7.089597638300120e-001 2.540504691754171e-001 -3.490664561887280e-001 3.181540435066110e-001 3.590156127853744e-001 2.380623658784737e-001 4.949801997177440e-001 0.000000000000000e+000 0.000000000000000e+000 0.000000000000000e+000
3.554857142857133e+000 -7.085824417598704e-001 2.551199762375416e-001 -3.490664807467405e-001 3.228711597778453e-001 3.459552621204284e-001 2.418415525558375e-001 5.048065655810750e-001 -2.580956827951785e-008 2.220446049250313e-016 0.000000000000000e+000
3.562904761904752e+000 -7.083393980710120e-001 2.564881970714148e-001 -3.490665050945463e-001 3.273756732405837e-001 3.338507333949791e-001 2.456588482041429e-001 5.141775822967457e-001 0.000000000000000e+000 2.220446049250313e-016 0.000000000000000e+000
3.570952380952371e+000 -7.081781424401435e-001 2.580945650225470e-001 -3.490665294201684e-001 3.316767024151959e-001 3.226225505957123e-001 2.494702148297955e-001 5.230130381537417e-001 -2.980232238769531e-008 -2.220446049250313e-016 0.000000000000000e+000
3.578999999999990e+000 -7.080303130352913e-001 2.598681614287512e-001 -3.490665540441985e-001 3.357777216213937e-001 3.122279123690356e-001 2.531859417062616e-001 5.312259907929969e-001 0.000000000000000e+000 2.220446049250313e-016 0.000000000000000e+000
3.587047619047608e+000 -7.078308243680589e-001 2.617297128542400e-001 -3.490665790349416e-001 3.396713362836898e-001 3.026704162000466e-001 2.566834839535417e-001 5.387272590978315e-001 2.107342425544702e-008 -2.220446049250313e-016 0.000000000000000e+000
3.595095238095227e+000 -7.075306040115564e-001 2.635991613278306e-001 -3.490666039886010e-001 3.433375372045218e-001 2.939680519290928e-001 2.598452967564330e-001 5.454448590610225e-001 0.000000000000000e+000 -2.220446049250313e-016 0.000000000000000e+000
3.603142857142846e+000 -7.070986771176755e-001 2.654009024259865e-001 -3.490666280269090e-001 3.467460430934273e-001 2.861045688485677e-001 2.625871921737252e-001 5.513487840713457e-001 -2.107342425544702e-008 0.000000000000000e+000 0.000000000000000e+000
3.611190476190465e+000 -7.065191979277334e-001 2.670626795939244e-001 -3.490666500105256e-001 3.498611597338346e-001 2.790126638222712e-001 2.648618686859577e-001 5.564606116903851e-001 0.000000000000000e+000 2.220446049250313e-016 0.000000000000000e+000
3.619238095238084e+000 -7.057916503780111e-001 2.685170547753983e-001 -3.490666688077141e-001 3.526401129185131e-001 2.725994734091727e-001 2.666517765256596e-001 5.608445870839304e-001 0.000000000000000e+000 0.000000000000000e+000 0.000000000000000e+000
3.627285714285703e+000 -7.049338294465526e-001 2.697145103600038e-001 -3.490666834381637e-001 3.550197902081724e-001 2.667857991318765e-001 2.679654917364490e-001 5.645990392351850e-001 -2.580956827951785e-008 -4.440892098500626e-016 0.000000000000000e+000
3.635333333333322e+000 -7.039811614085754e-001 2.706422774117376e-001 -3.490666929959758e-001 3.569048239791264e-001 2.615311431463813e-001 2.688359382441393e-001 5.678595229303327e-001 1.490116119384766e-008 0.000000000000000e+000 0.000000000000000e+000
3.643380952380940e+000 -7.029835203137688e-001 2.713314678452030e-001 -3.490666964152530e-001 3.581692304998005e-001 2.568241100806614e-001 2.693204353344676e-001 5.708005090834756e-001 -2.980232238769531e-008 2.220446049250313e-016 0.000000000000000e+000
3.651428571428559e+000 -7.020059702710891e-001 2.718395330780949e-001 -3.490666924800426e-001 3.586730135548795e-001 2.526529317100189e-001 2.695029463313918e-001 5.736148991974567e-001 -1.490116119384766e-008 0.000000000000000e+000 0.000000000000000e+000
3.659476190476178e+000 -7.011264892040895e-001 2.722149045510816e-001 -3.490666803742782e-001 3.582963622538800e-001 2.490048386976963e-001 2.694832361717917e-001 5.764654477604075e-001 0.000000000000000e+000 -2.220446049250313e-016 0.000000000000000e+000
3.667523809523797e+000 -7.004203216641283e-001 2.724676381737110e-001 -3.490666602709284e-001 3.569812782184298e-001 2.458861478580588e-001 2.693481416806339e-001 5.794290667410014e-001 2.580956827951785e-008 2.220446049250313e-016 0.000000000000000e+000
3.675571428571416e+000 -6.999446204287237e-001 2.725627595611824e-001 -3.490666332764368e-001 3.547547686982695e-001 2.433087068953647e-001 2.691501915520770e-001 5.824667984192591e-001 0.000000000000000e+000 2.220446049250313e-016 0.000000000000000e+000
3.683619047619035e+000 -6.997385863283796e-001 2.724350643952995e-001 -3.490666009778360e-001 3.517218707888292e-001 2.412458830784028e-001 2.689097834769166e-001 5.854352669486697e-001 -2.107342425544702e-008 0.000000000000000e+000 0.000000000000000e+000
3.691666666666654e+000 -6.998264336591791e-001 2.720172891279589e-001 -3.490665651569849e-001 3.480433477329148e-001 2.396185317433513e-001 2.686242318745891e-001 5.881243972662318e-001 0.000000000000000e+000 2.220446049250313e-016 0.000000000000000e+000
3.699714285714272e+000 -7.002127626642926e-001 2.712703958352356e-001 -3.490665275117020e-001 3.439139898268577e-001 2.383160683578139e-001 2.682742436360525e-001 5.902976359387808e-001 0.000000000000000e+000 0.000000000000000e+000 0.000000000000000e+000
3.707761904761891e+000 -7.008798611912828e-001 2.701980496202348e-001 -3.490664893233484e-001 3.395402577294768e-001 2.372048662974363e-001 2.678351506061258e-001 5.917301955791842e-001 -2.580956827951785e-008 0.000000000000000e+000 0.000000000000000e+000
3.715809523809510e+000 -7.017851178249279e-001 2.688306328564512e-001 -3.490664516078552e-001 3.351269753708364e-001 2.361767619146668e-001 2.672655561411782e-001 5.922302921639107e-001 0.000000000000000e+000 2.220446049250313e-016 0.000000000000000e+000
3.723857142857129e+000 -7.028443515432777e-001 2.671845787949179e-001 -3.490664156421020e-001 3.308732559145231e-001 2.352563561110630e-001 2.664551635390668e-001 5.916415867956565e-001 0.000000000000000e+000 0.000000000000000e+000 0.000000000000000e+000
3.731904761904748e+000 -7.039139443798486e-001 2.652233827443535e-001 -3.490663831622070e-001 3.269435706156396e-001 2.346252917380396e-001 2.651896770137948e-001 5.898680190572407e-001 0.000000000000000e+000 0.000000000000000e+000 0.000000000000000e+000
3.739952380952367e+000 -7.048024355075951e-001 2.628538270025138e-001 -3.490663561086181e-001 3.234174872776698e-001 2.345347160176420e-001 2.631815786279240e-001 5.869180790266915e-001 0.000000000000000e+000 2.220446049250313e-016 0.000000000000000e+000
3.747999999999986e+000 -7.053161522743365e-001 2.599761766182422e-001 -3.490663357863227e-001 3.202664207912793e-001 2.352212151726792e-001 2.601480603214969e-001 5.829180499160909e-001 0.000000000000000e+000 0.000000000000000e+000 0.000000000000000e+000
3.756047619047604e+000 -7.038379192248720e-001 2.572186860800123e-001 -3.490702007246457e-001 3.165781451205978e-001 2.370631141393265e-001 2.553129341323642e-001 5.789692842700601e-001 0.000000000000000e+000 -2.220446049250313e-016 0.000000000000000e+000
3.764095238095223e+000 -7.033851218843646e-001 2.533583795194114e-001 -3.490696751661508e-001 3.138258467663038e-001 2.398032887571096e-001 2.498995167294356e-001 5.734891994796301e-001 0.000000000000000e+000 2.220446049250313e-016 0.000000000000000e+000
3.772142857142842e+000 -7.024400803358727e-001 2.493648759415872e-001 -3.490695866344528e-001 3.109983372186724e-001 2.437249353674818e-001 2.434656322202330e-001 5.676701754891118e-001 2.580956827951785e-008 -2.220446049250313e-016 0.000000000000000e+000
3.780190476190461e+000 -7.012324573877085e-001 2.455462389082972e-001 -3.490694522183251e-001 3.080134590354848e-001 2.488642477005293e-001 2.363880685179996e-001 5.616712708271013e-001 0.000000000000000e+000 2.220446049250313e-016 0.000000000000000e+000
3.788238095238080e+000 -6.999644026398424e-001 2.422186278055765e-001 -3.490692693263127e-001 3.047706171354567e-001 2.552360635899078e-001 2.290562290300012e-001 5.556615325527342e-001 1.490116119384766e-008 2.220446049250313e-016 0.000000000000000e+000
3.796285714285699e+000 -6.988357666982418e-001 2.396003018457664e-001 -3.490690340039354e-001 3.011713995374732e-001 2.628338879715467e-001 2.218056499586325e-001 5.497746494555620e-001 -2.107342425544702e-008 -2.220446049250313e-016 0.000000000000000e+000
3.804333333333318e+000 -6.980074234666238e-001 2.377801955019085e-001 -3.490687601004990e-001 2.971166664052429e-001 2.716525622021643e-001 2.148761507766874e-001 5.441058951135031e-001 1.490116119384766e-008 -2.220446049250313e-016 0.000000000000000e+000
3.812380952380936e+000 -6.975760577788071e-001 2.367282019129093e-001 -3.490684735324547e-001 2.925213531224677e-001 2.817190850289224e-001 2.084097723295721e-001 5.387094517648023e-001 -1.490116119384766e-008 -2.220446049250313e-016 0.000000000000000e+000
3.820428571428555e+000 -6.975759373433623e-001 2.363250288978547e-001 -3.490682022716570e-001 2.873323356269466e-001 2.931147828269657e-001 2.024682517034528e-001 5.335892535742914e-001 0.000000000000000e+000 2.220446049250313e-016 0.000000000000000e+000
3.828476190476174e+000 -6.980012695245673e-001 2.363927007932276e-001 -3.490679677833100e-001 2.815320357234781e-001 3.059555470060144e-001 1.970597970773106e-001 5.286935099001253e-001 0.000000000000000e+000 0.000000000000000e+000 0.000000000000000e+000
3.836523809523793e+000 -6.988267692144339e-001 2.367199962225304e-001 -3.490677813567689e-001 2.751285849837069e-001 3.203329225756045e-001 1.921641506152631e-001 5.239252909694839e-001 1.490116119384766e-008 0.000000000000000e+000 0.000000000000000e+000
3.844571428571412e+000 -7.000196968865547e-001 2.370840867667563e-001 -3.490676445709559e-001 2.681528837044533e-001 3.362554662599666e-001 1.877495222172409e-001 5.191545412179726e-001 0.000000000000000e+000 2.220446049250313e-016 0.000000000000000e+000
3.852619047619031e+000 -7.015453201250430e-001 2.372730107233394e-001 -3.490675524776082e-001 2.606694854092533e-001 3.536069512687964e-001 1.837849959329551e-001 5.142132890591364e-001 0.000000000000000e+000 0.000000000000000e+000 0.000000000000000e+000
3.860666666666650e+000 -7.033654212793636e-001 2.371117462660091e-001 -3.490674973378284e-001 2.527883713146633e-001 3.721352338505643e-001 1.802479938540822e-001 5.088799552335863e-001 0.000000000000000e+000 2.220446049250313e-016 0.000000000000000e+000
3.868714285714269e+000 -7.054386170073237e-001 2.364867037494542e-001 -3.490674699407125e-001 2.446703908528547e-001 3.915035114630046e-001 1.771238615943618e-001 5.028669637543809e-001 0.000000000000000e+000 0.000000000000000e+000 0.000000000000000e+000
3.876761904761887e+000 -7.077273290902124e-001 2.353621619688657e-001 -3.490674587371374e-001 2.365234908610798e-001 4.113803235626674e-001 1.744028791533347e-001 4.958222698688742e-001 0.000000000000000e+000 4.440892098500626e-016 0.000000000000000e+000
3.884809523809506e+000 -7.101967795448172e-001 2.337869619024648e-001 -3.490674505676590e-001 2.285812991092100e-001 4.315078939876999e-001 1.720786715352639e-001 4.873565886414742e-001 0.000000000000000e+000 0.000000000000000e+000 0.000000000000000e+000
3.892857142857125e+000 -7.127967616786639e-001 2.318874063838659e-001 -3.490674344194980e-001 2.210666755051289e-001 4.517511718926474e-001 1.701451196716626e-001 4.771014184829020e-001 -2.980232238769531e-008 0.000000000000000e+000 0.000000000000000e+000
3.900904761904744e+000 -7.154412166021508e-001 2.298408496021107e-001 -3.490674051216057e-001 2.141553830405683e-001 4.721536885326862e-001 1.685892367518473e-001 4.647831022644434e-001 0.000000000000000e+000 2.220446049250313e-016 0.000000000000000e+000
3.908952380952363e+000 -7.180076125294040e-001 2.278367957007541e-001 -3.490673638050843e-001 2.079485316416383e-001 4.929629884016569e-001 1.673844805132914e-001 4.502795978582491e-001 -2.107342425544702e-008 -2.220446049250313e-016 0.000000000000000e+000
3.916999999999982e+000 -7.203604677444918e-001 2.260406777809698e-001 -3.490673152244397e-001 2.024621196411209e-001 5.145853931930717e-001 1.664950223128673e-001 4.336327056106083e-001 -3.332000937312528e-008 -8.881784197001252e-016 0.000000000000000e+000
3.925047619047601e+000 -7.223836618314512e-001 2.245678570873304e-001 -3.490672645792892e-001 1.976480903349409e-001 5.375290932155228e-001 1.658886542304015e-001 4.150207390898527e-001 -2.980232238769531e-008 -8.881784197001252e-016 0.000000000000000e+000
3.933095238095219e+000 -7.240094593254379e-001 2.234681120338840e-001 -3.490672159031660e-001 1.934409907498265e-001 5.624102089586350e-001 1.655422775805543e-001 3.947156229817282e-001 0.000000000000000e+000 0.000000000000000e+000 0.000000000000000e+000
3.941142857142838e+000 -7.252394846105071e-001 2.227180901136512e-001 -3.490671716661511e-001 1.897961488340665e-001 5.899619964115461e-001 1.654341041756352e-001 3.730455677200293e-001 0.000000000000000e+000 -4.440892098500626e-016 0.000000000000000e+000
3.949190476190457e+000 -7.261420010180631e-001 2.222229031716789e-001 -3.490671326477454e-001 1.866944966263970e-001 6.209392467330045e-001 1.655324252111551e-001 3.503731990221866e-001 -2.580956827951785e-008 0.000000000000000e+000 0.000000000000000e+000
3.957238095238076e+000 -7.268182383641779e-001 2.218359742860629e-001 -3.490670980583828e-001 1.841213206961563e-001 6.559359966285867e-001 1.657971811763888e-001 3.270814627255480e-001 2.580956827951785e-008 -6.661338147750939e-016 0.000000000000000e+000
3.965285714285695e+000 -7.273622968637816e-001 2.213982411979367e-001 -3.490670662169651e-001 1.820366001693834e-001 6.952228645555080e-001 1.661976739837406e-001 3.035561867967436e-001 -2.980232238769531e-008 4.440892098500626e-016 0.000000000000000e+000
3.973333333333314e+000 -7.278399887826605e-001 2.207814753911896e-001 -3.490670353714735e-001 1.803502818117213e-001 7.386735972329335e-001 1.667272070730706e-001 2.801628080022575e-001 -2.107342425544702e-008 0.000000000000000e+000 0.000000000000000e+000
3.981380952380933e+000 -7.282842207047051e-001 2.199164719952651e-001 -3.490670040225595e-001 1.789193529594719e-001 7.858140042633786e-001 1.673996389011963e-001 2.572145681279158e-001 2.580956827951785e-008 2.220446049250313e-016 0.000000000000000e+000
3.989428571428551e+000 -7.286942325376865e-001 2.187953982588602e-001 -3.490669711798449e-001 1.775748670638240e-001 8.360054480402032e-001 1.682384887848381e-001 2.349351777420806e-001 -3.332000937312528e-008 2.220446049250313e-016 0.000000000000000e+000
3.997476190476170e+000 -7.290391604785050e-001 2.174542045481569e-001 -3.490669368718577e-001 1.761600574751325e-001 8.886693303646629e-001 1.692737568145344e-001 2.134391827345097e-001 0.000000000000000e+000 2.220446049250313e-016 0.000000000000000e+000
4.005523809523790e+000 -7.292721138519339e-001 2.159564184249481e-001 -3.490669023846981e-001 1.745479681160918e-001 9.433729398796060e-001 1.705420256391454e-001 1.927551701846519e-001 0.000000000000000e+000 6.661338147750939e-016 0.000000000000000e+000
4.013571428571408e+000 -7.293520091188745e-001 2.143910504943301e-001 -3.490668699094854e-001 1.726264754007862e-001 9.997143196749541e-001 1.720791819674926e-001 1.728867335783833e-001 2.980232238769531e-008 -2.220446049250313e-016 0.000000000000000e+000
4.021619047619027e+000 -7.292678285975557e-001 2.128687123478688e-001 -3.490668413906523e-001 1.702723666748596e-001 1.057122245520474e+000 1.739023082173613e-001 1.538811266367769e-001 1.490116119384766e-008 2.220446049250313e-016 0.000000000000000e+000
4.029666666666646e+000 -7.290582866564903e-001 2.114989782867696e-001 -3.490668170004374e-001 1.673470958626797e-001 1.114696358043812e+000 1.759805581960424e-001 1.358779261467452e-001 0.000000000000000e+000 0.000000000000000e+000 0.000000000000000e+000
4.037714285714265e+000 -7.288125458222914e-001 2.103613967287590e-001 -3.490667946423001e-001 1.637197629799181e-001 1.171126832530235e+000 1.782031974387447e-001 1.191283108359316e-001 0.000000000000000e+000 -1.332267629550188e-015 0.000000000000000e+000
4.045761904761884e+000 -7.286436123299930e-001 2.094897026588454e-001 -3.490667710620442e-001 1.592926388237266e-001 1.224660205773568e+000 1.803568876895439e-001 1.039979543039781e-001 3.650024149988857e-008 4.440892098500626e-016 0.000000000000000e+000
4.053809523809503e+000 -7.286459133289539e-001 2.088712097203660e-001 -3.490667436761297e-001 1.540100850457533e-001 1.273035448396096e+000 1.821175325869248e-001 9.097173279552691e-002 -2.107342425544702e-008 2.220446049250313e-016 0.000000000000000e+000
4.061857142857122e+000 -7.288622657280512e-001 2.084590048081405e-001 -3.490667118331738e-001 1.478603816082997e-001 1.313484572548107e+000 1.830738898533295e-001 8.063294871295584e-002 0.000000000000000e+000 2.220446049250313e-016 0.000000000000000e+000
4.069904761904740e+000 -7.292789022683129e-001 2.081978820592014e-001 -3.490666766558211e-001 1.408829579940594e-001 1.343173515964212e+000 1.828153265896952e-001 7.354187610520489e-002 0.000000000000000e+000 2.220446049250313e-016 0.000000000000000e+000
4.077952380952359e+000 -7.298428888575502e-001 2.080528587396229e-001 -3.490666396732334e-001 1.331663111562300e-001 1.360185445539941e+000 1.810698590687155e-001 7.001342312877211e-002 0.000000000000000e+000 4.440892098500626e-016 0.000000000000000e+000
4.085999999999978e+000 -7.304813445370778e-001 2.080169815921962e-001 -3.490666013510783e-001 1.248255647312071e-001 1.364386028715364e+000 1.778048864494237e-001 6.994193355059598e-002 -1.490116119384766e-008 -6.661338147750939e-016 0.000000000000000e+000
4.094047619047597e+000 -7.311170527484331e-001 2.080914391251192e-001 -3.490665606362491e-001 1.159849340349630e-001 1.357471379535843e+000 1.732260806367322e-001 7.280299206128260e-002 0.000000000000000e+000 -2.220446049250313e-016 0.000000000000000e+000
4.102095238095216e+000 -7.316896294505957e-001 2.082637367499516e-001 -3.490665159930262e-001 1.067798782234408e-001 1.342257090973376e+000 1.676951536988984e-001 7.781382670801633e-002 1.490116119384766e-008 6.661338147750939e-016 0.000000000000000e+000
4.110142857142835e+000 -7.321778846369809e-001 2.085089527370525e-001 -3.490664668772325e-001 9.735229559503233e-002 1.321713700937876e+000 1.616151363209380e-001 8.416571358083637e-002 -2.107342425544702e-008 0.000000000000000e+000 0.000000000000000e+000
4.118190476190454e+000 -7.326105032598754e-001 2.088028078543363e-001 -3.490664138557894e-001 8.782657355936707e-002 1.298266954251235e+000 1.553353735111151e-001 9.120816685652033e-002 0.000000000000000e+000 -2.220446049250313e-016 0.000000000000000e+000
4.126238095238072e+000 -7.330595858903301e-001 2.091283155481176e-001 -3.490663578305913e-001 7.829564846005721e-002 1.273589438876886e+000 1.491139028198424e-001 9.849550079334561e-002 -1.490116119384766e-008 -4.440892098500626e-016 0.000000000000000e+000
4.134285714285691e+000 -7.336127067305988e-001 2.094823052622135e-001 -3.490663002273236e-001 6.883656609143229e-002 1.248698893761162e+000 1.431257643517266e-001 1.057362033278448e-001 3.650024149988857e-008 -2.220446049250313e-016 0.000000000000000e+000
4.142333333333310e+000 -7.343358112575552e-001 2.098805926472573e-001 -3.490662438819168e-001 5.953695924874869e-002 1.224111040916002e+000 1.374877751807310e-001 1.127348528127831e-001 1.490116119384766e-008 -2.220446049250313e-016 0.000000000000000e+000
4.150380952380929e+000 -7.352501839047183e-001 2.103414397221251e-001 -3.490661932059492e-001 5.050827361353649e-002 1.199977390207698e+000 1.322820189977509e-001 1.193596286958249e-001 0.000000000000000e+000 6.661338147750939e-016 0.000000000000000e+000
4.158428571428548e+000 -7.363185723830772e-001 2.108496534435012e-001 -3.490661533203692e-001 4.188636272492352e-002 1.176203295761474e+000 1.275630588754599e-001 1.255344033246661e-001 1.490116119384766e-008 -2.220446049250313e-016 0.000000000000000e+000
4.166476190476167e+000 -7.374354643228717e-001 2.113323570198686e-001 -3.490661282553045e-001 3.382316114121609e-002 1.152449745258401e+000 1.233432358121217e-001 1.312580157173867e-001 0.000000000000000e+000 2.220446049250313e-016 0.000000000000000e+000
4.174523809523786e+000 -7.384496159537145e-001 2.116743093223144e-001 -3.490661183934886e-001 2.645936180283570e-002 1.128182829017337e+000 1.195850148842132e-001 1.366328510259118e-001 2.107342425544702e-008 -6.661338147750939e-016 0.000000000000000e+000
4.182571428571404e+000 -7.392257228308385e-001 2.117728241067203e-001 -3.490661189093505e-001 1.988902040977125e-002 1.103169767344827e+000 1.162357454283101e-001 1.418459398029867e-001 0.000000000000000e+000 2.220446049250313e-016 0.000000000000000e+000
4.190619047619023e+000 -7.396937265793520e-001 2.115860496829392e-001 -3.490661217011563e-001 1.414275297905099e-002 1.078028449680573e+000 1.132671368770598e-001 1.470960962912999e-001 0.000000000000000e+000 0.000000000000000e+000 0.000000000000000e+000
4.198666666666642e+000 -7.398472903466363e-001 2.111203424753294e-001 -3.490661200750262e-001 9.188276510686544e-003 1.053953812295039e+000 1.106536748078695e-001 1.525505883547043e-001 0.000000000000000e+000 2.220446049250313e-016 0.000000000000000e+000
4.206714285714261e+000 -7.397212305402882e-001 2.103773383175223e-001 -3.490661119892752e-001 4.935129661775006e-003 1.031817287947480e+000 1.083202419472218e-001 1.583661475587174e-001 2.107342425544702e-008 0.000000000000000e+000 0.000000000000000e+000
4.214761904761880e+000 -7.393796064713814e-001 2.093341880197439e-001 -3.490660993477486e-001 1.250020163941823e-003 1.011684490091059e+000 1.061399460252374e-001 1.646944700820418e-001 0.000000000000000e+000 0.000000000000000e+000 0.000000000000000e+000
4.222809523809499e+000 -7.389078918864541e-001 2.079728291575544e-001 -3.490660850660930e-001 -2.012100504355630e-003 9.931373325642250e-001 1.039867204802296e-001 1.716185447288831e-001 0.000000000000000e+000 -2.220446049250313e-016 0.000000000000000e+000
4.230857142857118e+000 -7.384060396102988e-001 2.063052364545703e-001 -3.490660708669890e-001 -4.979584710688823e-003 9.758428891774932e-001 1.017813712571860e-001 1.790872797157512e-001 -2.107342425544702e-008 0.000000000000000e+000 0.000000000000000e+000
4.238904761904736e+000 -7.379815218023822e-001 2.043614834941834e-001 -3.490660569159149e-001 -7.758409391680043e-003 9.597689842115307e-001 9.949329840678479e-002 1.869284566888390e-001 0.000000000000000e+000 6.661338147750939e-016 0.000000000000000e+000
4.246952380952355e+000 -7.377366689142595e-001 2.021684158261785e-001 -3.490660425918879e-001 -1.043871002989594e-002 9.450318306953921e-001 9.711892653429330e-002 1.949140718071555e-001 1.490116119384766e-008 -4.440892098500626e-016 0.000000000000000e+000
4.254999999999974e+000 -7.377596789661647e-001 1.997579072843720e-001 -3.490660273478972e-001 -1.308635987317097e-002 9.317339244814349e-001 9.467432446444782e-002 2.028074444826712e-001 2.580956827951785e-008 -4.440892098500626e-016 0.000000000000000e+000
