---- AnyBody Output File ---------------------------------
Study: Main.Studies.MotionOptimization
Operation: Main.Studies.MotionOptimization.Kinematics
----------------------------------------------------------
Constants (Name = Value): 
Main.Studies.KinematicStudyForParameterIdentification.JointAngleOutputs.OutputFile7.FileName = "..\Input\Subjects\PS\Overground Gait Trials\PS_ngait_og_ss8\PS_ngait_og_ss8-output-euler-rightarm.txt"
Main.Studies.KinematicStudyForParameterIdentification.JointAngleOutputs.OutputFile7.NumberFormat.Digits = 15
Main.Studies.KinematicStudyForParameterIdentification.JointAngleOutputs.OutputFile7.NumberFormat.Width = 22
Main.Studies.KinematicStudyForParameterIdentification.JointAngleOutputs.OutputFile7.NumberFormat.Style = ScientificNumber
Main.Studies.KinematicStudyForParameterIdentification.JointAngleOutputs.OutputFile7.NumberFormat.FormatStr = "%22.15e"
Main.Studies.KinematicStudyForParameterIdentification.JointAngleOutputs.OutputFile7.Search = 
Main.Studies.KinematicStudyForParameterIdentification.JointAngleOutputs.OutputFile7.Format = 0
Main.Studies.KinematicStudyForParameterIdentification.JointAngleOutputs.OutputFile7.SepSign = " "
Main.Studies.KinematicStudyForParameterIdentification.JointAngleOutputs.OutputFile7.LineSepSign = ""
Main.Studies.KinematicStudyForParameterIdentification.JointAngleOutputs.OutputFile7.Header.TitleSectionOnOff = On
Main.Studies.KinematicStudyForParameterIdentification.JointAngleOutputs.OutputFile7.Header.ConstSectionOnOff = On
Main.Studies.KinematicStudyForParameterIdentification.JointAngleOutputs.OutputFile7.Header.ConstSectionSaveOptionsOnOff = On
Main.Studies.KinematicStudyForParameterIdentification.JointAngleOutputs.OutputFile7.Header.VarSectionOnOff = On
Main.Studies.KinematicStudyForParameterIdentification.JointAngleOutputs.OutputFile7.Header.ColumnNamesOnOff = On
Main.Studies.KinematicStudyForParameterIdentification.JointAngleOutputs.OutputFile7.Header.LinePrefix = ""
Main.Studies.KinematicStudyForParameterIdentification.JointAngleOutputs.OutputFile7.ConstSectionSaveOptionsOnOff = On
----------------------------------------------------------
Variables (Column# Name): 
col0  Main.Studies.MotionOptimization.t
col1  Main.Studies.KinematicStudyForParameterIdentification.JointAngleOutputs.OutputFile7.SternoClavicularProtraction
col2  Main.Studies.KinematicStudyForParameterIdentification.JointAngleOutputs.OutputFile7.SternoClavicularElevation
col3  Main.Studies.KinematicStudyForParameterIdentification.JointAngleOutputs.OutputFile7.SternoClavicularAxialRotation
col4  Main.Studies.KinematicStudyForParameterIdentification.JointAngleOutputs.OutputFile7.GlenohumeralFlexion
col5  Main.Studies.KinematicStudyForParameterIdentification.JointAngleOutputs.OutputFile7.GlenohumeralExternalRotation
col6  Main.Studies.KinematicStudyForParameterIdentification.JointAngleOutputs.OutputFile7.GlenohumeralAbduction
col7  Main.Studies.KinematicStudyForParameterIdentification.JointAngleOutputs.OutputFile7.ElbowFlexion
col8  Main.Studies.KinematicStudyForParameterIdentification.JointAngleOutputs.OutputFile7.ElbowPronation
col9  Main.Studies.KinematicStudyForParameterIdentification.JointAngleOutputs.OutputFile7.WristFlexion
col10  Main.Studies.KinematicStudyForParameterIdentification.JointAngleOutputs.OutputFile7.WristAbduction
----------------------------------------------------------
Main.Studies.MotionOptimization.t Main.Studies.KinematicStudyForParameterIdentification.JointAngleOutputs.OutputFile7.SternoClavicularProtraction Main.Studies.KinematicStudyForParameterIdentification.JointAngleOutputs.OutputFile7.SternoClavicularElevation Main.Studies.KinematicStudyForParameterIdentification.JointAngleOutputs.OutputFile7.SternoClavicularAxialRotation Main.Studies.KinematicStudyForParameterIdentification.JointAngleOutputs.OutputFile7.GlenohumeralFlexion Main.Studies.KinematicStudyForParameterIdentification.JointAngleOutputs.OutputFile7.GlenohumeralExternalRotation Main.Studies.KinematicStudyForParameterIdentification.JointAngleOutputs.OutputFile7.GlenohumeralAbduction Main.Studies.KinematicStudyForParameterIdentification.JointAngleOutputs.OutputFile7.ElbowFlexion Main.Studies.KinematicStudyForParameterIdentification.JointAngleOutputs.OutputFile7.ElbowPronation Main.Studies.KinematicStudyForParameterIdentification.JointAngleOutputs.OutputFile7.WristFlexion Main.Studies.KinematicStudyForParameterIdentification.JointAngleOutputs.OutputFile7.WristAbduction
3.128333333333333e+000 -5.330668546867532e-001 3.007348982008091e-001 -3.490658504197011e-001 2.789870743327623e-001 1.476508912434698e-001 2.776643417875238e-001 8.236840353560836e-001 3.332000937312528e-008 -2.220446049250313e-016 0.000000000000000e+000
3.136380952380952e+000 -5.320671065042266e-001 3.011493220257979e-001 -3.490661930616905e-001 2.778062640201400e-001 1.456153662581138e-001 2.779592979099046e-001 8.264809173267269e-001 -2.580956827951785e-008 0.000000000000000e+000 0.000000000000000e+000
3.144428571428571e+000 -5.318849290995669e-001 3.014059583577087e-001 -3.490661717919780e-001 2.762333140245949e-001 1.432816465224080e-001 2.784954254284862e-001 8.277311881539691e-001 2.107342425544702e-008 0.000000000000000e+000 0.000000000000000e+000
3.152476190476190e+000 -5.322660514412617e-001 3.014463871256590e-001 -3.490661544280618e-001 2.744042510600346e-001 1.403875245613939e-001 2.790977971143554e-001 8.272335949880877e-001 1.490116119384766e-008 0.000000000000000e+000 0.000000000000000e+000
3.160523809523809e+000 -5.331576492827859e-001 3.010797883601235e-001 -3.490661386782922e-001 2.725436066985016e-001 1.368208250436378e-001 2.796014212793110e-001 8.247784155912779e-001 2.980232238769531e-008 -2.220446049250313e-016 0.000000000000000e+000
3.168571428571428e+000 -5.344017539235413e-001 3.000892173947798e-001 -3.490661254536044e-001 2.708117348248655e-001 1.325579455612472e-001 2.797701307550531e-001 8.203347882001614e-001 -2.107342425544702e-008 0.000000000000000e+000 0.000000000000000e+000
3.176619047619047e+000 -5.357456934979920e-001 2.982618771828620e-001 -3.490661151464652e-001 2.692660124187616e-001 1.276464503883746e-001 2.793368826780522e-001 8.140717270556218e-001 1.490116119384766e-008 0.000000000000000e+000 0.000000000000000e+000
3.184666666666665e+000 -5.368718235804009e-001 2.954396247164151e-001 -3.490661083794636e-001 2.678490693748676e-001 1.222019112367037e-001 2.780449805772360e-001 8.063314545517401e-001 -2.980232238769531e-008 -2.220446049250313e-016 0.000000000000000e+000
3.192714285714284e+000 -5.374559584155461e-001 2.915622114106693e-001 -3.490661059965128e-001 2.664161946237644e-001 1.164244852925862e-001 2.756770251278891e-001 7.975596383038039e-001 1.490116119384766e-008 0.000000000000000e+000 0.000000000000000e+000
3.200761904761903e+000 -5.372462451574815e-001 2.866906366517190e-001 -3.490661081795889e-001 2.647873063205928e-001 1.106188403302289e-001 2.720762489331812e-001 7.882153868171899e-001 3.650024149988857e-008 0.000000000000000e+000 0.000000000000000e+000
3.208809523809522e+000 -5.361248212541457e-001 2.810215745633604e-001 -3.490661136341823e-001 2.627960070599960e-001 1.051790008117655e-001 2.671701834586933e-001 7.786849800509581e-001 0.000000000000000e+000 0.000000000000000e+000 0.000000000000000e+000
3.216857142857141e+000 -5.341319656397711e-001 2.748898851975503e-001 -3.490661196375384e-001 2.603177258631013e-001 1.005199923585056e-001 2.610012516176599e-001 7.692288082637334e-001 -2.107342425544702e-008 2.220446049250313e-016 0.000000000000000e+000
3.224904761904760e+000 -5.314616061113106e-001 2.687388903130694e-001 -3.490661229678261e-001 2.572794006370966e-001 9.699039949325640e-002 2.537506493048051e-001 7.599716828543202e-001 -2.107342425544702e-008 0.000000000000000e+000 0.000000000000000e+000
3.232952380952379e+000 -5.284391873689531e-001 2.630516303974040e-001 -3.490661211701212e-001 2.536665416110560e-001 9.481050944468948e-002 2.457272101828543e-001 7.509034192894765e-001 2.107342425544702e-008 2.220446049250313e-016 0.000000000000000e+000
3.240999999999997e+000 -5.254800748545113e-001 2.582534198165374e-001 -3.490661135734219e-001 2.495286513300536e-001 9.404924374217773e-002 2.373098542922216e-001 7.418748963794059e-001 1.490116119384766e-008 -2.220446049250313e-016 0.000000000000000e+000
3.249047619047616e+000 -5.230258386939162e-001 2.546123776034579e-001 -3.490661015583680e-001 2.449675904926938e-001 9.463959810416207e-002 2.288689882275451e-001 7.326241800880147e-001 0.000000000000000e+000 2.220446049250313e-016 0.000000000000000e+000
3.257095238095235e+000 -5.214654172875771e-001 2.521766234368355e-001 -3.490660878208383e-001 2.401111331828723e-001 9.641922404954215e-002 2.207026435578692e-001 7.228465652159141e-001 -1.490116119384766e-008 0.000000000000000e+000 0.000000000000000e+000
3.265142857142854e+000 -5.210419352105905e-001 2.507717442335582e-001 -3.490660751906757e-001 2.350847125760669e-001 9.916691291484303e-002 2.129995943596329e-001 7.122873591704395e-001 -1.490116119384766e-008 0.000000000000000e+000 0.000000000000000e+000
3.273190476190473e+000 -5.217637486402017e-001 2.500574814865055e-001 -3.490660656787418e-001 2.299781789941053e-001 1.026275283141341e-001 2.058318347010249e-001 7.008378926185782e-001 -2.107342425544702e-008 -2.220446049250313e-016 0.000000000000000e+000
3.281238095238092e+000 -5.233769951130483e-001 2.496199059799409e-001 -3.490660599315087e-001 2.248094507942771e-001 1.065236630738010e-001 1.991853408741197e-001 6.886009544002265e-001 0.000000000000000e+000 0.000000000000000e+000 0.000000000000000e+000
3.289285714285711e+000 -5.254314045561072e-001 2.490600400589123e-001 -3.490660572845656e-001 2.195153420461107e-001 1.105525872357921e-001 1.930120657392875e-001 6.758722028986791e-001 0.000000000000000e+000 2.220446049250313e-016 0.000000000000000e+000
3.297333333333330e+000 -5.274135400404335e-001 2.480551814465657e-001 -3.490660563916339e-001 2.140031619529708e-001 1.144291368020821e-001 1.872531951351814e-001 6.630101509028776e-001 -1.490116119384766e-008 4.440892098500626e-016 0.000000000000000e+000
3.305380952380948e+000 -5.289000461050083e-001 2.463979085485866e-001 -3.490660560277257e-001 2.082413072131322e-001 1.180053771888747e-001 1.818254881991837e-001 6.502595971999164e-001 2.580956827951785e-008 2.220446049250313e-016 0.000000000000000e+000
3.313428571428567e+000 -5.296717893199533e-001 2.440217164050553e-001 -3.490660556936262e-001 2.023031390982841e-001 1.213392460702139e-001 1.766293268867204e-001 6.376701537462904e-001 2.580956827951785e-008 0.000000000000000e+000 0.000000000000000e+000
3.321476190476186e+000 -5.297379526330308e-001 2.410069419907008e-001 -3.490660556311880e-001 1.963184926310726e-001 1.246091786380841e-001 1.716007292917750e-001 6.251622186901960e-001 2.580956827951785e-008 -2.220446049250313e-016 0.000000000000000e+000
3.329523809523805e+000 -5.292808602797567e-001 2.375575907059779e-001 -3.490660561050634e-001 1.903933492796073e-001 1.279803422635015e-001 1.667498147203876e-001 6.126350133866035e-001 2.580956827951785e-008 4.440892098500626e-016 0.000000000000000e+000
3.337571428571424e+000 -5.285783169307893e-001 2.339528987844206e-001 -3.490660567350031e-001 1.845725380972838e-001 1.315542080992747e-001 1.621463086007140e-001 6.000181635138809e-001 2.107342425544702e-008 2.220446049250313e-016 0.000000000000000e+000
3.345619047619043e+000 -5.279350367178243e-001 2.304871541735432e-001 -3.490660567044394e-001 1.788479121905409e-001 1.353821954278067e-001 1.578808169168423e-001 5.872766001008727e-001 0.000000000000000e+000 -2.220446049250313e-016 0.000000000000000e+000
3.353666666666662e+000 -5.276210470954302e-001 2.274114413017792e-001 -3.490660554521839e-001 1.731773441039322e-001 1.394806398276810e-001 1.540343737141588e-001 5.744069858071832e-001 0.000000000000000e+000 -2.220446049250313e-016 0.000000000000000e+000
3.361714285714280e+000 -5.278178097564547e-001 2.248866671157788e-001 -3.490660530312700e-001 1.674974502074924e-001 1.438429775065166e-001 1.506557084686062e-001 5.614419273541528e-001 -2.107342425544702e-008 0.000000000000000e+000 0.000000000000000e+000
3.369761904761899e+000 -5.285870042004279e-001 2.229550432190735e-001 -3.490660499777919e-001 1.617332297171914e-001 1.484557280668411e-001 1.477455057834932e-001 5.484699736696727e-001 1.490116119384766e-008 0.000000000000000e+000 0.000000000000000e+000
3.377809523809518e+000 -5.298769440651334e-001 2.215411961085947e-001 -3.490660469422733e-001 1.558105825897944e-001 1.533109230038763e-001 1.452564727239493e-001 5.356546531389479e-001 0.000000000000000e+000 0.000000000000000e+000 0.000000000000000e+000
3.385857142857137e+000 -5.315589632469799e-001 2.204881783132924e-001 -3.490660443367256e-001 1.496705160243592e-001 1.584127467128401e-001 1.431050506405867e-001 5.232166992026690e-001 -1.490116119384766e-008 -2.220446049250313e-016 0.000000000000000e+000
3.393904761904756e+000 -5.334664428707725e-001 2.196116056572353e-001 -3.490660422245454e-001 1.432787517651744e-001 1.637678366590288e-001 1.411842842238096e-001 5.113808414214669e-001 0.000000000000000e+000 2.220446049250313e-016 0.000000000000000e+000
3.401952380952375e+000 -5.354220590233042e-001 2.187457514010633e-001 -3.490660404849426e-001 1.366262653310202e-001 1.693573789371195e-001 1.393786437508741e-001 5.003293176489324e-001 0.000000000000000e+000 4.440892098500626e-016 0.000000000000000e+000
3.409999999999994e+000 -5.372589587941599e-001 2.177674975071986e-001 -3.490660390014838e-001 1.297224759495790e-001 1.751255641346124e-001 1.375820487910809e-001 4.901840978817903e-001 0.000000000000000e+000 -2.220446049250313e-016 0.000000000000000e+000
3.418047619047612e+000 -5.388435814783823e-001 2.165973972323416e-001 -3.490660376737915e-001 1.225876544249704e-001 1.809987366718958e-001 1.357110435921136e-001 4.809999942017570e-001 -1.490116119384766e-008 0.000000000000000e+000 0.000000000000000e+000
3.426095238095231e+000 -5.400983110843282e-001 2.151889279723240e-001 -3.490660363432507e-001 1.152467023022474e-001 1.868999789380305e-001 1.337080537330900e-001 4.727539131607415e-001 -1.490116119384766e-008 0.000000000000000e+000 0.000000000000000e+000
3.434142857142850e+000 -5.410089942543778e-001 2.135225448781590e-001 -3.490660348066508e-001 1.077198950831415e-001 1.927508458352678e-001 1.315379705358793e-001 4.653464795298007e-001 0.000000000000000e+000 -2.220446049250313e-016 0.000000000000000e+000
3.442190476190469e+000 -5.416074677207221e-001 2.116098201068772e-001 -3.490660329353661e-001 1.000114377677532e-001 1.984901281111760e-001 1.291825688794805e-001 4.586356400430153e-001 0.000000000000000e+000 -2.220446049250313e-016 0.000000000000000e+000
3.450238095238088e+000 -5.419450057719517e-001 2.095034494494501e-001 -3.490660307880452e-001 9.210608788213248e-002 2.040998834151299e-001 1.266432090939617e-001 4.524881101000643e-001 -2.580956827951785e-008 -2.220446049250313e-016 0.000000000000000e+000
3.458285714285707e+000 -5.422052160120406e-001 2.072932264748759e-001 -3.490658523887681e-001 8.409131510791257e-002 2.095313580257061e-001 1.239712172807764e-001 4.466979280103755e-001 -2.580956827951785e-008 0.000000000000000e+000 0.000000000000000e+000
3.466333333333326e+000 -5.422033323477176e-001 2.051709682971714e-001 -3.490658523336608e-001 7.573457447172216e-002 2.149640837753535e-001 1.212216037487405e-001 4.414537131143379e-001 0.000000000000000e+000 0.000000000000000e+000 0.000000000000000e+000
3.474380952380944e+000 -5.421535966668911e-001 2.032844144295800e-001 -3.490658522204495e-001 6.715789622388679e-002 2.203327537618055e-001 1.185054206801616e-001 4.366143529051825e-001 0.000000000000000e+000 -2.220446049250313e-016 0.000000000000000e+000
3.482428571428563e+000 -5.421416994464923e-001 2.017439314712317e-001 -3.490658521244867e-001 5.838994795542840e-002 2.255962513366029e-001 1.158886938551076e-001 4.321621957079505e-001 2.580956827951785e-008 0.000000000000000e+000 0.000000000000000e+000
3.490476190476182e+000 -5.422349528562077e-001 2.005735154669650e-001 -3.490658520369651e-001 4.947332263582593e-002 2.306964974722371e-001 1.133849686827543e-001 4.280810899823226e-001 1.490116119384766e-008 -4.440892098500626e-016 0.000000000000000e+000
3.498523809523801e+000 -5.424716294543996e-001 1.997282340287150e-001 -3.490658519499284e-001 4.046535208167224e-002 2.356101729808403e-001 1.109629008423963e-001 4.243631169884675e-001 0.000000000000000e+000 0.000000000000000e+000 0.000000000000000e+000
3.506571428571420e+000 -5.428578793234057e-001 1.991323705196986e-001 -3.490658518583092e-001 3.143064366138049e-002 2.403567932657714e-001 1.085660588453757e-001 4.210167750420819e-001 -1.490116119384766e-008 -2.220446049250313e-016 0.000000000000000e+000
3.514619047619039e+000 -5.433717647241979e-001 1.987092305756351e-001 -3.490658517597613e-001 2.242225075180571e-002 2.449539780337082e-001 1.061347548544085e-001 4.180638444696813e-001 0.000000000000000e+000 -6.661338147750939e-016 0.000000000000000e+000
3.522666666666658e+000 -5.439759364577499e-001 1.983951834269075e-001 -3.490658516540428e-001 1.346683207404231e-002 2.493579487986675e-001 1.036284480677189e-001 4.155339526613916e-001 2.107342425544702e-008 4.440892098500626e-016 0.000000000000000e+000
3.530714285714276e+000 -5.446318646300266e-001 1.981446939384655e-001 -3.490658515413478e-001 4.566675931092057e-003 2.534355479138695e-001 1.010423104799957e-001 4.134681882893107e-001 0.000000000000000e+000 -6.661338147750939e-016 0.000000000000000e+000
3.538761904761895e+000 -5.453078150765068e-001 1.979303048813139e-001 -3.490658514208243e-001 -4.289414713749995e-003 2.570056114645029e-001 9.840480025195027e-002 4.119208007599930e-001 2.107342425544702e-008 0.000000000000000e+000 0.000000000000000e+000
3.546809523809514e+000 -5.459773661961309e-001 1.977328337888447e-001 -3.490658512907178e-001 -1.312181935258638e-002 2.599268231148403e-001 9.575199985132897e-002 4.109494808571607e-001 -2.107342425544702e-008 0.000000000000000e+000 0.000000000000000e+000
3.554857142857133e+000 -5.466120996788674e-001 1.975260817659099e-001 -3.490658511496453e-001 -2.196047368336540e-002 2.621558638766303e-001 9.309856852562602e-002 4.105942518507161e-001 0.000000000000000e+000 0.000000000000000e+000 0.000000000000000e+000
3.562904761904752e+000 -5.471808898703826e-001 1.972784964841194e-001 -3.490658509974738e-001 -3.084016184041816e-002 2.637357528887488e-001 9.043733260674187e-002 4.108517501301354e-001 2.107342425544702e-008 -2.220446049250313e-016 0.000000000000000e+000
3.570952380952371e+000 -5.476613589268394e-001 1.969820356873420e-001 -3.490658508348951e-001 -3.979160678657512e-002 2.647462856735104e-001 8.777194954791667e-002 4.116610578858104e-001 0.000000000000000e+000 -2.220446049250313e-016 0.000000000000000e+000
3.578999999999990e+000 -5.480511195342354e-001 1.966812655174062e-001 -3.490658506634066e-001 -4.883022072295229e-002 2.652710147812378e-001 8.514618094241168e-002 4.129064397639872e-001 2.980232238769531e-008 2.220446049250313e-016 0.000000000000000e+000
3.587047619047608e+000 -5.483693331755012e-001 1.964684029697292e-001 -3.490658504874869e-001 -5.794130520524510e-002 2.653946112877697e-001 8.263848154763229e-002 4.144279728037544e-001 -2.107342425544702e-008 0.000000000000000e+000 0.000000000000000e+000
3.595095238095227e+000 -5.486574987565618e-001 1.964462337441055e-001 -3.490658503171368e-001 -6.706827826449957e-002 2.652046796868755e-001 8.033465709251031e-002 4.160398833932296e-001 2.107342425544702e-008 4.440892098500626e-016 0.000000000000000e+000
3.603142857142846e+000 -5.489830838932159e-001 1.966889119616220e-001 -3.490658501675784e-001 -7.611240161612587e-002 2.647872788177024e-001 7.830790804966556e-002 4.175595848077326e-001 -2.107342425544702e-008 0.000000000000000e+000 0.000000000000000e+000
3.611190476190465e+000 -5.494305378939525e-001 1.972206703747568e-001 -3.490658500540252e-001 -8.494487897080871e-002 2.642278303209558e-001 7.661319760925840e-002 4.188375909727884e-001 0.000000000000000e+000 2.220446049250313e-016 0.000000000000000e+000
3.619238095238084e+000 -5.500725271015676e-001 1.980119016505304e-001 -3.490658499836286e-001 -9.342919307183717e-002 2.636141536866680e-001 7.528656658379186e-002 4.197765645963815e-001 0.000000000000000e+000 -6.661338147750939e-016 0.000000000000000e+000
3.627285714285703e+000 -5.509401157870182e-001 1.989857589153257e-001 -3.490658499508730e-001 -1.014469699021168e-001 2.630278361395810e-001 7.434466365694860e-002 4.203319615226779e-001 0.000000000000000e+000 2.220446049250313e-016 0.000000000000000e+000
3.635333333333322e+000 -5.520143384394701e-001 2.000303458861057e-001 -3.490658499406164e-001 -1.089132145998208e-001 2.625274226720778e-001 7.378566675702132e-002 4.204941251129331e-001 0.000000000000000e+000 -2.220446049250313e-016 0.000000000000000e+000
3.643380952380940e+000 -5.532353667932307e-001 2.010127433707700e-001 -3.490658499344914e-001 -1.157759468477835e-001 2.621399988177569e-001 7.359069459502358e-002 4.202663564006879e-001 -2.980232238769531e-008 -4.440892098500626e-016 0.000000000000000e+000
3.651428571428559e+000 -5.545073265167791e-001 2.017909209115623e-001 -3.490658499154340e-001 -1.220130673943942e-001 2.618583472978335e-001 7.372387286381739e-002 4.196537542884390e-001 2.107342425544702e-008 -4.440892098500626e-016 0.000000000000000e+000
3.659476190476178e+000 -5.557019317491190e-001 2.022220311063967e-001 -3.490658498713344e-001 -1.276339596904210e-001 2.616377083931178e-001 7.413367831081293e-002 4.186604333541291e-001 2.107342425544702e-008 2.220446049250313e-016 0.000000000000000e+000
3.667523809523797e+000 -5.566876088623382e-001 2.021730007653744e-001 -3.490658497991697e-001 -1.326763032506824e-001 2.614260997854748e-001 7.475684772561804e-002 4.172882384397561e-001 0.000000000000000e+000 -4.440892098500626e-016 0.000000000000000e+000
3.675571428571416e+000 -5.573783972311301e-001 2.015406722589170e-001 -3.490658497064803e-001 -1.371906903061906e-001 2.612385314545208e-001 7.552137514706987e-002 4.155320709016865e-001 2.580956827951785e-008 -2.220446049250313e-016 0.000000000000000e+000
3.683619047619035e+000 -5.577590888354088e-001 2.002777376132445e-001 -3.490658496082771e-001 -1.412186280581422e-001 2.612170079607698e-001 7.634927828453114e-002 4.133643049286916e-001 1.490116119384766e-008 -4.440892098500626e-016 0.000000000000000e+000
3.691666666666654e+000 -5.578698464264706e-001 1.984123219701108e-001 -3.490658495220665e-001 -1.447755279831937e-001 2.616323537142301e-001 7.716311717627723e-002 4.107159043790047e-001 -2.107342425544702e-008 -6.661338147750939e-016 0.000000000000000e+000
3.699714285714272e+000 -5.577834575551458e-001 1.960562376023680e-001 -3.490658494632276e-001 -1.478455615408196e-001 2.628309644019007e-001 7.789601328645322e-002 4.074771371722963e-001 -1.490116119384766e-008 0.000000000000000e+000 0.000000000000000e+000
3.707761904761891e+000 -5.575926511086625e-001 1.934039513972428e-001 -3.490658494404284e-001 -1.503851321470999e-001 2.651655896607296e-001 7.849978430143340e-002 4.035225578892888e-001 0.000000000000000e+000 -6.661338147750939e-016 0.000000000000000e+000
3.715809523809510e+000 -5.573894214439207e-001 1.907176186162602e-001 -3.490658494514793e-001 -1.523280121902990e-001 2.689613967183582e-001 7.895019880081484e-002 3.987431892293158e-001 -2.107342425544702e-008 -4.440892098500626e-016 0.000000000000000e+000
3.723857142857129e+000 -5.572429760297132e-001 1.882967437872232e-001 -3.490658494813734e-001 -1.535889848408307e-001 2.745046935042705e-001 7.926345804182290e-002 3.930743912776803e-001 0.000000000000000e+000 -2.220446049250313e-016 0.000000000000000e+000
3.731904761904748e+000 -5.571949011438370e-001 1.864487380684212e-001 -3.490658495016367e-001 -1.540650804452297e-001 2.819996737474339e-001 7.953041036106671e-002 3.865151366352029e-001 -1.490116119384766e-008 0.000000000000000e+000 0.000000000000000e+000
3.739952380952367e+000 -5.572619586088439e-001 1.854720882942624e-001 -3.490658494723698e-001 -1.536338514704916e-001 2.915068839696241e-001 7.993928580894463e-002 3.791280927568901e-001 0.000000000000000e+000 0.000000000000000e+000 0.000000000000000e+000
3.747999999999986e+000 -5.574406436344206e-001 1.856336275282990e-001 -3.490658493573958e-001 -1.521562568660853e-001 3.029253729492972e-001 8.074575610793594e-002 3.710227066151999e-001 0.000000000000000e+000 -6.661338147750939e-016 0.000000000000000e+000
3.756047619047604e+000 -5.576338327924033e-001 1.871028501937084e-001 -3.490659429848376e-001 -1.495866835078901e-001 3.160827420202308e-001 8.215234958760875e-002 3.624464854336573e-001 2.107342425544702e-008 6.661338147750939e-016 0.000000000000000e+000
3.764095238095223e+000 -5.580154293017788e-001 1.899393041135655e-001 -3.490659539703171e-001 -1.456330480494925e-001 3.305282081320770e-001 8.433587817415421e-002 3.533940399661241e-001 0.000000000000000e+000 -2.220446049250313e-016 0.000000000000000e+000
3.772142857142842e+000 -5.585635959941098e-001 1.939905797333348e-001 -3.490659662639605e-001 -1.403336156463730e-001 3.459007936326295e-001 8.722150856410181e-002 3.442283015831044e-001 2.107342425544702e-008 4.440892098500626e-016 0.000000000000000e+000
3.780190476190461e+000 -5.593587360766491e-001 1.989782037004544e-001 -3.490659746166017e-001 -1.337116066485300e-001 3.616232817377127e-001 9.064542911291366e-002 3.352913720329098e-001 0.000000000000000e+000 2.220446049250313e-016 0.000000000000000e+000
3.788238095238080e+000 -5.604619538540813e-001 2.045722816880713e-001 -3.490659779823648e-001 -1.259022154508220e-001 3.769309593944007e-001 9.441457882927010e-002 3.269890583301327e-001 0.000000000000000e+000 -2.220446049250313e-016 0.000000000000000e+000
3.796285714285699e+000 -5.618697535607412e-001 2.104673016936309e-001 -3.490659761695793e-001 -1.171618145221285e-001 3.909026454696993e-001 9.837667753294362e-002 3.197482675249944e-001 2.980232238769531e-008 -4.440892098500626e-016 0.000000000000000e+000
3.804333333333318e+000 -5.634938031633677e-001 2.164099051615700e-001 -3.490659694462072e-001 -1.078398064214732e-001 4.025691108470155e-001 1.024353939201608e-001 3.139705770587417e-001 -1.490116119384766e-008 0.000000000000000e+000 0.000000000000000e+000
3.812380952380936e+000 -5.651635990939224e-001 2.221845290775792e-001 -3.490659587304276e-001 -9.832229593745034e-002 4.110412644746149e-001 1.065302312169344e-001 3.099963581219299e-001 0.000000000000000e+000 -2.220446049250313e-016 0.000000000000000e+000
3.820428571428555e+000 -5.666408841031398e-001 2.275907098975396e-001 -3.490659459587401e-001 -8.897254602226790e-002 4.155999129048121e-001 1.106200452719533e-001 3.080771449941371e-001 -1.490116119384766e-008 -4.440892098500626e-016 0.000000000000000e+000
3.828476190476174e+000 -5.676521326420537e-001 2.324397738568755e-001 -3.490659338087400e-001 -8.007951416588610e-002 4.157780853232557e-001 1.146822137254799e-001 3.083467430697097e-001 -2.107342425544702e-008 0.000000000000000e+000 0.000000000000000e+000
3.836523809523793e+000 -5.679414944327964e-001 2.365736416259521e-001 -3.490659247331491e-001 -7.181642271290367e-002 4.114706991693163e-001 1.187150525532268e-001 3.107955502051396e-001 0.000000000000000e+000 0.000000000000000e+000 0.000000000000000e+000
3.844571428571412e+000 -5.673299790622856e-001 2.398846636434215e-001 -3.490659199821402e-001 -6.421890445793532e-002 4.029919338950206e-001 1.227337231508998e-001 3.152663753329581e-001 0.000000000000000e+000 2.220446049250313e-016 0.000000000000000e+000
3.852619047619031e+000 -5.657720517748552e-001 2.423204057355148e-001 -3.490659192757262e-001 -5.718784327734827e-002 3.910142254882695e-001 1.267619319219157e-001 3.214726093951052e-001 0.000000000000000e+000 -2.220446049250313e-016 0.000000000000000e+000
3.860666666666650e+000 -5.633986858955054e-001 2.438819581499652e-001 -3.490659211573707e-001 -5.051112123646706e-002 3.764386609932291e-001 1.308259626176536e-001 3.290274704596986e-001 -2.580956827951785e-008 -2.220446049250313e-016 0.000000000000000e+000
3.868714285714269e+000 -5.605156537387033e-001 2.446267484119271e-001 -3.490659237165734e-001 -4.390390528364807e-002 3.602512540603867e-001 1.349502258297637e-001 3.374884694009360e-001 3.332000937312528e-008 4.440892098500626e-016 0.000000000000000e+000
3.876761904761887e+000 -5.575363428907147e-001 2.446748718074689e-001 -3.490659254254241e-001 -3.706669905776683e-002 3.433922338095790e-001 1.391509823342246e-001 3.464130584071700e-001 -2.107342425544702e-008 -6.661338147750939e-016 0.000000000000000e+000
3.884809523809506e+000 -5.548696928119004e-001 2.442141027983391e-001 -3.490659257089453e-001 -2.974391760055362e-002 3.266789005206817e-001 1.434322013006853e-001 3.554018215446583e-001 -2.107342425544702e-008 0.000000000000000e+000 0.000000000000000e+000
3.892857142857125e+000 -5.528127492188123e-001 2.434876632268987e-001 -3.490659249355149e-001 -2.176298880835170e-002 3.107791238273195e-001 1.477846220541639e-001 3.641257541634883e-001 0.000000000000000e+000 -4.440892098500626e-016 0.000000000000000e+000
3.900904761904744e+000 -5.514925246215675e-001 2.427518507893771e-001 -3.490659240061099e-001 -1.305048865109937e-002 2.961903991637772e-001 1.521851468461183e-001 3.723542606108313e-001 0.000000000000000e+000 0.000000000000000e+000 0.000000000000000e+000
3.908952380952363e+000 -5.508658302552081e-001 2.422258923584941e-001 -3.490659238801350e-001 -3.631959388889605e-003 2.832343689568376e-001 1.565975844639319e-001 3.799803907414354e-001 2.107342425544702e-008 2.220446049250313e-016 0.000000000000000e+000
3.916999999999982e+000 -5.507586144418667e-001 2.420614556925880e-001 -3.490659251850422e-001 6.378187056244711e-003 2.720994393142563e-001 1.609724428025297e-001 3.870330924762951e-001 0.000000000000000e+000 -4.440892098500626e-016 0.000000000000000e+000
3.925047619047601e+000 -5.509305913269862e-001 2.423271920560612e-001 -3.490659280383548e-001 1.679113555415968e-002 2.628783718900182e-001 1.652480190130213e-001 3.936861824231072e-001 2.107342425544702e-008 -4.440892098500626e-016 0.000000000000000e+000
3.933095238095219e+000 -5.511465141160099e-001 2.430097330946899e-001 -3.490659321506385e-001 2.737193636364732e-002 2.555697864737623e-001 1.693617059478994e-001 4.002428281082386e-001 0.000000000000000e+000 0.000000000000000e+000 0.000000000000000e+000
3.941142857142838e+000 -5.512251458807229e-001 2.440504353494548e-001 -3.490659370676625e-001 3.789294519720010e-002 2.501194427039939e-001 1.732681972110912e-001 4.070613840308359e-001 0.000000000000000e+000 0.000000000000000e+000 0.000000000000000e+000
3.949190476190457e+000 -5.510612780478109e-001 2.453965058259278e-001 -3.490659423135485e-001 4.817817772711330e-002 2.464777774877453e-001 1.769561475964279e-001 4.144839261442570e-001 2.107342425544702e-008 2.220446049250313e-016 0.000000000000000e+000
3.957238095238076e+000 -5.506354267915579e-001 2.470153353972200e-001 -3.490659473907129e-001 5.810577735197753e-002 2.445665735542046e-001 1.804567178315932e-001 4.228256233013363e-001 2.107342425544702e-008 -6.661338147750939e-016 0.000000000000000e+000
3.965285714285695e+000 -5.500032636906919e-001 2.488706526358182e-001 -3.490659517931253e-001 6.760417966300425e-002 2.442117346839088e-001 1.838329166346517e-001 4.323498231598104e-001 1.490116119384766e-008 -2.220446049250313e-016 0.000000000000000e+000
3.973333333333314e+000 -5.492537113335734e-001 2.509048190571341e-001 -3.490659550925995e-001 7.666663453209366e-002 2.451538315696782e-001 1.871507225542962e-001 4.431849025337300e-001 0.000000000000000e+000 4.440892098500626e-016 0.000000000000000e+000
3.981380952380933e+000 -5.484618738960639e-001 2.530481186027103e-001 -3.490659570332353e-001 8.535079010498325e-002 2.471069663912559e-001 1.904556073138455e-001 4.552704169046355e-001 0.000000000000000e+000 0.000000000000000e+000 0.000000000000000e+000
3.989428571428551e+000 -5.476684593494448e-001 2.552360191861487e-001 -3.490659575758299e-001 9.375367571664772e-002 2.497996516221062e-001 1.937733565455752e-001 4.683907021630615e-001 0.000000000000000e+000 0.000000000000000e+000 0.000000000000000e+000
3.997476190476170e+000 -5.468832799032888e-001 2.574115238461219e-001 -3.490659568751898e-001 1.019848857610111e-001 2.529809248008483e-001 1.971254443113310e-001 4.822583430263595e-001 2.980232238769531e-008 -2.220446049250313e-016 0.000000000000000e+000
4.005523809523790e+000 -5.460964310367612e-001 2.595131352111222e-001 -3.490659552307079e-001 1.101414411360890e-001 2.563924939008263e-001 2.005354474226710e-001 4.965968871457135e-001 -2.980232238769531e-008 -2.220446049250313e-016 0.000000000000000e+000
4.013571428571408e+000 -5.452898911978469e-001 2.614683314585398e-001 -3.490659530971339e-001 1.182936368533158e-001 2.597593877349259e-001 2.040142790221635e-001 5.111740779582827e-001 0.000000000000000e+000 -2.220446049250313e-016 0.000000000000000e+000
4.021619047619027e+000 -5.444477787016837e-001 2.632059457352780e-001 -3.490659511273269e-001 1.265026054788678e-001 2.628539459571708e-001 2.075380243905547e-001 5.257649784939753e-001 -1.490116119384766e-008 -6.661338147750939e-016 0.000000000000000e+000
4.029666666666646e+000 -5.435639881512898e-001 2.646752390745564e-001 -3.490659500577280e-001 1.348477556788170e-001 2.655612335041495e-001 2.110495930574876e-001 5.401164376583574e-001 2.107342425544702e-008 -2.220446049250313e-016 0.000000000000000e+000
4.037714285714265e+000 -5.426467915144594e-001 2.658543734230030e-001 -3.490659504304916e-001 1.434222523436122e-001 2.678410551656779e-001 2.144940939935553e-001 5.539856398095394e-001 2.107342425544702e-008 2.220446049250313e-016 0.000000000000000e+000
4.045761904761884e+000 -5.417196914167551e-001 2.667529917289300e-001 -3.490659524280190e-001 1.522986513716211e-001 2.696300911206752e-001 2.178590018182414e-001 5.672146018132054e-001 2.580956827951785e-008 2.220446049250313e-016 0.000000000000000e+000
4.053809523809503e+000 -5.408139204122603e-001 2.674176351738908e-001 -3.490659559555339e-001 1.614976362858691e-001 2.707986685039023e-001 2.211843269234276e-001 5.797663201968785e-001 0.000000000000000e+000 -6.661338147750939e-016 0.000000000000000e+000
4.061857142857122e+000 -5.399535082322847e-001 2.679322299399476e-001 -3.490659608001056e-001 1.709817157577251e-001 2.711872876370850e-001 2.245369732658249e-001 5.917038395881122e-001 -1.490116119384766e-008 2.220446049250313e-016 0.000000000000000e+000
4.069904761904740e+000 -5.391458736646857e-001 2.684074710986155e-001 -3.490659667459950e-001 1.806740163237195e-001 2.706786072507786e-001 2.279705561486552e-001 6.031357398943928e-001 -1.490116119384766e-008 -2.220446049250313e-016 0.000000000000000e+000
4.077952380952359e+000 -5.383843694140024e-001 2.689648531859425e-001 -3.490659736893854e-001 1.904830614104442e-001 2.692531156879913e-001 2.314998222526590e-001 6.141685405614848e-001 0.000000000000000e+000 6.661338147750939e-016 0.000000000000000e+000
4.085999999999978e+000 -5.376597306825844e-001 2.697186003097607e-001 -3.490659816854111e-001 2.003133985210996e-001 2.669832303647229e-001 2.351081817134924e-001 6.248967203572806e-001 0.000000000000000e+000 0.000000000000000e+000 0.000000000000000e+000
4.094047619047597e+000 -5.369780240032229e-001 2.707548094328076e-001 -3.490659908278159e-001 2.100653632004577e-001 2.639724865241464e-001 2.387763748366524e-001 6.354144355916329e-001 2.980232238769531e-008 -2.220446049250313e-016 0.000000000000000e+000
4.102095238095216e+000 -5.363669832273728e-001 2.721145350256982e-001 -3.490660010887787e-001 2.196392567317367e-001 2.602996862034712e-001 2.424962926496598e-001 6.458112598801598e-001 0.000000000000000e+000 -4.440892098500626e-016 0.000000000000000e+000
4.110142857142835e+000 -5.358506799342303e-001 2.737945122659342e-001 -3.490660122622444e-001 2.289447173659187e-001 2.559991932607525e-001 2.462567662276923e-001 6.561494553113337e-001 -2.580956827951785e-008 0.000000000000000e+000 0.000000000000000e+000
4.118190476190454e+000 -5.354139209043906e-001 2.757697570356625e-001 -3.490660239708434e-001 2.379095741303183e-001 2.510646964149073e-001 2.500245276983339e-001 6.664490913577004e-001 1.490116119384766e-008 0.000000000000000e+000 0.000000000000000e+000
4.126238095238072e+000 -5.349923568063618e-001 2.780182720244240e-001 -3.490660357723005e-001 2.464890572314409e-001 2.454841581454892e-001 2.537328478013623e-001 6.766942840839966e-001 2.980232238769531e-008 -4.440892098500626e-016 0.000000000000000e+000
4.134285714285691e+000 -5.344878016136674e-001 2.805200007695210e-001 -3.490660474877291e-001 2.546693671364506e-001 2.393079942401944e-001 2.572714727774056e-001 6.868510499503574e-001 0.000000000000000e+000 0.000000000000000e+000 0.000000000000000e+000
4.142333333333310e+000 -5.337885734242274e-001 2.832288123448816e-001 -3.490660597202403e-001 2.624544676097695e-001 2.326775031311743e-001 2.604913574845063e-001 6.968819549021038e-001 0.000000000000000e+000 -2.220446049250313e-016 0.000000000000000e+000
4.150380952380929e+000 -5.327901148622082e-001 2.860464212902500e-001 -3.490660743513614e-001 2.698400866977631e-001 2.257734678172510e-001 2.632384165877537e-001 7.067580966893302e-001 2.107342425544702e-008 0.000000000000000e+000 0.000000000000000e+000
4.158428571428548e+000 -5.314226840944338e-001 2.888227576246971e-001 -3.490660945476903e-001 2.767900993920489e-001 2.187669485758921e-001 2.653945619284777e-001 7.164763206639851e-001 0.000000000000000e+000 0.000000000000000e+000 0.000000000000000e+000
4.166476190476167e+000 -5.296759263430138e-001 2.913837621316806e-001 -3.490661237596013e-001 2.832287212354137e-001 2.118237506723222e-001 2.669001772894933e-001 7.260650637385180e-001 -2.980232238769531e-008 4.440892098500626e-016 0.000000000000000e+000
4.174523809523786e+000 -5.275898419046017e-001 2.935764461973043e-001 -3.490661637717631e-001 2.890528576120923e-001 2.051013010649304e-001 2.677585561870627e-001 7.355614587176725e-001 2.580956827951785e-008 -2.220446049250313e-016 0.000000000000000e+000
4.182571428571404e+000 -5.252076057452879e-001 2.953154363082418e-001 -3.490662127818264e-001 2.941487050216687e-001 1.986999227931910e-001 2.680319382145346e-001 7.449870670644310e-001 2.107342425544702e-008 -2.220446049250313e-016 0.000000000000000e+000
4.190619047619023e+000 -5.225431132933501e-001 2.966111818595072e-001 -3.490662649736562e-001 2.983986287397034e-001 1.926370005765027e-001 2.678315570674578e-001 7.543465434621780e-001 1.490116119384766e-008 -2.220446049250313e-016 0.000000000000000e+000
4.198666666666642e+000 -5.196124738333321e-001 2.975654616160939e-001 -3.490663123020552e-001 3.016925234776269e-001 1.868974964496875e-001 2.672986687907833e-001 7.636244763207536e-001 2.980232238769531e-008 0.000000000000000e+000 0.000000000000000e+000
4.206714285714261e+000 -5.164980170767450e-001 2.983333386657399e-001 -3.490663475285415e-001 3.039549834106472e-001 1.814983700660399e-001 2.665764802040572e-001 7.727575220946977e-001 0.000000000000000e+000 0.000000000000000e+000 0.000000000000000e+000
4.214761904761880e+000 -5.133770971475170e-001 2.990679217003367e-001 -3.490663665598975e-001 3.051690580190876e-001 1.764937117337592e-001 2.657853186069540e-001 7.816020403687178e-001 2.107342425544702e-008 -2.220446049250313e-016 0.000000000000000e+000
4.222809523809499e+000 -5.104975592054967e-001 2.998710506314399e-001 -3.490663689366523e-001 3.053745169141902e-001 1.719220414540475e-001 2.650196695188730e-001 7.899320776886064e-001 0.000000000000000e+000 -2.220446049250313e-016 0.000000000000000e+000
4.230857142857118e+000 -5.081224275140743e-001 3.007659064459032e-001 -3.490663569075169e-001 3.046486733862721e-001 1.677389751560425e-001 2.643619614185019e-001 7.974743515190410e-001 0.000000000000000e+000 0.000000000000000e+000 0.000000000000000e+000
4.238904761904736e+000 -5.064642199122433e-001 3.016970611555410e-001 -3.490663342081332e-001 3.030927308704812e-001 1.637929989838816e-001 2.638810932302378e-001 8.039575228335475e-001 -3.332000937312528e-008 -2.220446049250313e-016 0.000000000000000e+000
4.246952380952355e+000 -5.056290718769911e-001 3.025506164996559e-001 -3.490663051908676e-001 3.008330974687599e-001 1.598696126193790e-001 2.636052566806101e-001 8.091471221530496e-001 -3.332000937312528e-008 0.000000000000000e+000 0.000000000000000e+000
4.254999999999974e+000 -5.055922619061796e-001 3.031793580654423e-001 -3.490662742603771e-001 2.980309381363453e-001 1.557607352058456e-001 2.634969869836009e-001 8.128517755500524e-001 0.000000000000000e+000 0.000000000000000e+000 0.000000000000000e+000
