Time(sec)	Fx	Fy	Fz	Tx	Ty	Tz	GON	GRFz
2.083333	-0.73	8.5	0	-49.78	-26.67	-23.17	2.1806	0.1175
2.091633	-1.87	9.53	0	-51.39	-21.34	-22.92	2.1917	0.1167
2.099933	-2.45	11.49	0	-49.51	-14.78	-20.81	2.1935	0.1157
2.108333	-3.28	12.29	0	-46.03	-8.52	-18.5	2.1979	0.1149
2.116633	-4.5	11.67	0	-42.3	-3.13	-16.66	2.2121	0.1145
2.124933	-6	10.74	0	-39.97	1.14	-15.93	2.2264	0.1141
2.133333	-7.22	11.28	0	-37.2	5.43	-15.57	2.2285	0.1134
2.141633	-8.57	11.77	6.05	-32.1	9.58	-14.85	2.2247	0.1126
2.149933	-10.88	10.64	15.75	-26.31	12.62	-14.02	2.2293	0.112
2.158333	-13.55	8.14	25.1	-19.97	14.56	-13.03	2.2555	0.112
2.166633	-15.15	4.89	30.15	-14.05	15.41	-12.16	2.2817	0.112
2.174933	-15.53	0.96	30.2	-8.92	15.19	-11.54	2.2978	0.112
2.183333	-17.12	-3.12	26.37	-6.21	13.74	-11.66	2.3107	0.112
2.191633	-20.24	-7.32	20.97	-3.76	11.88	-11.63	2.3263	0.1119
2.199933	-22.63	-11.16	15.75	-0.49	9.81	-10.87	2.3465	0.1115
2.208333	-23.06	-13.21	9.95	1.6	7.51	-9.98	2.3668	0.1111
2.216633	-21.46	-13.09	3.07	1.72	4.95	-9.23	2.37	0.1114
2.224933	-19.81	-11.9	1.55	-1.01	2.23	-10.18	2.37	0.1119
2.233333	-19.33	-10.18	8.34	-6.45	-0.67	-13.03	2.3875	0.1118
2.241633	-21.26	-8.77	16.15	-13.38	-3.84	-16.7	2.4132	0.1114
2.249933	-23.5	-8.53	22.46	-18.71	-6.83	-19.95	2.4389	0.111
2.258333	-24.93	-9.26	28.48	-21.82	-9.41	-22.47	2.461	0.111
2.266633	-25.8	-10.55	36.43	-23.48	-11.38	-24.44	2.4828	0.111
2.274933	-27.15	-12.61	45.49	-24.18	-12.83	-26.14	2.5031	0.111
2.283333	-29.9	-15.52	53.74	-25.29	-13.86	-28.32	2.5229	0.111
2.291633	-33.04	-18.49	55.45	-26.34	-14.61	-29.76	2.542	0.111
2.299933	-35.91	-21.03	50.75	-26.89	-15.16	-30.06	2.5587	0.111
2.308333	-36.15	-21.37	48.18	-27.42	-15.56	-29.77	2.5753	0.111
2.316633	-33.36	-19.24	50.03	-28.33	-15.77	-29.24	2.598	0.1119
2.324933	-28.69	-15.72	56.26	-30.64	-15.4	-29.19	2.623	0.1131
2.333333	-24.28	-11.94	63.17	-34.93	-14.72	-30.19	2.647	0.1141
2.341633	-20.25	-8.11	69.48	-40.08	-13.89	-31.61	2.6688	0.1145
2.349933	-15.84	-4.51	75.14	-43.06	-13.04	-31.7	2.6906	0.1149
2.358333	-10.63	-1.01	81.17	-43.55	-12.14	-30.33	2.7037	0.1157
2.366633	-4.66	2.66	89.07	-43.46	-11.14	-28.74	2.7145	0.1165
2.374933	0.95	5.56	97.59	-43.53	-9.89	-27.46	2.7291	0.1175
2.383333	5.87	7.8	106.66	-43.12	-7.83	-26.02	2.7492	0.1188
2.391633	10.51	10.21	115.06	-41.06	-5.24	-23.61	2.7691	0.1201
2.399933	14.68	12.7	121.99	-37.29	-2.52	-20.22	2.7866	0.1209
2.408333	17.25	14.4	126.78	-33.71	-0.43	-17.07	2.8041	0.1218
2.416633	18.38	15.64	131.38	-31.99	1.24	-15.11	2.8181	0.1231
2.424933	20.27	18.09	136.23	-31.05	3.08	-13.15	2.8308	0.1247
2.433333	23.01	21.52	139.45	-29.12	5.23	-9.9	2.8446	0.1262
2.441633	25.65	24.67	139.95	-26.36	7.3	-5.98	2.8625	0.127
2.449933	26.07	24.28	134.98	-23.84	7.66	-3.44	2.8804	0.1278
2.458333	24.39	20.29	124.57	-21.82	6.1	-2.45	2.9157	0.1286
2.466633	22.17	17.45	115.25	-19.78	4.7	-1.49	2.9554	0.1294
2.474933	20.82	17.49	109.81	-16.88	4.68	0.2	2.9853	0.1301
2.483333	20.77	18.76	106.9	-13.53	5.55	2.34	2.9899	0.1305
2.491633	20.06	18.42	104.87	-10.85	6.44	3.68	2.9945	0.1309
2.499933	18.05	15.97	103.5	-8.98	7.32	3.96	3.017	0.1314
2.508333	15.18	12.26	103.42	-7.22	9.85	3.88	3.042	0.1318
2.516633	13.86	10.47	107.43	-5.13	15.08	5.03	3.0432	0.132
2.524933	14.07	11.18	115.58	-4.81	21.32	6.44	3.0285	0.132
2.533333	14.54	10.39	121.84	-8.22	25.38	6.01	3.0163	0.132
2.541633	15.19	7.54	125.98	-14.89	26.99	3.78	3.033	0.132
2.549933	16.11	4.62	132.34	-21.64	26.46	1.33	3.0497	0.132
2.558333	17.01	2.72	141.83	-28.23	24.11	-1.16	3.0572	0.1322
2.566633	16.52	0.25	150.5	-33.66	21.58	-3.07	3.0576	0.1327
2.574933	14.99	-2.63	158.25	-38.35	17.87	-4.42	3.0611	0.133
2.583333	13.27	-5.43	165.57	-42.05	13.53	-5.6	3.0804	0.133
2.591633	12.35	-8.24	172.94	-42.37	10.87	-6.11	3.0997	0.133
2.599933	12.25	-11.49	180.32	-37.66	11.22	-5.21	3.1053	0.1334
2.608333	10.9	-14.63	185.68	-34.98	11.22	-3.86	3.109	0.1338
2.616633	7.69	-17.97	185.96	-37.37	10.89	-3.39	3.1074	0.134
2.624933	3.78	-21.85	182.84	-40.45	12.37	-3.38	3.0998	0.134
2.633333	1.51	-24.92	181.64	-41.82	15.6	-4.12	3.0923	0.134
2.641633	1	-26.9	182.87	-41.7	20.27	-5.66	3.0936	0.1336
2.649933	0.16	-26.99	184.79	-42.47	24.33	-6.93	3.0953	0.1332
2.658333	-1.95	-25.71	186.89	-44.41	27.17	-7.52	3.0967	0.1326
2.666633	-5.22	-23.17	188.34	-50.18	27.18	-8.23	3.0979	0.1318
2.674933	-7.63	-20.01	190.47	-53.62	27.53	-8.46	3.0998	0.131
2.683333	-8.56	-17.11	194.2	-53.35	29.31	-8.26	3.1192	0.13
2.691633	-8.19	-15.63	199.35	-51.8	32.07	-8.18	3.1387	0.1291
2.699933	-7.44	-15.32	204.59	-52.4	34.12	-8.57	3.1319	0.1283
2.708333	-7.19	-12.71	209.1	-55.57	33.79	-8.79	3.1216	0.1275
2.716633	-6.23	-8.92	214.1	-59.23	32.51	-9.49	3.1229	0.1267
2.724933	-4.85	-4.59	218.81	-64.28	30.59	-10.98	3.145	0.1259
2.733333	-3.52	-0.44	223.1	-69.23	30.05	-12.87	3.1671	0.125
2.741633	-2.19	3.52	227.11	-73.61	31.14	-15.01	3.1432	0.1235
2.749933	-0.15	7.74	231.25	-76.05	33.26	-16.6	3.1174	0.1219
2.758333	1.62	13.71	234	-78.51	34.74	-17.47	3.1149	0.1205
2.766633	2.46	20.45	232.8	-81.9	34.54	-17.56	3.142	0.1192
2.774933	2.7	23.55	226.13	-86.56	33.47	-17.45	3.1669	0.118
2.783333	2.1	23.4	216.12	-92.13	32.38	-17.51	3.1391	0.1172
2.791633	0.44	21.59	207.26	-97.11	32.35	-18	3.1113	0.1164
2.799933	-1.92	18.92	200.52	-100.34	32.97	-18.49	3.1091	0.1155
2.808333	-3.04	15.82	195.09	-99.69	33.36	-17.41	3.1304	0.1146
2.816633	-3.83	12.77	189.59	-97.21	32.99	-15.18	3.1449	0.1137
2.824933	-5.4	8.96	183.21	-94.72	31.63	-12.95	3.1472	0.1129
2.833333	-8.52	4.29	177.53	-93.62	30	-12.25	3.1496	0.1121
2.841633	-12.6	-0.33	174.91	-93.05	29.02	-13.15	3.1325	0.1117
2.849933	-16.13	-3.21	173.55	-92.6	28.25	-14.35	3.1117	0.1112
2.858333	-18.53	-5.1	169.77	-92.8	26.32	-15.14	3.1028	0.1112
2.866633	-19.55	-6.69	164.21	-93.31	23.37	-15.5	3.1091	0.1116
2.874933	-20.99	-9.05	158.25	-96.04	20.42	-17.02	3.1155	0.112
2.883333	-23.22	-12.23	152.04	-101.4	17.62	-20	3.1102	0.1124
2.891633	-24.88	-13.55	147.86	-107.49	14.79	-23.34	3.104	0.1128
2.899933	-24.53	-11.93	146.73	-111.97	12.22	-25.57	3.1146	0.1132
2.908333	-22.65	-8.7	148.17	-113.87	10.42	-26.45	3.1408	0.1136
2.916633	-20.67	-6.59	151.72	-113.54	9.23	-26.86	3.167	0.114
2.924933	-18.61	-5.68	157.37	-111.08	8.66	-26.82	3.1367	0.1144
2.933333	-16.01	-4	164.54	-107.27	8.83	-25.76	3.1065	0.1149
2.941633	-13.08	-0.9	172.62	-102.44	9.61	-23.7	3.1103	0.1153
2.949933	-10.61	2.15	180.54	-97.78	9.6	-22.05	3.1273	0.1157
2.958333	-9.06	2.91	186.52	-93.73	8.86	-21.11	3.1436	0.116
2.966633	-7.83	2.14	189.79	-89.9	7.89	-20.12	3.1506	0.1165
2.974933	-4.91	3.17	188.8	-86.33	7.49	-17.38	3.1576	0.1169
2.983333	-0.11	6.51	183.74	-83.41	7.46	-12.99	3.1384	0.1176
2.991633	5.99	11.57	176.98	-79.81	8.14	-8.71	3.1126	0.1184
2.999933	12.7	17.07	168.43	-75.07	9.22	-5.14	3.0879	0.1192
3.008333	18.28	21.61	158.99	-70.96	9.81	-3.05	3.0659	0.1201
3.016633	22.41	25.7	150.35	-67.43	10.67	-1.55	3.044	0.121
3.024933	25.28	29.66	142.7	-63.85	12.05	-0.17	3.0303	0.1222
3.033333	26.3	31.74	135.9	-57.02	12.11	1.59	3.0165	0.1235
3.041633	23.94	29.95	131.98	-47.89	9.56	1.78	3.0136	0.1245
3.049933	19.41	25.84	130.48	-40.17	4.71	-0.36	3.018	0.1253
3.058333	13.79	20.62	128.81	-36.92	-2.67	-3.49	3.0195	0.1261
3.066633	7.12	14.4	127.14	-37.59	-12.11	-7.42	2.9878	0.1269
3.074933	1.46	9.12	125.36	-37.52	-20.31	-10.34	2.9561	0.1277
3.083333	-2.06	5.71	122.87	-35.56	-26.67	-11.78	2.9325	0.1285
3.091633	-4.04	3.88	118.68	-32.88	-32.05	-12.01	2.9127	0.1293
3.099933	-4.69	4.45	113.38	-33.36	-35.43	-12.37	2.8897	0.1301
3.108333	-3.97	7.46	105.95	-37.23	-36.78	-13.01	2.8501	0.131
3.116633	-3.07	11.42	95.74	-41.05	-36.38	-13.32	2.8105	0.1318
3.124933	-2.56	15.57	82.97	-43.07	-34.38	-12.94	2.794	0.1323
3.133333	-1.6	19.79	69.46	-41.31	-30.69	-10.98	2.7848	0.1328
3.141633	-0.34	23.53	54.8	-38.2	-27.62	-8.26	2.7707	0.1328
3.149933	0.53	26.49	39.43	-35.69	-26.1	-5.62	2.7514	0.1324
3.158333	1.09	28.8	24.78	-34.48	-25.89	-3.52	2.7321	0.1321
3.166633	1.47	30.61	11.9	-33.82	-26.25	-1.76	2.6988	0.1309
3.174933	1.33	32.01	5.59	-30.98	-24.97	0.49	2.6628	0.1296
3.183333	0.66	32.96	6.96	-25.7	-22.09	3.38	2.6437	0.1285
3.191633	0.66	32.75	12.84	-19.26	-18.88	6.31	2.6379	0.1277
3.199933	1.12	31.01	19.46	-14.93	-16.55	7.86	2.6258	0.1269
3.208333	1.26	27.88	26.09	-13.16	-15.55	7.78	2.581	0.1265
3.216633	-0.23	24.07	31.18	-11.99	-16	6.74	2.5361	0.1261
3.224933	-2.78	19.82	34.38	-9.85	-17.15	5.4	2.5024	0.1255
3.233333	-5.47	15.78	36.74	-7.73	-17.71	3.75	2.4749	0.1246
3.241633	-7.61	12.09	35.15	-8.3	-19.24	1.15	2.4527	0.1238
3.249933	-9.07	8.61	30.15	-11.38	-22.17	-2.41	2.4471	0.123
3.258333	-10.73	5.75	26.08	-15.3	-26.18	-6.3	2.4416	0.1222
3.266633	-13.3	3.89	24.58	-19.24	-30.54	-10.13	2.425	0.1217
3.274933	-16.32	2.62	22.6	-21.24	-34.96	-12.63	2.4042	0.1213
3.283333	-17.83	1.52	21.24	-21.29	-38.37	-13.64	2.3782	0.121
3.291633	-17.38	1.82	23.84	-21.21	-40.27	-13.95	2.3414	0.121
3.299933	-15.6	3.52	30.48	-21.48	-42.1	-14.12	2.305	0.121
3.308333	-13.2	6.06	39.3	-21.9	-44.68	-14.21	2.2804	0.1206
3.316633	-13.03	7.42	41.1	-22.52	-48.63	-14.29	2.2559	0.1202
3.324933	-15.39	7.9	34.74	-23.71	-53.02	-14.38	2.2307	0.1195
3.333333	-17.95	8.8	24.52	-24.59	-56.23	-13.9	2.2053	0.1187
3.341633	-19.63	10.92	15.48	-26.75	-57.58	-13.83	2.1809	0.1179
3.349933	-20.17	14.24	8.05	-30.3	-57.09	-14.1	2.1639	0.1175
3.358333	-18.98	17.47	0.66	-33.87	-55.28	-13.57	2.1468	0.1171
3.366633	-16.46	19.9	0	-36.44	-52.47	-11.86	2.1406	0.1161
3.374933	-15.67	20.66	0	-37.65	-49.24	-10.11	2.1386	0.115
3.383333	-13.9	21.92	0	-37.65	-44.54	-8.25	2.1293	0.114
3.391633	-10.36	23.89	0	-37.54	-38.81	-6.34	2.0909	0.114
3.399933	-6.63	25.46	0	-39.35	-34.14	-5.1	2.0534	0.114
3.408333	-3.69	26.15	1.9	-43.13	-31.12	-4.78	2.0396	0.1132
3.416633	-2.41	25.97	7.41	-46.54	-29.46	-5.61	2.0257	0.1124
3.424933	-3.83	24.99	13.08	-49.16	-29.12	-7.93	2.0209	0.112
3.433333	-6.91	23.61	18.52	-50.44	-29.99	-10.94	2.0247	0.112
3.441633	-7.64	23.22	21.99	-50.4	-31.28	-12.99	2.0257	0.112
3.449933	-6.3	23.92	23.47	-49.53	-32.85	-14.02	2.0062	0.1124
3.458333	-4.81	25.99	26.53	-48.74	-33.61	-13.76	1.9868	0.1128
3.466633	-3.93	29.23	34.47	-46.99	-33.14	-12.15	1.9643	0.1137
3.474933	-2.71	33.15	47.01	-43.55	-31.61	-10.06	1.9397	0.115
3.483333	-0.11	37.53	59.55	-40.18	-29.37	-7.77	1.9186	0.1161
3.491633	2.98	41.45	68.99	-37.22	-27.09	-5.38	1.9114	0.1165
3.499933	4.88	43.71	72.76	-35.52	-25.47	-3.76	1.9043	0.1169
3.508333	4.99	44.08	71.07	-35.46	-24.58	-3.39	1.9017	0.1183
3.516633	5.58	45.8	70.73	-36.38	-22.73	-2.7	1.9012	0.1201
3.524933	7.79	48.41	71.78	-36.28	-20.52	-1.88	1.8853	0.1214
3.533333	10.18	49.33	71.13	-34.61	-19.44	-1.88	1.8552	0.1222
3.541633	10.94	47.3	66.37	-32.06	-20.35	-2.41	1.825	0.123
3.549933	9.71	42.82	57.49	-29.32	-23.03	-2.97	1.8287	0.1242
3.558333	7.96	40.04	49.24	-28.31	-24.88	-2.39	1.8325	0.1255
3.566633	6.47	39.81	44.49	-28.73	-25.3	-0.58	1.8245	0.127
3.574933	5.5	41.6	42.51	-29.4	-24.52	2.4	1.8086	0.1285
3.583333	3.15	41.78	36.15	-29.9	-24.48	4.87	1.7931	0.1301
3.591633	-0.42	40.15	25.98	-30.38	-25.33	6.61	1.7814	0.1309
3.599933	-2.93	38.29	18.15	-32.16	-26.37	7.4	1.7697	0.1317
3.608333	-3.41	37.93	14.7	-35.6	-26.61	7.86	1.753	0.132
3.616633	-2.72	39.97	15.33	-38.18	-25.03	8.86	1.734	0.132
3.624933	-1.7	41.57	18.31	-36.92	-23.19	9.64	1.7192	0.1319
3.633333	-0.56	42.1	22.06	-32.53	-21.47	9.93	1.7267	0.1315
3.641633	-0.25	40.13	22.27	-28.5	-20.82	8.92	1.7342	0.1311
3.649933	-0.88	35.92	19.28	-25.36	-21.15	6.64	1.7209	0.1304
3.658333	-0.37	33.54	16.43	-23.47	-21.49	4.26	1.7011	0.1296
3.666633	0.52	34.17	10.82	-22.06	-21	2.98	1.6837	0.1287
3.674933	0.65	36.79	4.7	-20.25	-19.23	2.94	1.674	0.1274
3.683333	-0.09	39.39	0.05	-19.63	-17.01	3.31	1.6644	0.1261
3.691633	-1.42	41.58	0	-20.94	-14.74	3.77	1.6644	0.1248
3.699933	-2.22	43.8	0	-23.63	-13.12	4.1	1.6648	0.1236
3.708333	-1.79	48.02	0	-25.39	-10.92	5.17	1.6603	0.1226
3.716633	0.32	54.12	3.5	-24.81	-8.15	7.9	1.652	0.1218
3.724933	2.14	58.15	9.3	-20.59	-5.62	11.85	1.6439	0.121
3.733333	3.43	59.96	14.25	-13.07	-3.32	16.77	1.6418	0.121
3.741633	4.43	60.65	17.57	-5.74	-1.43	20.8	1.6397	0.121
3.749933	6.02	61.04	17.47	0.71	-0.31	23.82	1.6494	0.1213
3.758333	8.18	60.85	13.64	5.5	-0.58	25.66	1.6657	0.1217
3.766633	10.01	60.16	8.42	8.51	-1.42	26.72	1.6796	0.122
3.774933	11.6	59.24	2.79	10.97	-2.52	27.64	1.6763	0.1225
3.783333	12.65	58.58	0	13.07	-3.46	28.33	1.6729	0.1229
3.791633	12.91	58.26	0	13.84	-4.2	28.21	1.6597	0.1236
3.799933	13.09	58.96	4.32	10.36	-3.75	25.85	1.6426	0.1245
3.808333	14.11	60.61	11.7	5.2	-2.38	22.96	1.6414	0.1252
3.816633	14.75	61.96	18.59	-0.73	-1.03	19.98	1.6606	0.1256
3.824933	13.88	62.16	22.33	-5.84	0.11	17.54	1.6785	0.126
3.833333	11.82	61.51	23.7	-9.53	1.25	15.82	1.6654	0.126
3.841633	10.87	61.17	26.12	-11.03	1.69	14.88	1.6523	0.126
3.849933	10.9	60.79	28.35	-11.92	0.99	13.91	1.6454	0.126
3.858333	10.63	60.9	28.21	-15.16	-0.27	12.04	1.6441	0.126
3.866633	8.64	61.21	23.14	-19.5	-2.73	10.31	1.6435	0.126
3.874933	5.18	61.05	14.2	-24.43	-6.67	8.64	1.6479	0.1256
3.883333	2.38	59.12	9.02	-28.82	-12.33	6.2	1.6523	0.1252
3.891633	1.4	56.55	10.67	-33.48	-18.84	2.57	1.648	0.125
3.899933	0.98	54.94	14.4	-37.27	-24.52	-0.93	1.638	0.125
3.908333	-1.32	53	15.42	-42.07	-28.84	-4.89	1.6312	0.125
3.916633	-5.14	50.69	14.1	-48.04	-31.81	-9.34	1.6374	0.125
3.924933	-8.19	47.3	13.54	-52.43	-33.97	-13.48	1.6435	0.125
3.933333	-9.66	42.49	15.14	-53.17	-35.75	-16.67	1.6506	0.125
3.941633	-9.37	37.67	18.02	-51.3	-36.38	-18.57	1.6578	0.125
3.949933	-8.26	35.42	17.91	-48.84	-34.71	-18.8	1.6603	0.1249
3.958333	-7.12	35.73	12.73	-46.5	-31.53	-17.72	1.6506	0.1244
3.966633	-5.58	36.8	5.31	-46.19	-29	-16.98	1.641	0.124
3.974933	-3.59	38.34	0	-47.75	-27.14	-16.62	1.6477	0.1219
3.983333	-1.71	38.93	0	-47.78	-24.68	-15.64	1.6543	0.1198
3.991633	-0.97	38.71	0	-45.92	-21.64	-13.92	1.6594	0.118
3.999933	0.88	38.87	0	-43.38	-18.78	-11.98	1.6633	0.1165
4.008333	3.65	38.73	0	-39.74	-16.63	-10.15	1.6674	0.1147
4.016633	7.14	38.42	0	-35.29	-15.28	-8.45	1.673	0.1115
4.024933	11.22	38.62	8.33	-30.85	-14.39	-6.69	1.6786	0.1083
4.033333	16.44	39.33	24.9	-25.95	-13.46	-4.64	1.6833	0.106
4.041633	21.34	39.59	43.83	-19.93	-11.43	-2.35	1.688	0.1038
4.049933	26.12	40.89	58.69	-16.06	-9.62	-0.8	1.6933	0.1018
4.058333	30.24	42.02	67.44	-14.06	-8.26	-0.21	1.7011	0.1004
4.066633	30.49	39.65	68.86	-12.21	-7.01	-0.42	1.709	0.099
4.074933	26.86	34.38	64.8	-11.01	-6.02	-1.52	1.7215	0.0982
4.083333	20.31	28.87	61.38	-12.47	-6.06	-3.87	1.734	0.0975
4.091633	11.77	22.45	56.22	-15.09	-6.69	-7.3	1.7488	0.0972
4.099933	1.89	14.7	46.92	-17.74	-7.64	-11.57	1.7678	0.0976
4.108333	-7.39	6.37	35.88	-20.5	-9.84	-16.5	1.7859	0.0982
4.116633	-15.68	-2.3	23.76	-23.39	-12.86	-21.85	1.8003	0.0994
4.124933	-20.59	-8.87	16.09	-26.9	-14.2	-26.18	1.8147	0.1005
4.133333	-21.13	-11.2	16.48	-31.54	-13.45	-29.1	1.8376	0.1017
4.141633	-18.39	-10.43	21.63	-35.47	-11.69	-30.49	1.8672	0.103
4.149933	-13.63	-9.57	24.03	-35.64	-8.8	-29.92	1.8945	0.1041
4.158333	-7.62	-7.86	22.49	-34.13	-4.49	-27.86	1.9104	0.1049
4.166633	-1.85	-4.02	18.14	-34.29	1.28	-25.07	1.9263	0.1057
4.174933	3.17	2.28	12.87	-37	8.3	-21.75	1.9513	0.1063
4.183333	8.21	9.11	10.82	-41.04	14.02	-18.43	1.9814	0.1068
4.191633	11.41	15.12	8.71	-46.15	16.07	-16.34	1.997	0.1072
4.199933	12.88	20.52	6.85	-50.62	15.61	-15	1.997	0.1076
4.208333	13.57	25.85	7.18	-54.38	14.85	-14.05	1.997	0.108
4.216633	13.97	31.36	10.54	-58.15	14.51	-13.51	2.0394	0.1084
4.224933	14.65	35.97	15.84	-60.32	14.2	-12.99	2.0836	0.1088
4.233333	16.46	38.84	24.38	-58.65	13.62	-11.98	2.1137	0.1092
4.241633	17.91	39.34	32.3	-53.84	12.61	-11.05	2.1327	0.1096
4.249933	17.06	38.83	32.62	-47.48	13.22	-10.19	2.1519	0.1101
4.258333	14.13	37.36	25.92	-39.24	15.48	-9.17	2.174	0.1117
4.266633	10.93	34.66	17.57	-28.21	17.93	-6.73	2.196	0.1134
4.274933	7.39	30.58	7.31	-15.72	19.65	-3.24	2.2037	0.1148
4.283333	2.9	24.73	0	-6.15	19.47	-1.39	2.2033	0.116
4.291633	-2.46	17.33	0	0.12	17.28	-1.61	2.2078	0.1172
4.299933	-8.32	9.35	0	4.3	13.81	-3.28	2.2477	0.119
4.308333	-12.71	2.66	0	8.64	10.16	-5.1	2.2876	0.1207
4.316633	-14.8	-2.38	0	13.52	6.4	-6.76	2.3122	0.122
4.324933	-14.75	-6.49	0	17.27	2.56	-8.67	2.3339	0.1233
4.333333	-14.46	-9.64	9.62	17.13	-1.05	-12.59	2.3463	0.1245
4.341633	-14.52	-11.98	22.96	13.42	-4.72	-18.17	2.3471	0.1257
4.349933	-14.84	-13.26	32.86	10.82	-7.54	-22.38	2.3479	0.1269
4.358333	-15.29	-13.4	39.19	10.15	-9.31	-24.72	2.3833	0.1274
4.366633	-15.83	-13.32	42.14	7.71	-10.51	-26.68	2.4216	0.1278
4.374933	-16.94	-14.28	41.17	1.96	-12.08	-29.01	2.4447	0.128
4.383333	-17.53	-15.47	37.99	-4	-13.51	-30.9	2.4539	0.128
4.391633	-16.96	-15.65	34.51	-6.78	-14.41	-31.59	2.463	0.128
4.399933	-15.91	-14.86	31.04	-7.01	-14.71	-31.21	2.4701	0.1272
4.408333	-15.18	-13.22	29.99	-6.6	-13.92	-30.37	2.4772	0.1263
4.416633	-14.24	-10.56	33.15	-5.84	-11.78	-29.4	2.495	0.126
4.424933	-12.98	-7.64	38.33	-5.54	-9.06	-28.63	2.52	0.126
4.433333	-11.77	-4.85	43.86	-3.59	-6.37	-27.32	2.5406	0.1256
4.441633	-10.41	-1.99	50.13	-0.16	-3.47	-25.52	2.552	0.1245
4.449933	-9.46	0.64	56.4	1.11	-0.3	-24.26	2.5634	0.1234
4.458333	-9.65	2.51	61.54	-1.84	2.81	-24.07	2.5775	0.1224
4.466633	-10.03	3.06	65.05	-5.14	5.8	-23.83	2.5929	0.1216
4.474933	-9.16	2.43	66.4	-6.79	8.51	-23.12	2.6071	0.1207
4.483333	-7.51	0.97	66.05	-8.93	10.59	-22.87	2.6184	0.1194
4.491633	-5.53	-0.33	66.49	-12.21	12.6	-23.38	2.6296	0.1182
4.499933	-3.36	-1.01	68.61	-16.33	14.73	-24.35	2.6295	0.1168
4.508333	-1.59	-0.79	71.54	-21.53	16.06	-25.17	2.6277	0.1155
4.516633	-0.75	-0.17	74.27	-27.3	15.99	-25.67	2.6492	0.1145
4.524933	-0.02	0.94	76.48	-31.52	15.87	-25.48	2.6863	0.1137
4.533333	0.67	3.27	78.26	-36.34	16.3	-25.47	2.7164	0.113
4.541633	1.21	6.61	80.46	-42.37	16.6	-25.88	2.7184	0.113
4.549933	1.92	9.87	84.76	-47.99	15.29	-26.06	2.7204	0.113
4.558333	3.1	12.79	90.87	-51.76	12.6	-25.4	2.7414	0.1133
4.566633	4.01	15.87	96	-54.33	10.15	-23.66	2.7714	0.1137
4.574933	4.77	18.85	99.77	-55.51	9.08	-21.28	2.8019	0.1142
4.583333	5.81	21.37	103.51	-54.94	8.89	-18.62	2.8336	0.115
4.591633	7.06	22.74	109.94	-54.08	7.37	-16.69	2.8654	0.1158
4.599933	8.11	22.87	118.95	-53.96	3.95	-15.66	2.874	0.1166
4.608333	8.4	21.45	126.52	-54.93	0.09	-15.48	2.8752	0.1175
4.616633	8.11	19.24	130.53	-56.46	-2.4	-15.87	2.8864	0.1185
4.624933	6.57	16.28	130.3	-58.18	-3.13	-16.63	2.9154	0.1198
4.633333	3.75	11.97	127.86	-58.88	-3.03	-17.85	2.9431	0.121
4.641633	0.32	6.3	124.97	-58.19	-2.59	-19.47	2.9563	0.1214
4.649933	-2.09	0.55	124.76	-55.74	-1.55	-20.3	2.9696	0.1218
4.658333	-4.23	-4.67	124.85	-52.18	0.96	-19.68	2.9886	0.1222
4.666633	-5.85	-8.37	123.15	-48.67	4.15	-18.09	3.0149	0.1226
4.674933	-6.3	-9.63	122.09	-45.03	7.02	-15.63	3.0387	0.123
4.683333	-5.46	-8.41	122.85	-41.1	10.06	-12.29	3.0496	0.123
4.691633	-2.29	-4.52	129.82	-36.73	14.5	-8.27	3.0604	0.123
4.699933	4.08	2.01	143.88	-32.38	19.81	-3.85	3.0509	0.1236
4.708333	10.13	7.06	155.37	-29.75	23.25	-0.49	3.0351	0.1244
4.716633	13.67	9.53	159.44	-29.66	24.93	0.89	3.031	0.1251
4.724933	15.06	10.09	158.01	-31.55	24.9	0.6	3.0643	0.1255
4.733333	14.6	8.63	155.88	-33.55	23.92	-0.55	3.0977	0.126
4.741633	12.26	4.93	153.8	-35.29	22.27	-2.39	3.0895	0.1264
4.749933	8.71	0.18	150.64	-37.57	20.45	-4.59	3.0796	0.1268
4.758333	3.58	-5.82	142.68	-40.9	16.85	-7.17	3.0718	0.1272
4.766633	-3.82	-13.58	129.27	-46.85	11.47	-11.18	3.0668	0.1276
4.774933	-11.03	-19.62	118.61	-55.3	7.13	-16.26	3.0632	0.128
4.783333	-17.22	-23.51	112.18	-64.48	4.1	-21.55	3.0925	0.1284
4.791633	-21.57	-25.42	110.03	-71.88	2.66	-25.86	3.1219	0.1288
4.799933	-24.55	-26.2	109.74	-78.18	2.75	-29.56	3.1259	0.129
4.808333	-25.72	-25.66	111.08	-83.84	4.78	-32.14	3.1064	0.129
4.816633	-25.57	-24.93	113.85	-88.57	8.04	-33.57	3.0983	0.1289
4.824933	-25.02	-24.65	116.75	-92.75	11.65	-34.57	3.1103	0.1285
4.833333	-24.58	-25.14	118.74	-95.33	14.49	-35	3.1222	0.1281
4.841633	-23.58	-25.92	120.45	-94.87	16.55	-33.89	3.1303	0.1274
4.849933	-21.56	-27.42	124.79	-91.94	18.46	-31.43	3.1359	0.1265
4.858333	-19.6	-30.14	130.14	-89.5	19.97	-29.01	3.1395	0.1258
4.866633	-17.21	-32.42	135	-88.07	20.99	-26.89	3.1407	0.1254
4.874933	-14.38	-32.95	138.18	-87.66	21.02	-25.83	3.1419	0.125
4.883333	-11.4	-31.88	139.85	-87.95	19.75	-26.16	3.132	0.1238
4.891633	-10.06	-31.47	144.47	-87.95	18.8	-27.58	3.1212	0.1226
4.899933	-9.14	-30.91	153.73	-87.16	19.29	-29.16	3.1125	0.1216
4.908333	-7.43	-29.37	165.23	-86.49	20.88	-29.88	3.1057	0.1208
4.916633	-5.27	-26.17	173.37	-87.67	22.56	-29.69	3.099	0.12
4.924933	-2.79	-21.38	178.1	-90.35	24.24	-28.72	3.1123	0.12
4.933333	-0.7	-17.67	184.66	-88.79	25.9	-27.34	3.1257	0.12
4.941633	0.51	-16.57	194.44	-82.51	27.62	-25.34	3.1184	0.1198
4.949933	-0.68	-17.44	203.28	-76.99	29.3	-23.12	3.0973	0.1194
4.958333	-1.99	-17.2	206.96	-74.17	30.18	-20.4	3.0799	0.119
4.966633	-2.09	-15.91	207.34	-72.61	30.5	-17.05	3.1041	0.119
4.974933	-0.25	-14.43	209.52	-69.24	30.93	-13.89	3.1282	0.119
4.983333	2.7	-13.31	215.1	-63.45	31.69	-11.62	3.1233	0.119
4.991633	4.42	-12.33	218.29	-59.69	31.32	-10.57	3.1113	0.119
4.999933	5.13	-10.49	215.39	-63.16	29.92	-10.1	3.1	0.1188
5.008333	4.85	-8.11	207.32	-71.72	27.77	-10.22	3.09	0.1184
5.016633	5.19	-6.45	199.87	-76.1	25.46	-10.57	3.08	0.118
5.024933	6.61	-5.5	194.35	-75.25	23.16	-10.95	3.0827	0.118
5.033333	8.87	-3.55	191.81	-74.23	22.34	-10.7	3.0853	0.118
5.041633	10.01	-0.53	189.5	-75.18	22.64	-10.01	3.0851	0.1182
5.049933	9.48	2.62	185.73	-77.34	23.02	-9.39	3.0798	0.1186
5.058333	9.36	5.34	185.16	-76.33	24.45	-8.66	3.077	0.119
5.066633	9.69	7.6	187.42	-72.1	26.72	-7.83	3.1015	0.119
5.074933	10.63	9.64	189.79	-66.53	28.42	-6.9	3.1261	0.119
5.083333	12.13	12.02	190.62	-63.41	29.04	-5.81	3.1235	0.1193
5.091633	13.68	14.48	190.16	-63.69	29	-5.23	3.108	0.1197
5.099933	14.08	15.3	185.66	-64.14	26.77	-6.15	3.0936	0.1201
5.108333	13.69	15.1	178.22	-64.34	22.84	-8.02	3.0849	0.1205
5.116633	14.26	16.79	173.05	-63.64	19.81	-8.62	3.0761	0.1209
5.124933	16.04	20.79	170.95	-62.43	18.19	-7.72	3.0882	0.1213
5.133333	18.25	24.32	166.96	-59.95	16.12	-5.73	3.1068	0.1217
5.141633	20.55	26.94	161.89	-56.31	14.33	-2.68	3.1127	0.1221
5.149933	21.89	28.83	157.1	-52.46	12.89	0.44	3.0781	0.1225
5.158333	21.87	30.23	153.16	-47.89	11.31	3.47	3.0435	0.1229
5.166633	20.93	31.32	150.08	-42.28	9.54	6.56	3.0351	0.1234
5.174933	20.39	32.12	147.66	-36.6	7.77	9.07	3.0315	0.1238
5.183333	19.08	30.66	142.4	-32.26	4.47	9.27	3.0263	0.124
5.191633	16.14	25.97	133.95	-28.7	-0.98	7.93	3.0196	0.124
5.199933	11.83	20.34	127.44	-26.43	-6.82	5.87	3.0076	0.1241
5.208333	6.51	14.91	123.68	-25.92	-12.4	2.88	2.9675	0.1249
5.216633	1.91	11.46	120.75	-27.23	-16.97	-1.04	2.9274	0.1257
5.224933	-1.13	9.86	117.6	-29.62	-20.56	-5.15	2.8967	0.1268
5.233333	-1.86	9.82	115.22	-32.85	-22.88	-8.19	2.8713	0.128
5.241633	-1.56	10.6	113.17	-36.35	-24.45	-9.58	2.849	0.1291
5.249933	-1.49	11.01	110.18	-38.41	-25.46	-9.33	2.8367	0.1295
5.258333	-1.79	11.07	105.61	-38.2	-25.46	-8.21	2.8244	0.1299
5.266633	-1.95	11.36	99.73	-36.1	-24.13	-6.69	2.8037	0.13
5.274933	-1.61	11.8	94.77	-33.06	-22.32	-5.29	2.7796	0.13
5.283333	-1.45	10.46	91.29	-28.08	-20.84	-3.05	2.7706	0.1293
5.291633	-1.46	7.67	87.8	-23.16	-19.92	-0.6	2.7733	0.1281
5.299933	-2.7	3.8	82.31	-19.57	-20.1	0.48	2.7755	0.1269
5.308333	-5.47	-0.99	74.59	-17.08	-21.38	-0.12	2.7643	0.1257
5.316633	-7.51	-4.79	67.7	-15.36	-22.41	-1.13	2.7531	0.1245
5.324933	-7.82	-6.67	62.62	-15.74	-23.04	-2.53	2.7279	0.1232
5.333333	-7.46	-7.22	59.18	-18.2	-23.79	-4.85	2.695	0.122
5.341633	-7.21	-7.12	55.32	-21.43	-24.21	-7.38	2.6655	0.1209
5.349933	-7.18	-6.37	50.91	-25.11	-24.47	-9.82	2.6611	0.1205
5.358333	-7.59	-5.3	47.14	-26.57	-24.75	-10.93	2.6567	0.1201
5.366633	-8.47	-4.1	44.84	-24.67	-24.92	-10.35	2.6367	0.12
5.374933	-8.83	-3.35	44.38	-20.84	-24.95	-9.27	2.6137	0.12
5.383333	-9.55	-3.82	44	-17.24	-25.99	-9.03	2.592	0.1201
5.391633	-11.32	-4.61	42.33	-14.57	-27.74	-9.57	2.5733	0.1205
5.399933	-14.12	-3.8	37.41	-13.85	-29.17	-10.23	2.5545	0.121
5.408333	-17.75	-1.28	29.26	-15.1	-30.2	-10.91	2.5209	0.1214
5.416633	-21.35	-0.48	19.43	-15.81	-31.05	-11.81	2.486	0.1218
5.424933	-24.7	-1.41	8.22	-16.65	-31.35	-13.55	2.4567	0.1218
5.433333	-27.46	-2.67	0	-18.77	-31	-15.96	2.4358	0.1214
5.441633	-30.38	-2.24	0	-22.25	-30.12	-17.86	2.415	0.121
5.449933	-33.48	-0.83	0	-26.33	-28.88	-19.29	2.396	0.1206
5.458333	-35.9	-0.94	0	-28.91	-27.92	-20.57	2.3769	0.1202
5.466633	-36.63	-3.91	0	-28.95	-27.71	-21.79	2.3706	0.1202
5.474933	-35.92	-8.3	0	-26.22	-27.54	-22.34	2.378	0.1207
5.483333	-34.63	-10.03	0	-23.42	-26.65	-21.99	2.3697	0.1209
5.491633	-32.69	-9.27	0	-21.01	-25.28	-20.98	2.328	0.1205
5.499933	-30.21	-7.89	0	-19	-24.14	-20.03	2.2863	0.1201
5.508333	-27.56	-7.42	0	-16.16	-23.33	-19.31	2.2747	0.1197
5.516633	-24.4	-7.28	0	-12.38	-22.41	-18.31	2.2772	0.1193
5.524933	-20.75	-5.94	7.75	-8.81	-20.97	-16.67	2.268	0.1188
5.533333	-18.02	-3.59	13.9	-5.59	-19.17	-14.53	2.2287	0.118
5.541633	-16.89	-1.8	16.49	-3.08	-17.81	-12.65	2.1894	0.1172
5.549933	-17.11	-1.24	16.2	-1.44	-17.34	-11.36	2.187	0.1163
5.558333	-17.07	-1.74	16.14	-0.88	-18.65	-11.06	2.1963	0.1154
5.566633	-16.99	-2.81	16.46	-0.25	-21.1	-11.18	2.1855	0.1148
5.574933	-17.97	-3.86	15.4	-0.26	-23.59	-11.45	2.1613	0.1144
5.583333	-20.71	-4.55	11.13	-1.88	-26.1	-12.17	2.1362	0.114
5.591633	-25.25	-4.82	3.36	-5.25	-28.72	-13.47	2.1011	0.1135
5.599933	-28.01	-4.57	0	-7.68	-31.45	-14.83	2.066	0.1131
5.608333	-28.06	-3.66	0	-9.07	-34.17	-16.14	2.05	0.1127
5.616633	-26.84	-1.87	2.09	-11.78	-37.08	-17.2	2.0388	0.1123
5.624933	-26.46	0.83	2.81	-15.93	-39.14	-17.36	2.0272	0.112
5.633333	-26.14	4.45	3.59	-20.25	-39.64	-16.61	2.0079	0.1125
5.641633	-23.48	8.38	9.68	-21.83	-38.37	-15.22	1.9886	0.1129
5.649933	-18.18	12.48	21.52	-20.48	-35.62	-13.26	1.9849	0.1139
5.658333	-12.92	15.99	31.92	-18.64	-34.2	-11.43	1.9862	0.1152
5.666633	-10.36	18.84	35.66	-19.31	-34.52	-10.21	1.9803	0.1164
5.674933	-9.53	22.24	36.05	-22.91	-35.28	-9.44	1.9616	0.1176
5.683333	-7.89	27.52	40.19	-27.6	-34.55	-9.11	1.943	0.1188
5.691633	-5.02	34.61	48.97	-32.61	-32.25	-9.26	1.9208	0.1193
5.699933	-2.41	40.96	56.14	-36.86	-29.65	-9.92	1.8978	0.1198
5.708333	-1.46	46.34	57.82	-42.34	-28.09	-11.1	1.8806	0.1202
5.716633	-1.64	51.31	55.43	-48.04	-27.57	-12.13	1.8707	0.1206
5.724933	0.08	57.17	57.34	-50.66	-25.25	-11.69	1.8608	0.121
5.733333	4.09	63.5	63.55	-50.37	-20.79	-9.99	1.8493	0.1218
5.741633	9.05	67.31	66.54	-48.68	-16.18	-8.23	1.8376	0.1226
5.749933	13.72	67.09	62.1	-45.03	-13.03	-6.59	1.816	0.123
5.758333	16.76	64.66	53.73	-38.94	-10.69	-4.53	1.7853	0.123
5.766633	18.64	62.91	46.4	-32.65	-8.49	-1.93	1.7599	0.1231
5.774933	19.83	61.99	40.11	-26.54	-6.56	1.13	1.7512	0.1235
5.783333	20.69	61.14	32.62	-21.94	-5.29	3.75	1.7424	0.1239
5.791633	20.74	59.84	22.62	-19.83	-4.68	5.31	1.728	0.1237
5.799933	19.95	56.84	14.02	-18.13	-4.23	5.73	1.7125	0.1233
5.808333	18.67	53.77	11.26	-14.78	-3.23	6.05	1.6988	0.123
5.816633	16.48	51.62	12.58	-11.81	-2.11	6.02	1.6888	0.123
5.824933	14.12	50.03	11.83	-12.78	-2.16	4.77	1.6788	0.123
5.833333	11.84	48.67	8.33	-17.78	-3.5	2.19	1.6827	0.123
5.841633	11.66	48.51	5.26	-22.26	-4.05	0.47	1.6879	0.123
5.849933	12.69	49.72	3.4	-25.89	-3.45	-0.19	1.6805	0.1228
5.858333	13.92	50.15	4.9	-29.99	-3.24	-1.37	1.6543	0.1224
5.866633	15.09	50.76	8.03	-36.53	-4.3	-3.26	1.628	0.122
5.874933	15.94	52.23	11.12	-45.69	-6.46	-5.74	1.6289	0.1216
5.883333	16.34	54.72	12.9	-55.57	-8.88	-8.35	1.6298	0.1211
5.891633	16.89	56.74	16	-63.08	-10.91	-10.76	1.6327	0.1204
5.899933	18.14	56.87	21.91	-63.9	-11.84	-11.3	1.6364	0.1196
5.908333	17.82	53.87	28.22	-61.37	-13.36	-11.62	1.637	0.1189
5.916633	16.3	49.27	34.42	-56.85	-14.94	-11.47	1.6306	0.1185
5.924933	14.97	46.65	37.89	-50.3	-14.54	-9.04	1.6243	0.1181
5.933333	14.21	46.85	37.79	-41.2	-11.56	-3.71	1.61	0.1176
5.941633	13.47	48.28	34.89	-32.05	-8.21	2.07	1.5938	0.1172
5.949933	13.19	49.66	32.11	-23.07	-5.19	7.77	1.5949	0.1172
5.958333	13.32	51.03	30.6	-13.99	-2.07	13.33	1.6119	0.1176
5.966633	13.26	53.85	30.1	-8.85	0.91	17.04	1.629	0.118
5.974933	12.83	58.27	30.25	-8.85	3.28	18.47	1.6259	0.1184
5.983333	11.52	61.88	31.68	-13.06	3.46	17.32	1.62	0.1188
5.991633	9.01	63.28	34.85	-20.2	0.95	13.35	1.6107	0.1192
5.999933	5.57	63.05	37.47	-29.69	-3.47	7	1.5975	0.1196
6.008333	2.3	62.69	38.43	-38.5	-7.14	0.97	1.5887	0.1202
6.016633	-0.86	62.03	38.8	-46.4	-10.21	-4.48	1.597	0.1209
6.024933	-4.22	60.16	39.99	-54.01	-14.2	-9.49	1.6053	0.1217
6.033333	-7.73	57.04	40.78	-61.61	-19.57	-14.03	1.6056	0.1227
6.041633	-10.54	53.63	39.74	-67.6	-24.54	-17.75	1.5994	0.1241
6.049933	-12.43	50.86	36.57	-71.32	-27.85	-20.55	1.5957	0.1253
6.058333	-12.85	48.81	30.88	-73.12	-29.39	-22.37	1.5982	0.1266
6.066633	-11.15	47.03	24.27	-74.2	-29.75	-23.56	1.6007	0.1278
6.074933	-7.98	45	18.47	-74.59	-29.65	-24.29	1.6125	0.128
6.083333	-4.78	42.85	12.23	-72.42	-29	-23.76	1.6256	0.128
6.091633	-1.17	41.45	3.01	-67.33	-26.73	-21.8	1.627	0.1278
6.099933	2.82	41.54	0	-61.38	-22.98	-18.94	1.6076	0.1274
6.108333	6.32	43.36	0	-58.68	-19.5	-16.18	1.5929	0.1268
6.116633	9.27	46.37	0	-58.82	-16.69	-13.62	1.5972	0.1257
6.124933	11.26	49.4	0	-59.89	-15.11	-11.43	1.6016	0.1246
6.133333	11.32	52.32	0	-61.28	-14.98	-9.71	1.6056	0.1232
6.141633	10.74	54.52	0	-62.53	-15.42	-8.37	1.6093	0.1213
6.149933	11.37	56.02	0	-65.11	-15.83	-8.03	1.6161	0.1193
6.158333	12.58	56.96	0	-68.73	-16.35	-8.74	1.6308	0.117
6.166633	13.26	56.87	0	-70.8	-16.98	-10.04	1.6455	0.1146
6.174933	13.46	54.79	0	-68.7	-17.54	-11.27	1.6411	0.1124
6.183333	14.74	52.06	0	-64.07	-18.11	-11.79	1.6307	0.1103
6.191633	17.27	49.98	0	-58.68	-18.3	-11.39	1.6269	0.1086
6.199933	20.45	48.09	0	-52.27	-17.55	-10.46	1.6348	0.1074
6.208333	22.63	46.52	2.37	-45.4	-15.99	-9.78	1.6427	0.1062
6.216633	23.55	45.45	18	-38.35	-13.86	-9.44	1.6524	0.1053
6.224933	23.67	45.38	33.55	-33.47	-11.89	-9.14	1.6624	0.1045
6.233333	24.13	46.1	47.48	-31.5	-9.95	-8.76	1.6821	0.1038
6.241633	24.96	47.32	60.35	-30.8	-7.73	-8.13	1.7143	0.1034
6.249933	24.57	48.05	68.07	-29.84	-4.84	-7.78	1.7464	0.103
6.258333	22.67	47.94	70.33	-28.31	-1.11	-7.75	1.7622	0.1026
6.266633	19.95	46.91	69.98	-26.12	3.3	-7.44	1.7766	0.1021
6.274933	17.18	45.52	68.63	-23.61	7.71	-6.36	1.7939	0.102
6.283333	15.09	44.47	65.41	-21.01	11.25	-4.59	1.8121	0.102
6.291633	14.13	43.4	63.48	-16.33	14.38	-2.45	1.8263	0.1019
6.299933	13.64	42.13	62.57	-10.13	17.33	-0.26	1.8275	0.1015
6.308333	12.19	40.61	60.91	-5.59	20.05	1.19	1.8287	0.1011
6.316633	9.76	38.93	58.32	-3.21	22.46	1.82	1.8584	0.1007
6.324933	7.86	35.53	56.16	-0.95	24	1.8	1.8992	0.1003
6.333333	6.78	30.53	53.3	1.4	24.18	0.96	1.9289	0.1
6.341633	5.93	25.13	50.34	2.81	22.83	-0.72	1.9349	0.1
6.349933	3.64	20.43	49.05	1.98	20.55	-3.21	1.9408	0.1
6.358333	-0.16	15.94	49.61	-0.72	17.84	-6.44	1.9597	0.1
6.366633	-3.31	10.22	51.5	-2.65	15.7	-9.91	1.9817	0.1
6.374933	-4.42	3.59	55.92	-2.26	13.85	-13.01	2.0038	0.1002
6.383333	-5.02	-3.2	60.53	-0.79	11.56	-16.12	2.0257	0.1006
6.391633	-8.31	-7.59	60.91	-1.76	8.47	-19.86	2.0502	0.101
6.399933	-13.99	-9.35	57.95	-5.18	4.99	-23.93	2.0938	0.1014
6.408333	-18.72	-10.52	56.36	-7.96	2.47	-26.83	2.1373	0.1018
6.416633	-21.58	-12.91	55.26	-8.55	1.19	-28.5	2.1608	0.1028
6.424933	-22.58	-14.93	51.44	-9.49	1.22	-29.16	2.1626	0.1046
6.433333	-23.15	-14.64	45.16	-13.25	1.48	-29.05	2.1689	0.1062
6.441633	-23.55	-12.28	37.1	-19.03	1.89	-28.43	2.1935	0.1075
6.449933	-22.85	-9.25	31.32	-23.47	2.96	-27.52	2.2181	0.1087
6.458333	-19.38	-6.37	30.38	-25.21	5.5	-25.91	2.263	0.11
6.466633	-13.34	-3.47	33.19	-26.01	8.58	-23.55	2.313	0.1111
6.474933	-7.38	0.29	34.5	-28.12	10.97	-21.84	2.3526	0.1122
6.483333	-1.98	4.89	32.78	-31.91	12.47	-20.83	2.3655	0.1131
6.491633	1.87	8.91	28.7	-35.81	12.51	-20.38	2.3784	0.1139
6.499933	4.11	12.02	23.1	-39.23	11.03	-20.45	2.3954	0.1147
6.508333	6.44	14.18	20.89	-39.67	10.57	-20.88	2.4128	0.1155
6.516633	9.55	15.99	20.59	-39.07	11.43	-21.05	2.4385	0.1161
6.524933	12.72	17.74	21.74	-39.62	12.25	-20.92	2.479	0.1166
6.533333	15.12	19.59	23.89	-41.13	12.99	-20.87	2.5194	0.117
6.541633	16.53	21.35	25.67	-43.29	13.8	-21.04	2.5505	0.1178
6.549933	17.01	22.53	25.22	-45.35	15.01	-21.6	2.5812	0.1187
6.558333	17.38	23.15	25.22	-46.62	16.97	-22.5	2.5916	0.119
6.566633	18.59	24.41	29.09	-45.17	20.15	-23.23	2.5924	0.119
6.574933	19.5	26.95	32.33	-43.7	22.26	-23.56	2.6058	0.1192
6.583333	19.57	30.45	34.55	-43.25	23.08	-23.24	2.6514	0.12
6.591633	18.7	34.06	35.91	-43.2	23.76	-21.88	2.697	0.1208
6.599933	17.21	37.64	36.62	-42.51	24.96	-19.51	2.708	0.121
6.608333	16.06	40.47	37.8	-39.86	26.7	-16.43	2.708	0.121
6.616633	15.79	42.87	42.8	-35.35	28.86	-12.51	2.7199	0.1211
6.624933	15.49	43.92	50.02	-29.81	30.28	-8.4	2.7528	0.1215
6.633333	13.05	41.27	54	-26.26	29.04	-5.43	2.7857	0.1219
6.641633	8.58	34.99	54.33	-25.34	25.48	-3.59	2.7886	0.122
6.649933	4.58	27.81	54.63	-26.38	22.25	-2.34	2.7856	0.122
6.658333	1.91	20.28	55.19	-27.82	19.57	-2.09	2.7989	0.1218
6.666633	-0.71	12.59	56.66	-28.4	17.61	-3.02	2.8326	0.1214
6.674933	-4.48	5.71	59.43	-29.22	16.31	-4.79	2.8646	0.1211
6.683333	-8.83	-0.01	62.26	-30.56	15.38	-6.93	2.8871	0.1215
6.691633	-11.61	-3.33	64.52	-31.6	15.45	-8.06	2.9096	0.1219
6.699933	-11.65	-3.08	68.24	-31.28	17.98	-7.35	2.9163	0.1223
6.708333	-9.61	-1.13	73.87	-30.62	22.62	-6.07	2.9179	0.1227
6.716633	-7.55	0.1	77.99	-29.45	26.85	-5.08	2.9199	0.123
6.724933	-5.53	1.32	82.42	-27.66	30.89	-3.79	2.9224	0.123
6.733333	-2.38	3.27	88.8	-26.35	34.9	-1.28	2.9249	0.123
6.741633	2.07	5.49	95.95	-25.8	38.54	2.22	2.9334	0.1238
6.749933	5.79	5.72	100.07	-25.4	40.62	4.92	2.9421	0.1246
6.758333	7.53	3.61	103.4	-25.14	41.66	6.09	2.9505	0.125
6.766633	8.01	0.53	107.54	-26.59	42.28	5.9	2.9584	0.125
6.774933	7.88	-1.38	112.28	-29.6	42.7	5.57	2.9693	0.1251
6.783333	7.35	-1.91	117.94	-33.36	42.93	5.37	2.9963	0.1255
6.791633	7.13	-1.29	123.89	-35.61	42.72	5.39	3.0233	0.1259
6.799933	7.31	-0.44	127.84	-36.49	41.75	4.92	3.0263	0.126
6.808333	6.61	0.08	129.3	-37.9	40.19	3.22	3.0159	0.126
6.816633	5.78	1.99	132.8	-41.13	39.43	1.33	3.0105	0.1261
6.824933	5.15	5.22	138.48	-45.53	39.52	-0.43	3.0208	0.1265
6.833333	4.76	8.29	145.06	-48.14	39.92	-1.53	3.0311	0.1269
6.841633	4.19	10.43	151.63	-48.06	40.25	-2.05	3.0349	0.1273
6.849933	3.3	11.54	159.83	-46.68	40.53	-2.88	3.0361	0.1277
6.858333	1.47	11.12	168.97	-46.55	40.77	-4.86	3.0357	0.1277
6.866633	-0.97	9.44	176.95	-47.91	41.02	-7.41	3.0318	0.127
6.874933	-2.33	7.6	184	-49.1	41.48	-9.22	3.0278	0.1262
6.883333	-2	5.96	190.71	-49.45	42.19	-9.89	3.0429	0.126
6.891633	0.39	4.69	198.19	-48.76	42.74	-10.11	3.0628	0.126
6.899933	4.21	3.94	206.32	-48.31	42.98	-10.6	3.0605	0.1258
6.908333	6.76	2.22	210.42	-48.32	42.08	-11.28	3.0456	0.1254
6.916633	6.95	-1.06	206.66	-48.23	39.69	-11.48	3.0308	0.125
6.924933	5.52	-5.45	195.82	-47.87	36.32	-10.93	3.0253	0.1242
6.933333	5.09	-9.36	185.07	-46.92	33.91	-9.9	3.0212	0.1233
6.941633	5.48	-12.92	175.62	-45.26	32.42	-8.73	3.036	0.1224
6.949933	5.89	-16.24	167.17	-43.01	31.09	-8.3	3.0582	0.1216
6.958333	5.38	-19.41	158.36	-41.04	30.11	-8.48	3.0717	0.1208
6.966633	3.39	-22.4	148.73	-40.5	29.38	-9.22	3.05	0.12
6.974933	1.48	-23.61	142.18	-43.81	29.34	-10.57	3.0283	0.1192
6.983333	0.68	-22.44	140.53	-50.88	30.3	-12.57	3.0246	0.119
6.991633	1.81	-19.48	142.87	-58.53	32.42	-14.48	3.0254	0.119
6.999933	2.39	-16.59	144.22	-65.79	33.89	-16.36	3.0288	0.1189
7.008333	2.14	-13.76	144.7	-72.94	34.43	-18.32	3.0387	0.1185
7.016633	1.33	-10.9	144.79	-80.32	34.3	-19.62	3.0486	0.1181
7.024933	0.28	-7.95	144.73	-87.71	33.75	-20.01	3.0478	0.1177
7.033333	0.83	-4.78	146.57	-92.06	33.91	-18.85	3.0437	0.1173
7.041633	4.14	-1.53	151.08	-90.74	35.18	-16.18	3.0437	0.1168
7.049933	8.39	1.32	154.59	-85.89	36.45	-12.58	3.0511	0.1164
7.058333	11.17	3.65	155.03	-81.77	36.56	-9.13	3.0569	0.116
7.066633	12.11	5.6	153.29	-79.01	35.5	-6.06	3.0427	0.1156
7.074933	12.1	7.84	154.47	-75.44	34.68	-3.07	3.0285	0.1151
7.083333	11.66	10.32	158.38	-70.59	34.6	0.01	3.0351	0.1145
7.091633	11.69	12.4	161.22	-65.51	34.09	2.46	3.0513	0.1137
7.099933	11.13	13.68	160.07	-62.52	31.86	3.46	3.0629	0.1129
7.108333	9.6	14.45	156.22	-62.35	28.13	2.85	3.0495	0.1125
7.116633	7.82	16.1	157.4	-65.17	24.79	0.67	3.0362	0.1121
7.124933	6.62	18.87	165.35	-69.97	22.35	-2.8	3.042	0.1123
7.133333	5.97	19.16	170.77	-71.64	19.85	-5.52	3.054	0.1127
7.141633	5.28	15.68	166.88	-71.04	16.03	-7.3	3.063	0.1131
7.149933	5.81	11.19	158.94	-69.5	12	-8.21	3.063	0.1135
7.158333	7.51	8.53	154.7	-67.16	9.73	-7.65	3.063	0.1139
7.166633	9.58	7.56	154.4	-63.89	9.16	-5.8	3.0531	0.1144
7.174933	9.91	6.17	152.04	-59.54	7.97	-4.36	3.0412	0.1148
7.183333	9.62	3.45	143.55	-51.79	5.39	-2.81	3.0304	0.1155
7.191633	9.45	-0.47	129.08	-40.4	2.02	-0.57	3.0204	0.1163
7.199933	9.75	-2.03	117.03	-30.7	-1.07	0.6	3.0062	0.1171
7.208333	10.42	-0.56	110.45	-24.15	-3.5	0.49	2.9701	0.1175
7.216633	10	1.25	108.81	-20.74	-5.62	-0.31	2.934	0.1179
7.224933	7.5	1.22	108	-19.43	-8.31	-1.73	2.9106	0.1183
7.233333	3.39	0.61	105.17	-20.46	-11.97	-4.27	2.8944	0.1187
7.241633	0.16	1.58	103.63	-23.34	-14.84	-6.39	2.8783	0.1192
7.249933	-1.54	3.5	103.01	-26.56	-15.96	-7.46	2.8628	0.12
7.258333	-1.9	5.71	102.86	-29.17	-15.14	-7.59	2.8473	0.1208
7.266633	-1.41	8.14	103.07	-31.41	-12.78	-7.14	2.829	0.1217
7.274933	-1.79	10.71	101.43	-35.44	-10.66	-7.42	2.8096	0.1226
7.283333	-2.8	13.34	93.22	-39.94	-9.55	-8.95	2.7883	0.123
7.291633	-3.97	16.29	79.93	-43.92	-9.11	-11.12	2.7657	0.123
7.299933	-4.57	19.01	67.5	-45.56	-8.04	-12.13	2.7437	0.123
7.308333	-4.66	21.06	57.09	-44.92	-6.21	-11.84	2.7353	0.1238
7.316633	-5.33	22.21	47.01	-45.1	-6.04	-12.32	2.727	0.1245
7.324933	-7.13	22.96	37.53	-47.29	-8.28	-14.07	2.7111	0.125
7.333333	-9.44	23.29	29.03	-51.34	-12.26	-16.46	2.6839	0.125
7.341633	-10.28	23.21	22.36	-54.66	-16.21	-18.13	2.657	0.125
7.349933	-9.85	22.9	17.77	-56.71	-19.87	-19.08	2.6315	0.125
7.358333	-9.46	22.78	14.76	-56.37	-22.64	-19.91	2.6061	0.125
7.366633	-9.83	22.49	11.13	-55.12	-25	-21.55	2.5924	0.1247
7.374933	-9.2	21.65	7.27	-54.72	-27.44	-23.31	2.5833	0.1243
7.383333	-7.01	21.06	5.26	-53.75	-28.56	-23.71	2.5664	0.124
7.391633	-3.81	21.08	4.94	-52.09	-28.22	-22.78	2.5181	0.124
7.399933	-0.97	22.27	5.74	-49.61	-26.79	-21.17	2.4699	0.124
7.408333	1.29	24.66	7.53	-46.32	-24.5	-19.13	2.4671	0.1236
7.416633	2.38	25.03	9.98	-39.77	-22.51	-17.06	2.4683	0.1232
7.424933	3.11	22.71	12.1	-32.07	-21.76	-14.98	2.4563	0.1227
7.433333	4.41	19.57	15.59	-24.97	-21.42	-12.61	2.4247	0.1218
7.441633	5.56	18.14	22.11	-18.36	-19.89	-10.14	2.393	0.121
7.449933	5.88	18.08	29.96	-11.84	-17.78	-7.68	2.3573	0.1206
7.458333	4.79	18.2	35.65	-5.04	-16.67	-5.35	2.3216	0.1202
7.466633	3.13	17.99	39.4	1.86	-16.81	-3.08	2.2979	0.1198
7.474933	0.68	17.5	40.5	7.18	-17.43	-1.87	2.2872	0.1193
7.483333	-1.8	19.78	38.82	7.51	-17.41	-1.57	2.2747	0.1187
7.491633	-3.48	24.53	36.72	3.6	-16.85	-1.79	2.258	0.118
7.499933	-4.02	29.4	36.04	-1.67	-16.71	-2.24	2.2413	0.1172
7.508333	-4.44	32.37	34.95	-6.43	-17.91	-3.23	2.2097	0.1163
7.516633	-5.44	33.54	31.67	-11.43	-20.12	-5.27	2.1743	0.1155
7.524933	-6.05	33.67	29.36	-17.24	-21.95	-8.27	2.1493	0.1147
7.533333	-6.32	32.3	27.31	-22.54	-22.87	-11.42	2.1402	0.1139
7.541633	-6.1	28.84	25.47	-24.17	-23.05	-12.86	2.1311	0.1131
7.549933	-5.33	23.29	24.02	-21.72	-22.69	-12.33	2.1168	0.1119
7.558333	-4.48	18.7	23.25	-17.65	-21.37	-10.41	2.1018	0.1107
7.566633	-4.8	15.63	19.76	-13.17	-18.94	-7.69	2.0887	0.1094
7.574933	-5.25	12.63	14	-7.52	-16.5	-4.62	2.0776	0.1082
7.583333	-4.33	9.62	9.58	0	-13.97	-0.73	2.0664	0.107
7.591633	-1.96	6.68	6.93	9.31	-11.33	4.01	2.0269	0.1061
7.599933	-0.38	5.28	5.65	15.26	-9.36	7.58	1.9861	0.1052
7.608333	0.48	5.92	6.5	16.38	-8.66	9.11	1.9679	0.105
7.616633	0.62	8.75	9.67	14.28	-8.63	9.51	1.9552	0.105
7.624933	-0.33	11.06	12.61	11.14	-9.41	9.24	1.9425	0.105
7.633333	-1.9	12.14	15.87	7.59	-11.13	8.02	1.9293	0.1055
7.641633	-4.23	12.38	20.17	3.85	-12.91	5.78	1.9162	0.1059
7.649933	-7.58	12.15	25.4	-0.27	-14.48	2.64	1.8937	0.106
7.658333	-12.7	12.67	27.23	-7.41	-16.06	-1.02	1.8683	0.106
7.666633	-17.44	13.22	25.96	-14.27	-17.43	-3.94	1.8504	0.1063
7.674933	-21.44	13.97	22.52	-20.34	-18.48	-6.18	1.8461	0.1071
7.683333	-24.22	14.98	17.91	-26.5	-19.67	-8.72	1.8417	0.1079
7.691633	-25.78	16.21	12.05	-33.27	-21.19	-11.84	1.8344	0.1083
7.699933	-24.98	19.06	6.75	-39.55	-21.98	-14.68	1.8264	0.1088
7.708333	-22.53	24.69	1.06	-46.17	-21.78	-16.68	1.8084	0.109
7.716633	-19.32	31.86	0	-53.79	-21.44	-17.61	1.7774	0.109
7.724933	-15.32	38.19	0	-60.18	-21.55	-17.58	1.7465	0.109
7.733333	-10.34	43.71	0	-64.73	-21.79	-16.76	1.7406	0.1094
7.741633	-4.66	49.14	0	-67.67	-21.35	-15.41	1.7368	0.1098
7.749933	1.24	54.29	0	-69.69	-20.37	-13.46	1.7279	0.11
7.758333	6.27	57.29	0	-69.77	-19.67	-11.53	1.7143	0.11
7.766633	8.59	57	0	-69.35	-20.33	-10.28	1.7042	0.1103
7.774933	8.47	54.04	0	-68.79	-22.03	-9.54	1.705	0.1115
7.783333	7.65	51.1	0	-67.93	-23.01	-9.11	1.7059	0.1128
7.791633	6.96	49.31	0	-66.18	-22.49	-9.18	1.685	0.1137
7.799933	6.39	49.23	0	-63.52	-20.89	-9.23	1.66	0.1145
7.808333	5.85	50.04	0	-60.25	-19.12	-8.88	1.641	0.1151
7.816633	4.8	50.66	0	-56.39	-17.77	-8.38	1.6348	0.1155
7.824933	3.51	51.26	0	-52.97	-16.86	-7.44	1.6285	0.116
7.833333	2.19	52.2	0	-50.17	-16.25	-5.96	1.6408	0.1171
7.841633	1.34	54.55	0	-49.68	-16.04	-5.22	1.6547	0.1183
7.849933	0.09	56.85	0	-51	-17.11	-5.66	1.6567	0.1192
7.858333	-0.93	58.52	0	-52.93	-19.21	-6.44	1.6408	0.1196
7.866633	-1.49	58.47	0	-55.08	-22.12	-7.64	1.625	0.12
7.874933	-1.71	56.69	0	-57.57	-25.84	-9.35	1.6276	0.1213
7.883333	-2.15	55.01	0	-61.42	-30.03	-11.97	1.6303	0.1226
7.891633	-1.98	55.09	0	-66.61	-33.83	-15.15	1.6321	0.1235
7.899933	-0.71	55.91	0	-70.36	-35.75	-17.23	1.6336	0.1243
7.908333	0.86	55.44	0	-70.1	-35.7	-16.73	1.6348	0.125
7.916633	2.88	54.51	0	-67.66	-34.31	-14.26	1.6326	0.1245
7.924933	4.92	54.93	0	-67.04	-32.75	-11.6	1.6304	0.1241
7.933333	6.72	56.94	0	-68.71	-31.11	-9.08	1.6197	0.1233
7.941633	6.84	57.29	0	-69.57	-29.01	-7.89	1.6068	0.1225
7.949933	6.18	54.83	0	-68.15	-26.19	-7.58	1.6057	0.122
7.958333	5.32	51.02	0	-65.26	-23.46	-6.37	1.6223	0.122
7.966633	3.99	47.45	0	-63.97	-22.63	-5.21	1.639	0.122
7.974933	2.07	44.37	0	-64.98	-24.07	-4.53	1.6381	0.122
7.983333	0.77	42.16	0	-65.25	-24.26	-4.86	1.6349	0.122
7.991633	-0.04	39.64	5.45	-61.95	-22.13	-5.33	1.6241	0.1228
7.999933	-1.84	35.78	16.46	-55.91	-19.86	-6.04	1.6103	0.1239
8.008333	-3.46	33.49	28.57	-50.35	-18.34	-5.8	1.5966	0.125
8.016633	-4.65	33.39	41.48	-46.23	-17.62	-4.57	1.5973	0.1254
8.024933	-5.93	34.43	52.08	-44.2	-16.94	-4.56	1.5987	0.1259
8.033333	-7.51	36.04	59.54	-43.94	-15.97	-6.45	1.5984	0.126
8.041633	-8.65	37.05	65.13	-41.34	-14.38	-8.48	1.5976	0.126
8.049933	-10.62	36.09	70.08	-37.03	-15.02	-9.25	1.6019	0.126
8.058333	-13.68	33.64	73.22	-32.47	-17.79	-9.18	1.6194	0.126
8.066633	-16.73	31.72	72.86	-29.32	-20.1	-8.94	1.6369	0.126
8.074933	-19.43	30.56	69.12	-27.38	-21.41	-8.5	1.6341	0.126
8.083333	-19.89	30.78	65.56	-25.32	-22.06	-7.16	1.6286	0.126
8.091633	-18.12	31.99	63.32	-21.68	-22.05	-4.48	1.621	0.1259
8.099933	-14.81	33.86	63.07	-16.71	-20.8	-0.83	1.6097	0.1254
8.108333	-11.6	37.19	64.44	-14.86	-17.94	1.56	1.5985	0.125
8.116633	-8.39	42.2	66.12	-16.04	-13.89	2.93	1.6079	0.1246
8.124933	-4.47	48.54	66.42	-17.18	-9.79	4.99	1.6182	0.1242
8.133333	0.54	55.23	67.53	-15.78	-6.05	8.54	1.6226	0.1236
8.141633	5.07	59.77	69.52	-13.96	-3.2	11.35	1.6193	0.1227
8.149933	6.75	60.61	69.23	-13.15	-1.04	12.15	1.6199	0.1216
8.158333	6.52	58.76	68.26	-12.5	0.97	11.76	1.6302	0.12
8.166633	6.9	56.36	68.99	-10.21	3.21	12	1.6405	0.1184
8.174933	8.77	53.83	70.56	-5.96	4.97	13.36	1.6392	0.1164
8.183333	9.83	50.26	68.87	-1.6	4.86	14.29	1.6342	0.1143
8.191633	9.17	45.33	65.85	0.96	3.47	13.36	1.6289	0.1121
8.199933	7.08	39.28	62.6	1.08	1.1	10.31	1.6229	0.1098
8.208333	5.47	34.92	60.45	0.03	-1.34	7.06	1.617	0.1074
8.216633	4.85	33.03	59.36	-1.52	-3.69	4.33	1.616	0.1049
8.224933	3.98	30.93	57.37	-2.7	-5.88	2.22	1.616	0.1024
8.233333	1.01	26.61	51.37	-4.91	-8.8	-0.66	1.6244	0.1007
8.241633	-3.36	21.65	41.8	-7.51	-11.93	-4	1.6434	0.0999
8.249933	-6.79	17.35	33.99	-9.1	-13.34	-6.64	1.6625	0.0991
8.258333	-9.17	13.74	29.52	-10.01	-13.18	-8.68	1.6636	0.0981
8.266633	-11.68	10.21	29.13	-11.37	-13.21	-10.79	1.6631	0.0972
8.274933	-14.68	6.42	31.43	-12.36	-13.81	-12.66	1.6853	0.0967
8.283333	-17.18	2.74	34.85	-11.85	-13.61	-13.62	1.7147	0.0963
8.291633	-18.57	0.95	39.01	-11.16	-12.65	-14.37	1.741	0.0961
8.299933	-19.09	1.18	44.25	-10.49	-11.19	-14.94	1.7577	0.0965
8.308333	-19.96	1.86	50.8	-10.57	-10.12	-15.58	1.7743	0.0969
8.316633	-21.41	2.5	58.53	-11.6	-9.61	-16.37	1.7898	0.0973
8.324933	-23.5	2.3	63.49	-13.96	-10.46	-18.15	1.8048	0.0977
8.333333	-25.36	1.55	63.54	-15.93	-11.33	-20.09	1.8203	0.0984
8.341633	-26.66	0.45	60.34	-17.05	-11.75	-21.61	1.837	0.0996
8.349933	-28.07	-1.16	57.02	-17.95	-12.69	-22.86	1.8537	0.1009
8.358333	-29.98	-3.43	54.18	-19.09	-14.69	-24.07	1.8646	0.1018
8.366633	-31.73	-6.04	50.79	-20.29	-17.07	-25.24	1.875	0.1026
8.374933	-32.78	-8.98	46.17	-21.46	-19.46	-26.44	1.8847	0.103
8.383333	-33.52	-11.85	40.24	-22.4	-21.85	-27.66	1.8939	0.103
8.391633	-34.01	-13.24	36.29	-22	-22.98	-27.81	1.903	0.103
8.399933	-33.87	-13.35	35.1	-20.24	-22.64	-26.88	1.9415	0.1042
8.408333	-32	-13.38	36.98	-17.93	-20.89	-25.82	1.98	0.1054
8.416633	-28.71	-13.51	40.38	-15.53	-18.16	-25.15	2.0025	0.1064
8.424933	-26.03	-13.81	43.25	-12.6	-15.06	-24.56	2.0078	0.1073
8.433333	-24.9	-14.59	45.81	-9.15	-12.23	-24.03	2.0171	0.1081
8.441633	-25.1	-15.66	48	-5.69	-9.92	-23.86	2.0425	0.1085
8.449933	-25.75	-16.98	49.73	-3.78	-8.71	-24.82	2.0679	0.1089
8.458333	-26.43	-19	51.09	-3.61	-8.61	-26.9	2.0927	0.1093
8.466633	-27.31	-21.33	50.8	-4.62	-8.84	-29.18	2.1173	0.1097
8.474933	-29.82	-22.92	46.81	-6.44	-9.64	-31.17	2.1465	0.1101
8.483333	-33.45	-24.24	39.31	-8.66	-11.26	-32.78	2.1878	0.1105
8.491633	-35.25	-26.07	30.78	-10.96	-13.48	-34.11	2.229	0.1109
8.499933	-34.74	-28.37	21.72	-13.47	-16.13	-35.25	2.2389	0.1113
8.508333	-32.21	-27.86	14.29	-17.93	-17.44	-36.12	2.2444	0.1117
8.516633	-28.18	-24.84	8.74	-23.08	-16.75	-35.97	2.2625	0.112
8.524933	-23.6	-20.61	3.49	-28.02	-15.08	-34.67	2.303	0.112
8.533333	-19.1	-15.92	0	-32.79	-13.79	-33.01	2.3434	0.112
8.541633	-14.36	-10.87	0	-37.22	-12.67	-31.07	2.3547	0.1124
8.549933	-9.03	-5.23	0	-41.09	-10.55	-28.89	2.3648	0.1129
8.558333	-4.03	1.85	0	-45.12	-7.05	-26.66	2.3878	0.1133
8.566633	-0.41	10.52	4.29	-48	-2.16	-24.68	2.417	0.1137
8.574933	1.59	17.35	13.34	-47.05	2.55	-22.84	2.4488	0.1142
8.583333	1.94	21.85	23.29	-43.14	6.7	-21	2.4873	0.115
8.591633	1.51	24.63	33.53	-38.87	10.76	-19.07	2.5258	0.1158
8.599933	0.73	26.31	44.81	-34.68	15.19	-17.11	2.5397	0.1163
8.608333	0.65	27.73	56.98	-29.2	20.1	-15.12	2.546	0.1167
8.616633	0.67	29.27	67.88	-22.78	24.66	-13.17	2.5653	0.1174
8.624933	0.77	31.26	76.82	-15.54	28.88	-10.77	2.6077	0.1186
8.633333	2.01	33.93	81.91	-8.99	32.77	-6.96	2.6502	0.1198
8.641633	4.65	36.95	83.03	-3.92	36.22	-2	2.6643	0.1203
8.649933	8.3	39.22	82.43	-1.42	38.85	2.32	2.6731	0.1208
8.658333	13.04	41.39	82.35	0.24	41.26	5.78	2.6869	0.121
8.666633	18.23	43.17	82.96	1.63	43.02	8.76	2.7071	0.121
8.674933	21.93	43.53	83.7	1.68	43.31	11.58	2.7236	0.121
8.683333	23.81	42.22	83.62	0.04	42.02	14.07	2.7214	0.121
8.691633	23.6	38.48	80.82	-3.24	39.17	15.24	2.7191	0.121
8.699933	21.33	31.9	76.19	-7.98	34.75	14.44	2.7237	0.1208
8.708333	17.27	23.64	73.84	-13.39	29.55	11.81	2.7347	0.1203
8.716633	11.88	15.33	73.58	-17.35	24.39	9	2.7484	0.12
8.724933	5.36	7.48	74.57	-20.23	19.06	5.75	2.7709	0.12
8.733333	-1.23	1.41	74.8	-23.34	13.58	1.16	2.7934	0.12
8.741633	-7.23	-2.71	74.19	-27.04	8.54	-4.84	2.8147	0.1203
8.749933	-12.08	-5.3	74.16	-30.39	5.04	-10.6	2.8357	0.1207
8.758333	-15.52	-5.94	77.26	-33.28	3.07	-15.61	2.8555	0.121
8.766633	-17	-4.93	84.13	-35.37	2.85	-19.7	2.8726	0.121
8.774933	-15.89	-3.56	91.41	-36.5	4	-22.39	2.8896	0.1211
8.783333	-13.13	-2.05	97.21	-37.46	5.88	-23.96	2.9055	0.1218
8.791633	-11.69	-1.02	99.07	-40.15	6.96	-25.21	2.9214	0.1226
8.799933	-11.99	-1.54	98.79	-43.8	7.65	-25.6	2.9238	0.1234
8.808333	-11.02	-2.44	100.35	-46.09	9.73	-24.01	2.9057	0.1243
8.816633	-8.08	-2.76	104.76	-46.95	12.89	-21.41	2.8982	0.1252
8.824933	-4.25	-2.84	110.98	-47.23	16.53	-18.27	2.924	0.126
8.833333	-2.41	-3.11	116.17	-49.12	19.21	-15.79	2.9498	0.1268
8.841633	-3.37	-3.13	119.38	-53.15	20.61	-14.24	2.9699	0.1267
8.849933	-4.1	-3.01	125.41	-56.4	22.45	-13.13	2.9878	0.1263
8.858333	-1.26	-2.65	138.51	-56.09	26.73	-11.37	2.9999	0.126
8.866633	4.12	-2.11	154.62	-52.17	32.71	-8.68	2.9995	0.126
8.874933	7.47	-2.53	163.53	-47.09	37.3	-6.06	2.9991	0.126
8.883333	7.58	-4.34	163.64	-41.82	39.71	-4.02	3.0137	0.1253
8.891633	7.33	-6.71	163.37	-35.84	41.35	-2.31	3.032	0.1245
8.899933	9.29	-8.85	165.94	-27.35	43.58	0.08	3.0341	0.1237
8.908333	12.59	-10.85	170.19	-18.49	45.87	2.38	3.0119	0.1229
8.916633	14.73	-12.57	171.95	-12.32	46.85	4.13	2.9897	0.1221
8.924933	15.02	-13.98	169.48	-9.13	46.45	5.3	3.0184	0.1212
8.933333	13.89	-15.01	163.59	-8.02	46.35	5.65	3.054	0.1203
8.941633	12.84	-15.56	160.42	-9.05	47.64	4.77	3.066	0.12
8.949933	12.97	-15.61	164.58	-13.15	48.62	2.64	3.0688	0.12
8.958333	12.76	-15.66	169.86	-20.24	48.02	-0.55	3.0676	0.1198
8.966633	11.62	-15.73	173.77	-29.4	46.45	-4.54	3.0505	0.119
8.974933	9.55	-15.65	173.57	-36.24	46.27	-7.99	3.0334	0.1182
8.983333	6.88	-15.38	169.72	-39.92	47.68	-10.6	3.0417	0.1177
8.991633	4.57	-16.15	166.11	-39.97	48.96	-11.62	3.0564	0.1173
8.999933	3.45	-18.36	166.99	-37.11	48.69	-10.86	3.0676	0.1169
9.008333	3.36	-20.22	171.68	-33.61	46.99	-9.01	3.0695	0.1165
9.016633	2.96	-18.55	174.39	-32.58	45.74	-7.31	3.0715	0.1161
9.024933	1.94	-13.85	173.93	-33.34	45.38	-5.73	3.0581	0.1157
9.033333	0.32	-11.76	171.55	-31.69	45.42	-3.97	3.0397	0.1153
9.041633	-0.99	-12.38	171.12	-29.88	44.01	-2.64	3.0351	0.1147
9.049933	-1.22	-12.96	174.24	-29.45	41.38	-0.95	3.0548	0.1138
9.058333	-0.81	-10.99	178.57	-31.84	39.11	0.67	3.0727	0.1129
9.066633	-0.14	-6.37	182.84	-37.22	37.56	1.66	3.0685	0.1121
9.074933	0.2	-2.5	186.13	-43.02	36.13	0.99	3.0643	0.1113
9.083333	0.46	-2.56	189.6	-45.2	34.63	-0.08	3.049	0.1107
9.091633	0.61	-5.27	192.9	-43.76	33.23	-0.04	3.0283	0.1103
9.099933	0.93	-4.77	196.17	-43.64	31.77	1.11	3.0121	0.11
9.108333	1.6	-1.19	199.47	-44.92	30.17	2.89	3.0187	0.11
9.116633	2.35	2.32	201.38	-46.36	27.91	3.03	3.0254	0.11
9.124933	2.82	4.45	201.15	-47.23	24.88	1.17	3.043	0.11
9.133333	3.62	5	197.1	-48.48	21.17	-1.33	3.064	0.11
9.141633	5.57	5.46	190.45	-50.57	17.27	-2.55	3.0749	0.1099
9.149933	7.53	5.62	183.03	-53.24	13.36	-2.96	3.0537	0.1095
9.158333	8.66	4.53	176.67	-56.74	9.42	-4.48	3.0324	0.1091
9.166633	8.99	1.92	171.49	-61.21	5.36	-7.61	3.0272	0.1094
9.174933	9.47	-1.64	164.95	-63.62	2.91	-10.16	3.025	0.1098
9.183333	9.65	-5.69	156.63	-63.44	2.49	-10.5	3.0153	0.11
9.191633	10.19	-9.34	149.31	-61.98	3.23	-8.7	2.9998	0.11
9.199933	10.97	-11.59	146.52	-59.09	4.66	-5.82	2.9842	0.11
9.208333	11.64	-12.55	147.82	-54.54	6.72	-2.37	2.9895	0.11
9.216633	12.57	-12.69	148.8	-48.4	9.06	1.2	2.9965	0.11
9.224933	14.64	-11.84	148.03	-40.85	11.53	5.26	2.9798	0.1105
9.233333	17.04	-9.32	144.57	-33.55	13.28	9.23	2.9498	0.1114
9.241633	18.33	-5.29	140.57	-30.04	12.37	11.18	2.9301	0.1123
9.249933	18.85	-0.28	136.85	-29.46	9.32	11.35	2.9432	0.1135
9.258333	18.86	3.76	131.93	-28.04	6.45	10.63	2.9563	0.1147
9.266633	18.01	6.35	124.26	-25.05	4.25	9.08	2.9441	0.1156
9.274933	15.68	7.94	113.97	-24.15	1.25	5.78	2.922	0.1164
9.283333	12.43	9.29	103.46	-26.43	-2.73	1.37	2.8971	0.1171
9.291633	9.24	9.98	92.35	-29.03	-7.13	-2.75	2.8661	0.1175
9.299933	7.47	9.08	81.35	-28.72	-10.76	-5.22	2.8352	0.1179
9.308333	7.29	6.48	71.54	-25.14	-13.05	-5.86	2.8234	0.118
9.316633	7.29	3.81	67.71	-21.61	-12.75	-5.49	2.8165	0.118
9.324933	6.55	2.13	68.58	-20.58	-11.31	-4.94	2.8018	0.1183
9.333333	5.19	1.83	69.99	-22.91	-10.33	-5.23	2.7828	0.1187
9.341633	4.16	2.81	71.01	-25.37	-8.93	-5.57	2.7633	0.119
9.349933	3.72	4.91	72.04	-26.91	-6.73	-5.6	2.7403	0.1195
9.358333	3.18	8.12	74.42	-29.91	-4.29	-6.44	2.7174	0.1199
9.366633	2	12.68	78.35	-35.96	-1.95	-8.88	2.7153	0.12
9.374933	0.55	18.1	83.3	-43.46	0.25	-11.85	2.7212	0.12
9.383333	-0.09	23.17	83.92	-49.89	0.46	-14.67	2.7197	0.1202
9.391633	0.01	27.84	80.19	-55.25	-1.15	-17.41	2.688	0.121
9.399933	0.59	31.6	76.19	-58.6	-2.49	-19.19	2.6563	0.1218
9.408333	1.58	34.3	73.54	-59.59	-2.95	-19.6	2.644	0.1217
9.416633	3.1	36.25	73.18	-58.01	-2.68	-18.35	2.6364	0.1213
9.424933	4.9	37.92	74.35	-54.3	-1.71	-15.65	2.6195	0.1209
9.433333	6.98	37.92	77.26	-48.63	-0.69	-12.25	2.5782	0.1205
9.441633	9.07	35.67	81.88	-42.43	-0.29	-9.64	2.537	0.1201
9.449933	10.81	31.42	87.08	-36.12	-0.44	-7.95	2.5212	0.1192
9.458333	11.09	25.95	88.68	-30.03	-0.89	-6.71	2.5089	0.1184
9.466633	10.05	19.36	86.75	-24.23	-2.1	-5.77	2.495	0.1175
9.474933	7.29	12.77	82.77	-19.1	-4.09	-5.23	2.48	0.1167
9.483333	2.47	6.47	76.26	-15.19	-6.68	-5.52	2.4665	0.1158
9.491633	-3.84	0.26	67.8	-12.46	-9.94	-6.62	2.459	0.1146
9.499933	-10.08	-4.97	59.1	-10.52	-13.38	-7.67	2.4514	0.1134
9.508333	-16.25	-8.3	50	-9.24	-16.57	-8.15	2.4303	0.1127
9.516633	-21.02	-9.95	39.95	-8.49	-19.13	-7.97	2.4028	0.1123
9.524933	-22.89	-10.64	32.66	-7.92	-21.33	-7.44	2.372	0.1119
9.533333	-22.05	-9.09	29.91	-8.21	-22.48	-6.71	2.3327	0.1115
9.541633	-18.25	-5.52	31.37	-9.44	-22.1	-5.72	2.2934	0.1111
9.549933	-11.36	-0.53	36.36	-11.33	-20.27	-4.39	2.2822	0.111
9.558333	-2.64	5.18	44.41	-13.08	-17.72	-2.44	2.2799	0.111
9.566633	6.38	12.1	53.6	-14.92	-14.27	-0.03	2.2576	0.1108
9.574933	14.67	18.97	60.28	-16.82	-11.23	2.25	2.2219	0.1104
9.583333	20.74	25.24	64.34	-18.85	-9.69	3.88	2.1892	0.11
9.591633	24.24	30.93	66.41	-21	-9.73	4.82	2.1912	0.11
9.599933	25.26	35.27	67.69	-21.71	-10.3	5.78	2.1933	0.11
9.608333	23.92	37.4	67.02	-20.5	-11.85	6.85	2.1657	0.11
9.616633	20.62	38.12	64.87	-18.69	-14.47	7.77	2.124	0.11
9.624933	16.12	38.52	61.13	-17.53	-17.41	8.14	2.0833	0.11
9.633333	10.45	38.01	56.15	-16.66	-20.88	7.88	2.0653	0.11
9.641633	4.62	36.75	54.24	-15.38	-23.97	7.52	2.0473	0.11
9.649933	-0.89	35.34	57.1	-13.72	-26.07	7.33	2.0272	0.1097
9.658333	-6.13	34.09	62.2	-13.24	-27.77	6.82	2.0063	0.1093
9.666633	-11.02	32.52	66.12	-15.11	-30.92	5.32	1.9929	0.1093
9.674933	-15.37	30.98	70.62	-19.37	-35.19	2.76	1.9925	0.1101
9.683333	-19.18	29.45	78.97	-24.91	-39.69	-0.78	1.9921	0.1109
9.691633	-22.55	27.66	90.85	-31.27	-44.38	-5.18	1.9767	0.111
9.699933	-25.6	25.11	102.16	-37.18	-49.15	-9.69	1.9584	0.111
9.708333	-28.34	22.88	112.28	-43.35	-53.59	-14.22	1.9352	0.1113
9.716633	-30.04	21.39	118.85	-49.6	-57.13	-18.61	1.9014	0.1122
9.724933	-30.23	20.52	122.96	-54.33	-58.92	-22.32	1.8683	0.1131
9.733333	-28.97	20.32	125.13	-57.46	-58.82	-25.17	1.8495	0.1147
9.741633	-27.05	21.14	124.05	-60.6	-56.87	-26.34	1.8308	0.1164
9.749933	-24.8	22.29	115.96	-63.64	-53.79	-25.7	1.8154	0.1173
9.758333	-22.57	23.18	101.51	-66.27	-50.51	-24.03	1.8019	0.1177
9.766633	-20.37	24.65	84.64	-69.98	-47.3	-22.33	1.789	0.118
9.774933	-18.15	26.63	65.64	-74.42	-44.1	-20.58	1.7802	0.1185
9.783333	-16.31	28.41	48.05	-78.35	-41.31	-18.78	1.7715	0.1189
9.791633	-15.25	29.77	33.21	-81.86	-39.24	-17.03	1.7493	0.119
9.799933	-15.33	30.48	24.49	-82.95	-37.93	-14.88	1.7219	0.119
9.808333	-16.05	29.78	22.28	-79.55	-37.67	-12.97	1.6977	0.1189
9.816633	-17.04	28.44	24.44	-73.59	-38.3	-11.46	1.686	0.1185
9.824933	-17.59	27.81	28.48	-67.29	-38.75	-9.73	1.6743	0.1181
9.833333	-17.66	27.8	34.18	-60.57	-38.66	-7.51	1.6639	0.1173
9.841633	-18.06	26.15	41.14	-52.14	-38.25	-4.99	1.6538	0.1164
9.849933	-19.08	23.14	48.14	-43.4	-37.71	-2.3	1.6507	0.1162
9.858333	-20.48	20.52	57.23	-35.87	-37.46	0.25	1.6541	0.1166
9.866633	-21.64	19.59	66.31	-32.33	-37.82	1.91	1.657	0.1169
9.874933	-22.58	20.1	73.91	-33.18	-38.81	2.56	1.6566	0.1161
9.883333	-24.18	20.23	79.73	-36.32	-40.69	2.39	1.6562	0.1153
9.891633	-26.78	19.25	85.75	-39.94	-43.59	1.54	1.6413	0.115
9.899933	-30.01	17.5	91.94	-43.49	-47.19	0.15	1.6167	0.115
9.908333	-33.02	17.35	98.37	-48.29	-51.16	-1.57	1.5965	0.1149
9.916633	-35.83	18.97	105.1	-54.55	-55.51	-3.7	1.5941	0.1145
9.924933	-38.75	21.1	110.18	-61.35	-59.78	-6.07	1.5918	0.1141
9.933333	-41.94	22.58	112.26	-67.69	-63.67	-8.49	1.5955	0.1137
9.941633	-44.37	23.32	112.23	-73.34	-66.52	-11.86	1.6022	0.1133
9.949933	-45.57	24.41	112.53	-78.44	-68.23	-16.23	1.6047	0.113
9.958333	-45.74	25.02	112.38	-81.21	-69.41	-20.44	1.5963	0.113
9.966633	-45.34	24.59	111.31	-81.21	-70.76	-23.85	1.588	0.113
9.974933	-44.37	23.33	109.39	-79.04	-72.26	-26.51	1.6076	0.1134
9.983333	-41.53	23.32	107.1	-77.49	-71.93	-28.55	1.6272	0.1138
9.991633	-36.78	24.09	104.36	-75.95	-69.81	-29.8	1.6276	0.1142
9.999933	-31.16	24.41	101.74	-73.35	-67.54	-30.34	1.6153	0.1146
10.008333	-26.06	24.08	99.25	-69.46	-66.53	-29.31	1.6052	0.115
10.016633	-21.68	23.04	96.75	-64.72	-66.61	-27.01	1.6197	0.1154
10.024933	-18.86	22	94.3	-63.24	-66.33	-26.17	1.6343	0.1159
10.033333	-17.45	21.49	92.42	-66.24	-65.27	-27.57	1.6339	0.1163
10.041633	-17.11	21.54	88.63	-72.37	-64.42	-29.89	1.6263	0.1167
10.049933	-18.96	19.92	81.63	-78.3	-66	-32.52	1.6227	0.117
10.058333	-22.8	16.59	72.8	-83.76	-69.56	-35.88	1.6393	0.117
10.066633	-27.39	12.69	63.02	-89.52	-72.97	-40.32	1.656	0.117
10.074933	-32.22	8.79	52.02	-96.08	-75.46	-45.79	1.661	0.117
10.083333	-36.17	5.93	41.94	-101.29	-76.65	-50.75	1.6623	0.117
10.091633	-37.99	4.42	33.88	-102.52	-77.33	-53.36	1.6645	0.117
10.099933	-38.12	3.32	26.22	-101.2	-77.98	-54.2	1.6675	0.117
10.108333	-37.4	1.68	20.13	-99.55	-78.19	-55.03	1.6705	0.117
10.116633	-36.03	-0.34	16.36	-97.75	-77.64	-56.08	1.6618	0.1166
10.124933	-34.59	-1.52	13.47	-95.25	-76.48	-55.99	1.6508	0.1162
10.133333	-33.29	-1.78	9.97	-92.34	-75.17	-54.32	1.649	0.1158
10.141633	-30.99	-1.24	7.96	-88.07	-72.6	-50.71	1.6544	0.1154
10.149933	-27.97	-0.96	6.61	-83.61	-68.64	-46.18	1.6601	0.1149
10.158333	-24.75	-0.8	4.9	-80.1	-63.97	-41.45	1.6668	0.1141
10.166633	-21.28	0.53	3.73	-76.95	-58.7	-36.45	1.6736	0.1133
10.174933	-17.2	3.76	4.38	-73.04	-52.43	-30.72	1.6659	0.1124
10.183333	-13.09	7.37	6.64	-66.75	-45.26	-24.03	1.6502	0.1115
10.191633	-8.83	9.66	10.51	-58.19	-37.53	-17.17	1.6453	0.1108
10.199933	-4.26	11.85	16.44	-49.99	-30.34	-11.43	1.6522	0.1105
10.208333	-0.41	15	22.71	-45.14	-25.71	-8.2	1.6591	0.1101
10.216633	2.11	19.15	28.17	-44.02	-24.2	-7.6	1.6837	0.109
10.224933	4.4	23	34.53	-42.13	-23.75	-7.31	1.7151	0.1076
10.233333	6.86	26.2	42.49	-38.59	-23.73	-6.81	1.7346	0.1066
10.241633	8.32	28.2	49.56	-34.95	-23.75	-6.77	1.7445	0.1058
10.249933	8.8	29.98	54.57	-33.85	-23.54	-7.98	1.7536	0.105
10.258333	8.59	32.03	57.59	-36.04	-23.24	-10.67	1.7427	0.1046
10.266633	7.75	32.91	58.02	-39.28	-22.95	-14.06	1.7319	0.1042
10.274933	6.19	31.64	55.51	-41.52	-21.79	-17.13	1.7364	0.1037
10.283333	4.52	28.93	51.18	-41.74	-19.04	-18.92	1.7495	0.1033
10.291633	2.25	26.01	44.48	-43.19	-15.92	-20.89	1.7644	0.1029
10.299933	-0.46	23.07	35.5	-45.77	-12.42	-23.04	1.7927	0.1021
10.308333	-1.83	21.45	27.09	-47.57	-8.92	-24.73	1.8211	0.1012
10.316633	-1.21	21.45	20.65	-47.71	-5.64	-25.57	1.8461	0.1007
10.324933	0.99	20.31	18.07	-45.97	-2.41	-25.69	1.87	0.1003
10.333333	4.49	18.02	19.64	-41.97	1.99	-24.6	1.8887	0.1001
10.341633	8.88	16.54	22.1	-37.13	7.08	-22.57	1.8874	0.1005
10.349933	13.1	17.03	21.24	-33.91	11.67	-20.91	1.8861	0.101
10.358333	16.89	19.22	16.6	-32.77	15.44	-20.03	1.9178	0.101
10.366633	20.64	21.68	15.4	-32.04	17.87	-19.04	1.9524	0.101
10.374933	23.73	23.62	17.29	-32.09	18.91	-17.94	1.968	0.1012
10.383333	25.43	23.66	20.31	-32.75	18.68	-17.21	1.966	0.1016
10.391633	25.64	23.67	21.31	-34.1	17.22	-17	1.964	0.102
10.399933	24.45	24.05	19.86	-36.1	14.67	-17.19	1.9861	0.1024
10.408333	23.11	24.52	16.17	-36.83	13.07	-16.28	2.0082	0.1028
10.416633	22.01	23.24	13.26	-34.99	12.84	-14.02	2.0353	0.1032
10.424933	21.06	21.41	14.12	-31.52	13.75	-11.39	2.0659	0.1036
10.433333	19.69	20.83	12.84	-28.63	16.2	-9.76	2.0948	0.104
10.441633	17.87	20.7	9.19	-26.2	19.81	-8.88	2.1048	0.1044
10.449933	16.3	21.23	4.76	-24.22	23.87	-7.9	2.1148	0.1049
10.458333	15.45	23.35	0.84	-22.78	28.31	-6.49	2.1338	0.1056
10.466633	15.13	27.42	0	-22.17	32.89	-5.07	2.1571	0.1065
10.474933	14.49	31.94	0	-22.98	35.97	-4.94	2.1895	0.1073
10.483333	13.32	35.67	0	-24.78	37.48	-6.08	2.2357	0.1081
10.491633	11.5	36.1	0.91	-26.21	37.55	-7.44	2.2819	0.1088
10.499933	9.1	32.83	0.22	-26.9	36.35	-8.55	2.2997	0.1093
10.508333	6.74	28.43	0	-27.94	34.74	-9.55	2.3084	0.1098
10.516633	4.45	24.08	0	-29.51	33.32	-10.8	2.3306	0.11
10.524933	2.72	19.92	0	-30.72	32.2	-12.27	2.3673	0.11
10.533333	2.05	15.54	2.13	-30.61	31.56	-13.65	2.4041	0.1101
10.541633	2.24	10.72	6.34	-29.44	31.29	-14.8	2.4426	0.1109
10.549933	2.27	6.48	12.83	-29.37	30.74	-15.62	2.4811	0.1117
10.558333	2.35	4.12	22.22	-30.84	29.99	-16.13	2.5183	0.1125
10.566633	2.79	3.12	33.21	-32.23	29.33	-16.24	2.5545	0.1133
10.574933	3.2	1.45	43.2	-31.72	28.45	-15.97	2.587	0.1141
10.583333	3.68	-0.52	52.81	-29.69	27.4	-15.35	2.5997	0.1149
10.591633	3.97	-1.84	63.43	-28.23	26.29	-14.42	2.6124	0.1157
10.599933	3.69	-2.61	74.61	-28.07	25.02	-13.21	2.6317	0.1163
10.608333	2.43	-3.9	84.44	-29.11	22.63	-12.89	2.6546	0.1167
10.616633	1.39	-5.51	93.01	-29.6	19.81	-13.67	2.6777	0.1171
10.624933	0.32	-7.19	100.69	-29.19	17.25	-14.91	2.7014	0.1175
10.633333	-1.34	-8.36	108.91	-29.13	15.18	-16.22	2.7251	0.118
10.641633	-3.76	-8.77	118.16	-30.3	13.37	-17.64	2.7692	0.118
10.649933	-6.35	-8.05	124.24	-32.88	10.88	-18.58	2.8142	0.118
10.658333	-9.35	-7.31	125.19	-35.66	7.5	-19	2.848	0.118
10.666633	-12.2	-6.98	125.25	-38.33	4.14	-19.7	2.873	0.118
10.674933	-13.91	-6.21	128.73	-40.5	2.44	-19.92	2.8967	0.118
10.683333	-14.48	-5.01	135.36	-42.03	2.43	-19.45	2.8883	0.1193
10.691633	-13.87	-4.07	141.97	-42.43	3.29	-17.57	2.88	0.1205
10.699933	-11.89	-3.59	148.27	-41.97	4.47	-14.77	2.8996	0.121
10.708333	-8.39	-2.94	153.67	-42.86	6.07	-11.85	2.9349	0.121
10.716633	-4.03	-2.81	161.74	-44.63	8.98	-9.4	2.9677	0.121
10.724933	0.37	-3.73	172.24	-46.91	12.48	-7.99	2.9816	0.121
10.733333	3.18	-5.99	180.66	-49.5	14.7	-7.56	2.9954	0.121
10.741633	4.1	-9.26	184.63	-52.54	15.19	-7.65	2.9838	0.1206
10.749933	3.53	-12.22	184.62	-55.6	15.42	-7.49	2.9711	0.1202
10.758333	1.68	-14.4	183.42	-59.53	15.53	-8.42	2.9732	0.1202
10.766633	-0.86	-15.41	181.25	-64.63	15.21	-10.33	2.994	0.1206
10.774933	-3.69	-15.54	179.07	-68.9	14.15	-12.34	3.0147	0.121
10.783333	-6.86	-14.82	176.87	-72.34	12.5	-14.44	3.0322	0.1214
10.791633	-9.77	-12.62	174.58	-75.81	12.1	-16.37	3.0496	0.1218
10.799933	-11.39	-8.23	172.49	-79.82	13.89	-17.39	3.0489	0.1222
10.808333	-11.35	-3.23	172.55	-82.18	17.15	-17.06	3.0314	0.1226
10.816633	-9.78	0.05	175.99	-81.96	19.97	-16.02	3.016	0.123
10.824933	-7.09	2.29	180.53	-80.16	22.13	-14.48	3.016	0.1234
10.833333	-4.46	3.93	183.02	-77.78	23.64	-12.84	3.016	0.1238
10.841633	-2.44	4.61	183.27	-74.56	24.79	-11.21	3.0204	0.1237
10.849933	-2.17	3.25	179.27	-71.82	26.09	-10.69	3.0279	0.1233
10.858333	-3.99	-0.73	170.34	-69.73	26.76	-11.55	3.0312	0.1228
10.866633	-6.61	-5.67	162.12	-67.45	26.93	-12.48	3.0294	0.1225
10.874933	-9.24	-8.5	157.83	-66.45	27.41	-12.74	3.0276	0.1221
10.883333	-12.12	-8.19	156.16	-68.2	28.66	-12.66	3.0273	0.1217
10.891633	-14.56	-9.12	151.7	-68.07	30.31	-12.32	3.0278	0.1212
10.899933	-16.02	-12.12	147.35	-64.78	32.64	-11.47	3.0422	0.1208
10.908333	-17.43	-16.12	143.47	-61.85	35.03	-11.26	3.0696	0.1204
10.916633	-18.24	-19.3	142.36	-60.24	36.34	-11.33	3.097	0.12
10.924933	-17.85	-21.11	145.14	-59.1	36.35	-11.03	3.0933	0.12
10.933333	-16.9	-22.61	148.15	-57.2	35.91	-10.3	3.0895	0.12
10.941633	-16.58	-25.35	146.2	-55.31	34.91	-10.35	3.0913	0.12
10.949933	-16.91	-28.7	140.05	-54.29	33.05	-11.17	3.0969	0.12
10.958333	-18.16	-28.63	137.75	-58.19	30.76	-12.45	3.1003	0.12
10.966633	-19.97	-25.21	139.34	-66.51	28.41	-14.12	3.0786	0.1196
10.974933	-19.57	-19.79	144.72	-73.21	28.46	-14.75	3.0569	0.1191
10.983333	-16.31	-13.11	153.64	-75.93	31.32	-13.53	3.0549	0.1193
10.991633	-13.79	-8.87	161.81	-76.18	34.04	-11.68	3.062	0.1197
10.999933	-13.13	-8.19	166.71	-76.19	35.23	-10.73	3.0704	0.12
11.008333	-13.24	-8.8	169.25	-76.37	35.33	-10.49	3.0853	0.12
11.016633	-12.98	-8.88	169.65	-76.3	35.17	-10.8	3.1002	0.12
11.024933	-12.32	-8.73	167.53	-75.56	34.88	-11.64	3.0774	0.12
11.033333	-11.46	-11	160.77	-74.33	34.18	-12.11	3.0495	0.12
11.041633	-12.22	-15.55	149.03	-75.14	31.27	-12.45	3.0373	0.1198
11.049933	-14.73	-20.78	135.47	-77	26.45	-13.12	3.042	0.1194
11.058333	-15.52	-21.8	126.72	-77.82	22.86	-13.4	3.0468	0.119
11.066633	-14.08	-18.13	123.17	-77.47	20.86	-13.12	3.0566	0.119
11.074933	-10.59	-12.77	119.93	-77.04	19.47	-12.11	3.0666	0.119
11.083333	-6.21	-8.16	116.03	-76.07	18.18	-10.56	3.0761	0.1188
11.091633	-1.29	-4.11	112.36	-74.38	18.24	-8.15	3.0852	0.1184
11.099933	3.78	2.22	111.55	-72.16	20.29	-5.68	3.0941	0.118
11.108333	9	10.19	114.31	-68.87	23.84	-3.56	3.0966	0.1171
11.116633	14.51	16.91	118.65	-64.45	27.75	-1.99	3.0991	0.1163
11.124933	20.39	21.15	122.06	-59.68	31.76	-0.62	3.0832	0.1157
11.133333	24.27	23.58	120.82	-55.84	33.75	1.04	3.0568	0.1153
11.141633	25.19	24.96	118.75	-51.51	34.14	2.64	3.041	0.115
11.149933	24.26	25.44	117.12	-46.25	33.79	3.88	3.044	0.115
11.158333	23.28	25	116.65	-39.71	32.56	4.07	3.0469	0.115
11.166633	22.42	23.5	116.76	-32.08	29.68	3	3.0306	0.115
11.174933	20.56	21.44	115.11	-25.85	24.65	1	3.0136	0.115
11.183333	17.68	20.11	110.56	-22.04	18.32	-1.26	2.9936	0.1148
11.191633	14.3	19.63	104.38	-20.67	11.28	-3.2	2.9698	0.1144
11.199933	13.24	19.45	101.63	-20.39	6.24	-4.79	2.946	0.114
11.208333	14.52	19.36	102.27	-21.05	3.29	-6.14	2.9218	0.114
11.216633	16.36	17.84	103.57	-22.32	1.53	-7.83	2.8976	0.114
11.224933	17.33	14.7	103.9	-24.74	-0.13	-9.46	2.8834	0.1142
11.233333	17.82	11.82	104.42	-28.53	-1.42	-10.69	2.8784	0.1146
11.241633	19.19	10.69	107.54	-31.99	-1.21	-11.22	2.8731	0.115
11.249933	21.27	11.21	113.04	-35.05	0.32	-11.06	2.8656	0.1154
11.258333	22.92	12.83	118.79	-37.55	1.87	-10.83	2.858	0.1158
11.266633	23.64	15.47	123.64	-39.46	2.89	-11.07	2.8425	0.116
11.274933	23.1	18.07	124.22	-40.35	3.09	-11.66	2.8217	0.116
11.283333	21.9	21.92	121.72	-40.9	2.45	-11.73	2.7968	0.116
11.291633	20.43	27.13	117.82	-41.44	1.49	-11.26	2.7555	0.116
11.299933	18.67	31.98	113	-41.94	0.43	-10.6	2.7143	0.116
11.308333	16.38	35.22	106.55	-42.21	-0.87	-9.97	2.7049	0.116
11.316633	14.14	37.16	98.34	-42.09	-2.91	-9.29	2.6982	0.116
11.324933	12.58	38.25	89.2	-41.77	-5	-8.52	2.6843	0.1158
11.333333	11.2	38.24	79.83	-40.8	-7.09	-7.66	2.6636	0.1154
11.341633	10.07	38.19	74.24	-39.44	-8.83	-6.72	2.643	0.115
11.349933	9.28	38.22	72.67	-37.7	-10.17	-5.63	2.593	0.115
11.358333	8.98	38.15	72.93	-34.81	-11.28	-3.84	2.543	0.115
11.366633	8.83	37.87	73.43	-30.5	-12.64	-1.36	2.508	0.115
11.374933	8.66	37.19	76.31	-24.75	-14.26	1.16	2.483	0.115
11.383333	7.95	35.8	82.89	-17.77	-15.46	3.36	2.4588	0.115
11.391633	6.27	33.21	89.89	-10.43	-16.32	5.28	2.4438	0.1146
11.399933	3.42	28.9	91.68	-4.51	-16.96	7	2.4288	0.1141
11.408333	-0.25	23.01	87.8	-0.28	-17.43	8.53	2.4052	0.114
11.416633	-2.77	18.48	81.82	3.54	-17.89	9.76	2.3776	0.114
11.424933	-4.67	15.33	74.27	6.5	-18.69	10.13	2.35	0.1137
11.433333	-6.79	12.85	66.04	8.55	-20.1	9.59	2.3225	0.1128
11.441633	-9.92	10.45	55.98	9.64	-22.41	8.76	2.295	0.112
11.449933	-13.84	8.27	43.02	9.66	-25.51	7.95	2.2839	0.1112
11.458333	-16.77	7.6	29.53	8.23	-28.32	7.05	2.2728	0.1104
11.466633	-18.02	9.2	20.45	6.66	-30.74	5.99	2.2564	0.11
11.474933	-17.41	13.91	18.21	4.96	-32.53	5.1	2.2343	0.11
11.483333	-16.82	19.45	21.17	1.81	-33.36	4.68	2.2124	0.1099
11.491633	-17.18	23.7	27.37	-2.32	-34.03	4.11	2.193	0.1087
11.499933	-19.07	24.19	32.94	-6.69	-35.5	2.54	2.1736	0.1075
11.508333	-21.54	21.71	36.91	-11.24	-37.44	-0.01	2.1401	0.1067
11.516633	-22.4	19.14	43.26	-15.28	-38.84	-2.86	2.0957	0.1063
11.524933	-22.67	16.12	53.44	-17.47	-40.61	-5.9	2.0665	0.106
11.533333	-23.11	12.48	64.94	-18.69	-42.92	-9.05	2.0601	0.106
11.541633	-24.73	7.19	72.64	-19.91	-46.23	-12.6	2.0538	0.106
11.549933	-27.66	-0.39	74.62	-21.15	-50.75	-16.79	2.0218	0.1056
11.558333	-29.55	-6.19	77.1	-22.51	-55.01	-20.09	1.9864	0.1052
11.566633	-28.9	-6.93	83.21	-24.67	-57.78	-21.57	1.9684	0.1048
11.574933	-26.7	-4.21	90.2	-27.31	-59.56	-22.11	1.9692	0.1044
11.583333	-26.01	-2.26	92.04	-30.72	-61.88	-23.08	1.97	0.104
11.591633	-27.11	-1.4	88.33	-35.04	-64.85	-24.51	1.9476	0.1048
11.599933	-28.02	0.48	84.94	-40.13	-67.33	-25.16	1.9243	0.1056
11.608333	-27.9	3.56	84.6	-45.05	-69.11	-25.08	1.9051	0.1064
11.616633	-27.06	6.53	86.71	-48.16	-70.3	-24.92	1.8892	0.1072
11.624933	-27	7.02	86.86	-49.29	-71.57	-25.79	1.8733	0.108
11.633333	-27.87	5.01	84.67	-48.67	-73.02	-27.7	1.8567	0.1089
11.641633	-29.39	2.41	81.43	-48.11	-74.77	-29.37	1.84	0.1098
11.649933	-30.78	0.49	79.27	-47.89	-76.39	-30.12	1.8193	0.1109
11.658333	-31.05	0.74	79.07	-49.36	-76.62	-30.48	1.7973	0.112
11.666633	-31.2	1.52	77.64	-52	-76.14	-31.84	1.7766	0.113
11.674933	-31.25	2.03	75.82	-54.6	-75.34	-33.7	1.7652	0.113
11.683333	-30.92	2.56	75.3	-57.21	-74.61	-34.76	1.7538	0.113
11.691633	-30.13	3.53	76.24	-60.36	-73.9	-34.81	1.723	0.113
11.699933	-28.21	5.62	76.83	-64.25	-72.37	-34.07	1.6884	0.113
11.708333	-24.41	8.58	78.34	-67.42	-69.33	-32.92	1.6716	0.1128
11.716633	-19.93	11.85	79	-70.33	-65.65	-31.42	1.6776	0.1124
11.724933	-16.94	13.32	76.17	-72.01	-63.43	-29.16	1.6835	0.112
11.733333	-15.63	12.69	69.64	-72.2	-62.93	-26.03	1.6737	0.1112
11.741633	-13.95	12.96	63.24	-70.8	-61.55	-21.55	1.6624	0.1104
11.749933	-11.88	15.14	55.86	-69.39	-58.8	-16.38	1.6535	0.1098
11.758333	-10.11	17.74	47.11	-68.43	-55.84	-11.87	1.6467	0.1094
11.766633	-9.68	19.04	38.74	-67.83	-54.26	-8.8	1.64	0.109
11.774933	-10.51	19.3	30.7	-67.92	-53.74	-6.88	1.6246	0.1082
11.783333	-11.17	19.8	24.25	-68.98	-52.66	-5.52	1.6092	0.1073
11.791633	-10.54	21.06	21.04	-70.6	-50.24	-4.66	1.5991	0.1067
11.799933	-10.1	22.47	23.51	-70.1	-46.61	-4.2	1.5925	0.1063
11.808333	-12	21.8	27.21	-68.58	-44.02	-5.17	1.5867	0.106
11.816633	-15.47	19.26	30.45	-67.55	-42.99	-7.76	1.5825	0.106
11.824933	-18.66	16.63	31.09	-68.81	-43.14	-10.94	1.5783	0.106
11.833333	-21.12	14.91	29.4	-72.04	-43.69	-13.78	1.5875	0.106
11.841633	-22.89	12.8	30.96	-70.77	-43.48	-14.64	1.5978	0.106
11.849933	-24.24	9.59	36.27	-64.25	-43.29	-14.04	1.6043	0.1063
11.858333	-25.1	6.28	44.02	-54.57	-43.56	-12.81	1.6052	0.1072
11.866633	-23.96	4.57	50.35	-46.65	-44.65	-11.91	1.606	0.108
11.874933	-20.85	4.45	54.77	-40.89	-46.48	-11.35	1.5973	0.1088
11.883333	-18.2	5.1	56.04	-37.64	-47.87	-11.12	1.5885	0.1096
11.891633	-17.18	6.19	56.7	-34.64	-48.03	-10.89	1.5948	0.1106
11.899933	-17.29	6.7	62.06	-30.89	-48.15	-11.24	1.6173	0.1118
11.908333	-18.47	7.33	68.11	-32.29	-50.07	-14.23	1.6372	0.113
11.916633	-20.73	8.26	72	-38.52	-53.39	-19.29	1.6266	0.1135
11.924933	-24.11	8.91	67.64	-46.72	-56.63	-24.2	1.6161	0.1139
11.933333	-28.67	8.21	56.48	-54.64	-59.32	-28.06	1.6296	0.1143
11.941633	-32.93	6.53	45.3	-62.11	-61.84	-31.72	1.649	0.1147
11.949933	-34.8	4.59	39.12	-67.24	-64.97	-35.27	1.6637	0.115
11.958333	-34.68	2.38	37.27	-69.91	-68.64	-38.17	1.666	0.115
11.966633	-33.79	0.88	33.26	-70.85	-71.57	-38.88	1.6684	0.115
11.974933	-32.27	0.26	25.69	-70.25	-73.39	-37.29	1.669	0.115
11.983333	-30.62	-0.48	16.83	-67.84	-73.74	-34.52	1.669	0.115
11.991633	-28.84	-1.78	14.05	-64.41	-73.64	-31.99	1.6639	0.1148
11.999933	-26.51	-3.16	17.1	-61.1	-73.27	-30.06	1.6499	0.1144
12.008333	-24.78	-4.69	19.31	-58.47	-72.35	-28.03	1.6375	0.1139
12.016633	-23.97	-6.51	18.66	-55.94	-70.7	-25.35	1.6442	0.1131
12.024933	-23.07	-8.86	16.04	-50.6	-67.9	-21.16	1.6509	0.1123
12.033333	-21.39	-11.69	12.64	-42.68	-64.04	-16.43	1.6568	0.1115
12.041633	-18.84	-13.76	10.48	-35.98	-59.34	-12.64	1.6623	0.1107
12.049933	-14.93	-13.86	10.79	-32.25	-54.6	-9.71	1.6716	0.11
12.058333	-10.08	-12.1	13.28	-30.45	-49.64	-7.43	1.7003	0.11
12.066633	-6.04	-9.32	17.2	-26.04	-43.73	-4.79	1.7291	0.11
12.074933	-2.95	-5.88	22.55	-18.68	-36.91	-1.66	1.7466	0.1106
12.083333	-0.67	-3.15	27.8	-11.04	-30.76	1.26	1.7604	0.1114
12.091633	0.22	-0.9	32.72	-6.17	-25.72	2.55	1.7736	0.1123
12.099933	0.54	2.15	37.47	-4.19	-21.78	2.43	1.7842	0.1137
12.108333	0.87	5.83	40.15	-1.42	-18.74	2.59	1.7949	0.115
12.116633	0.86	9.35	40.07	3.22	-16.51	3.4	1.8056	0.1146
12.124933	-1.02	10.59	37.25	8.25	-15.03	4.03	1.8163	0.1142
12.133333	-3.42	9.89	32.65	10.3	-14.84	3.82	1.821	0.1128
12.141633	-5.65	8.43	27.73	9.36	-16.15	3.39	1.821	0.1108
12.149933	-7.58	8.22	24.71	7.41	-17.65	3.51	1.8259	0.1086
12.158333	-9.11	8.79	23.39	4.7	-19.17	3.81	1.8564	0.1062
12.166633	-10.69	7.41	23.04	2.14	-20.15	2.96	1.887	0.1039
12.174933	-12.96	3.1	23.55	-0.19	-20.61	0.8	1.8975	0.1019
12.183333	-15.81	-2.78	25.55	-2	-20.83	-1.68	1.8966	0.1003
12.191633	-17.43	-7.66	29.6	-2.77	-21.13	-3.5	1.9002	0.0988
12.199933	-18.09	-11.31	35.31	-3.11	-21.58	-4.98	1.9177	0.098
12.208333	-18.7	-14.61	41.08	-3.27	-21.86	-6.94	1.9351	0.0972
12.216633	-19.63	-18.13	46.13	-3.15	-21.75	-9.7	1.9587	0.0967
12.224933	-19.72	-21.22	49.53	-3.23	-20.22	-12.98	1.9846	0.0962
12.233333	-19.32	-22.41	51.89	-4.31	-17.87	-15.67	2.0158	0.0964
12.241633	-19.23	-22.46	53.64	-5.85	-15.95	-17.63	2.0511	0.0972
12.249933	-19.6	-22.74	54.44	-7.75	-14.96	-19.7	2.0858	0.098
12.258333	-20.31	-23.43	53.45	-10.23	-14.57	-22.13	2.1071	0.0993
12.266633	-20.72	-23.39	46.59	-13.77	-13.02	-24.04	2.1283	0.1005
12.274933	-20.65	-22.78	34.14	-17.9	-10.25	-25.18	2.1385	0.1015
12.283333	-19.26	-21.1	21.92	-22.47	-7.42	-25.62	2.1425	0.1023
12.291633	-17.49	-18.33	13.3	-27.19	-6.13	-25.29	2.1491	0.1031
12.299933	-15.85	-15.06	7.49	-31.66	-6.09	-24.23	2.1754	0.1039
12.308333	-15.55	-12.83	0.86	-34.76	-4.8	-22.65	2.2016	0.1048
12.316633	-16.16	-11.22	0	-36.8	-1.54	-20.62	2.2264	0.1064
12.324933	-15.04	-8.84	0	-36.35	2.96	-17.46	2.2506	0.1084
12.333333	-12.3	-6.91	0	-32.23	6.95	-13.7	2.276	0.1105
12.341633	-8.54	-5.31	0	-25.73	9.91	-9.79	2.3058	0.1132
12.349933	-6.15	-4.18	0	-20.29	11.64	-6.89	2.3356	0.1158
12.358333	-5.46	-3.74	0	-15.97	12.55	-4.97	2.3823	0.1174
12.366633	-6.1	-5.59	0	-10.63	11.85	-3.5	2.4304	0.1189
12.374933	-6.06	-7.42	0	-5.95	8.32	-2.38	2.4683	0.1201
12.383333	-4.6	-8.38	0	-1.4	3.52	-1.37	2.4802	0.1206
12.391633	-3.91	-9.48	0	2.06	-1.04	-1.1	2.492	0.121
12.399933	-4.18	-10.62	0	3.94	-5.41	-1.61	2.547	0.1198
12.408333	-4.25	-9.17	0	1.16	-10.31	-2.2	2.602	0.1185
12.416633	-2.59	-5.49	0	-2.99	-14.46	-1.65	2.6261	0.117
12.424933	-0.16	-1.57	0.5	-6.68	-17.9	-0.59	2.6297	0.1155
12.433333	2.72	3.86	8.87	-11.59	-20.17	0.18	2.6355	0.114
12.441633	6.1	10.78	20.54	-17.72	-21.23	0.76	2.6663	0.1136
12.449933	9.54	18.28	32.51	-25.45	-22.44	1.4	2.6971	0.1131
12.458333	12.55	25.82	43.7	-35.12	-24.83	1.94	2.7302	0.113
12.466633	15.41	32.91	53.31	-44.94	-27.91	2.23	2.7643	0.113
12.474933	17.64	36.73	63.36	-50.11	-30.32	2	2.7964	0.1131
12.483333	18.99	37.42	74.27	-51.31	-31.75	1.31	2.8176	0.1135
12.491633	20.14	37.13	84.17	-51.09	-31.81	0.89	2.8389	0.1139
12.499933	21.48	36.73	91.78	-50.4	-30.6	0.93	2.8733	0.1147
12.508333	22.44	35.54	95.53	-50.19	-29.64	0.39	2.9119	0.1155
12.516633	22.73	33.6	96.83	-50.56	-29.16	-1.2	2.9416	0.1168
12.524933	22.16	31.15	97.4	-50.32	-28.43	-3.34	2.9616	0.1185
12.533333	20.24	28.58	99.6	-49.91	-27.3	-5.51	2.9804	0.1202
12.541633	16.9	25.76	103.34	-49.97	-26.04	-7.73	2.9851	0.1221
12.549933	12.59	21.4	106.13	-50.81	-25.82	-10.43	2.9899	0.1241
12.558333	7.58	15.34	107.51	-51.7	-26.97	-13.71	2.9885	0.1262
12.566633	4.23	9.97	109.7	-51.12	-28.1	-15.78	2.9823	0.1282
12.574933	4.35	7.3	115.71	-47.33	-26.99	-14.73	2.9781	0.1301
12.583333	6.73	6.71	124	-41.05	-24.09	-11.41	2.9848	0.1305
12.591633	7.63	6	127.98	-35.68	-21.62	-8.98	2.9916	0.1309
12.599933	7.21	5	126.3	-32.19	-20.14	-7.83	3.0063	0.1307
12.608333	7.02	2.93	121.55	-29.03	-18.42	-6.61	3.0254	0.1303
12.616633	6.93	0.88	115.9	-25.15	-15.6	-4.92	3.0394	0.1298
12.624933	7.46	-0.35	109.83	-20.57	-11.85	-2.79	3.0367	0.1289
12.633333	6.73	-2.46	101.65	-16.73	-8.6	-1.95	3.0341	0.128
12.641633	3.39	-6.73	90.32	-14.49	-6.61	-3.38	3.06	0.1276
12.649933	-2.08	-12.08	80.37	-14.73	-6.44	-6.93	3.0871	0.1272
12.658333	-5.76	-16.52	76.67	-15.22	-6.6	-9.94	3.1012	0.1268
12.666633	-7.2	-19.37	77.18	-16.34	-6.45	-12.4	3.1052	0.1264
12.674933	-7.51	-19.04	77.85	-19.79	-6.44	-15.61	3.1085	0.126
12.683333	-6.42	-16.02	79.51	-24.44	-6.36	-18.91	3.0958	0.1256
12.691633	-3.35	-12.87	84.72	-26.53	-5.16	-20.01	3.0831	0.1252
12.699933	1.29	-10.21	93.1	-26.06	-2.7	-18.89	3.0777	0.1248
12.708333	5.01	-6.27	98.99	-28.16	-1.31	-18.24	3.079	0.1243
12.716633	8.45	-1.42	99.18	-31.46	-0.05	-17.5	3.0803	0.124
12.724933	11.09	3.26	93.68	-35.49	1.37	-16.48	3.0816	0.124
12.733333	11.81	5.75	84.5	-39.24	2.66	-14.98	3.0829	0.124
12.741633	10.29	5.53	73.66	-42.26	3.31	-12.94	3.0986	0.124
12.749933	9.32	5.6	63.2	-42.75	4.6	-9.96	3.1149	0.124
12.758333	7.82	7.71	50.1	-44.45	5.7	-8.27	3.1147	0.1242
12.766633	4.65	10.92	32.8	-48.32	5.85	-8.34	3.0934	0.1246
12.774933	1.27	12.53	15.41	-50.06	6.71	-7.85	3.0735	0.125
12.783333	-2.08	12.63	0	-49.48	8.32	-6.69	3.0854	0.1246
12.791633	-3.9	13.6	0	-47.34	10.01	-5.08	3.0973	0.1242
12.799933	-3.52	16.77	0	-44.26	11.4	-3.21	3.0917	0.124
12.808333	-1.29	21.43	0	-38.64	12.88	-0.48	3.0701	0.124
12.816633	-0.52	24.72	0	-32.29	13.18	2.44	3.0508	0.124
12.824933	-0.64	26.47	0	-26.62	11.9	4.59	3.0488	0.1236
12.833333	0.19	27.45	0	-22.42	9.29	5.25	3.0468	0.1232
12.841633	3.03	28.53	0	-18.81	6.05	4.83	3.0277	0.1224
12.849933	5.58	28.85	0	-16.83	2.17	3.31	2.9971	0.1215
12.858333	5.82	26.8	0	-16.72	-1.95	0.7	2.9647	0.1207
12.866633	4.72	22.89	0	-16.52	-5.99	-2.43	2.9299	0.12
12.874933	3.42	18.2	0	-16.15	-10.08	-6.19	2.8951	0.1192
12.883333	2.05	13.14	0	-16.78	-14.53	-11.04	2.8683	0.1187
12.891633	1.27	9.14	3.15	-18.85	-18.99	-15.19	2.8451	0.1182
12.899933	0.37	6.38	13.6	-20.6	-22.97	-17.44	2.8204	0.1178
12.908333	-1.81	3.2	21.79	-21.25	-26.07	-18.38	2.7942	0.1174
12.916633	-3.88	-0.85	24.65	-19.2	-27.98	-18.36	2.768	0.117
12.924933	-4.76	-5.24	22.51	-14.14	-28.63	-17.39	2.7597	0.117
12.933333	-4.91	-8.14	20.69	-10.41	-28.01	-16.51	2.7513	0.117
12.941633	-5.2	-10.04	20.18	-9.78	-26.42	-16.26	2.732	0.117
12.949933	-5.6	-11.57	21.41	-10.76	-23.88	-16.36	2.7055	0.117
12.958333	-7.3	-14.3	20.33	-10.79	-20.35	-17.54	2.6777	0.1169
12.966633	-10.23	-17.84	17.01	-10.17	-15.96	-19.7	2.6365	0.1161
12.974933	-12.8	-18.57	16.28	-11.36	-11.82	-21.83	2.5952	0.1153
12.983333	-14.24	-15.37	21.14	-14.88	-8.19	-23.54	2.5804	0.1147
12.991633	-15.41	-11.95	28.11	-19.22	-6.2	-25.64	2.578	0.1143
12.999933	-16.95	-11.11	32.52	-21.83	-6.37	-27.76	2.5731	0.114
13.008333	-18.64	-11.37	35.79	-22.53	-7.05	-29.2	2.5551	0.114
13.016633	-20.28	-10.46	39.08	-22.6	-6.45	-29.44	2.5372	0.114
13.024933	-21.91	-8.09	42.18	-22.76	-4.57	-28.62	2.5119	0.1133
13.033333	-24.25	-6.9	42.64	-23.86	-4.77	-28.53	2.4857	0.1124
13.041633	-27.74	-8.95	40.06	-24.3	-6.47	-29.7	2.456	0.1118
13.049933	-31.13	-13.36	35.61	-23.51	-8.17	-31.21	2.4227	0.1114
13.058333	-32.65	-15.92	33.33	-22.35	-7.57	-31.48	2.3893	0.111
13.066633	-32.2	-16.12	33.47	-21.03	-4.55	-30.44	2.3916	0.1094
