---- AnyBody Output File ---------------------------------
Study: Main.Studies.MotionOptimization
Operation: Main.Studies.MotionOptimization.Kinematics
----------------------------------------------------------
Constants (Name = Value): 
Main.Studies.KinematicStudyForParameterIdentification.JointAngleOutputs.OutputFile7.FileName = "..\Input\Subjects\PS\Overground Gait Trials\PS_rightturn6\PS_rightturn6-output-euler-rightarm.txt"
Main.Studies.KinematicStudyForParameterIdentification.JointAngleOutputs.OutputFile7.NumberFormat.Digits = 15
Main.Studies.KinematicStudyForParameterIdentification.JointAngleOutputs.OutputFile7.NumberFormat.Width = 22
Main.Studies.KinematicStudyForParameterIdentification.JointAngleOutputs.OutputFile7.NumberFormat.Style = ScientificNumber
Main.Studies.KinematicStudyForParameterIdentification.JointAngleOutputs.OutputFile7.NumberFormat.FormatStr = "%22.15e"
Main.Studies.KinematicStudyForParameterIdentification.JointAngleOutputs.OutputFile7.Search = 
Main.Studies.KinematicStudyForParameterIdentification.JointAngleOutputs.OutputFile7.Format = 0
Main.Studies.KinematicStudyForParameterIdentification.JointAngleOutputs.OutputFile7.SepSign = " "
Main.Studies.KinematicStudyForParameterIdentification.JointAngleOutputs.OutputFile7.LineSepSign = ""
Main.Studies.KinematicStudyForParameterIdentification.JointAngleOutputs.OutputFile7.Header.TitleSectionOnOff = On
Main.Studies.KinematicStudyForParameterIdentification.JointAngleOutputs.OutputFile7.Header.ConstSectionOnOff = On
Main.Studies.KinematicStudyForParameterIdentification.JointAngleOutputs.OutputFile7.Header.ConstSectionSaveOptionsOnOff = On
Main.Studies.KinematicStudyForParameterIdentification.JointAngleOutputs.OutputFile7.Header.VarSectionOnOff = On
Main.Studies.KinematicStudyForParameterIdentification.JointAngleOutputs.OutputFile7.Header.ColumnNamesOnOff = On
Main.Studies.KinematicStudyForParameterIdentification.JointAngleOutputs.OutputFile7.Header.LinePrefix = ""
Main.Studies.KinematicStudyForParameterIdentification.JointAngleOutputs.OutputFile7.ConstSectionSaveOptionsOnOff = On
----------------------------------------------------------
Variables (Column# Name): 
col0  Main.Studies.MotionOptimization.t
col1  Main.Studies.KinematicStudyForParameterIdentification.JointAngleOutputs.OutputFile7.SternoClavicularProtraction
col2  Main.Studies.KinematicStudyForParameterIdentification.JointAngleOutputs.OutputFile7.SternoClavicularElevation
col3  Main.Studies.KinematicStudyForParameterIdentification.JointAngleOutputs.OutputFile7.SternoClavicularAxialRotation
col4  Main.Studies.KinematicStudyForParameterIdentification.JointAngleOutputs.OutputFile7.GlenohumeralFlexion
col5  Main.Studies.KinematicStudyForParameterIdentification.JointAngleOutputs.OutputFile7.GlenohumeralExternalRotation
col6  Main.Studies.KinematicStudyForParameterIdentification.JointAngleOutputs.OutputFile7.GlenohumeralAbduction
col7  Main.Studies.KinematicStudyForParameterIdentification.JointAngleOutputs.OutputFile7.ElbowFlexion
col8  Main.Studies.KinematicStudyForParameterIdentification.JointAngleOutputs.OutputFile7.ElbowPronation
col9  Main.Studies.KinematicStudyForParameterIdentification.JointAngleOutputs.OutputFile7.WristFlexion
col10  Main.Studies.KinematicStudyForParameterIdentification.JointAngleOutputs.OutputFile7.WristAbduction
----------------------------------------------------------
Main.Studies.MotionOptimization.t Main.Studies.KinematicStudyForParameterIdentification.JointAngleOutputs.OutputFile7.SternoClavicularProtraction Main.Studies.KinematicStudyForParameterIdentification.JointAngleOutputs.OutputFile7.SternoClavicularElevation Main.Studies.KinematicStudyForParameterIdentification.JointAngleOutputs.OutputFile7.SternoClavicularAxialRotation Main.Studies.KinematicStudyForParameterIdentification.JointAngleOutputs.OutputFile7.GlenohumeralFlexion Main.Studies.KinematicStudyForParameterIdentification.JointAngleOutputs.OutputFile7.GlenohumeralExternalRotation Main.Studies.KinematicStudyForParameterIdentification.JointAngleOutputs.OutputFile7.GlenohumeralAbduction Main.Studies.KinematicStudyForParameterIdentification.JointAngleOutputs.OutputFile7.ElbowFlexion Main.Studies.KinematicStudyForParameterIdentification.JointAngleOutputs.OutputFile7.ElbowPronation Main.Studies.KinematicStudyForParameterIdentification.JointAngleOutputs.OutputFile7.WristFlexion Main.Studies.KinematicStudyForParameterIdentification.JointAngleOutputs.OutputFile7.WristAbduction
5.020000000000000e+000 -5.534578541136461e-001 2.549495061668967e-001 -3.490658503156478e-001 5.967676058010851e-002 2.686757287515151e-001 2.168759640816584e-001 6.926618730029356e-001 -2.107342425544702e-008 4.440892098500626e-016 0.000000000000000e+000
5.028118279569892e+000 -5.529632967174448e-001 2.562940288224369e-001 -3.490658396433095e-001 6.090387907179751e-002 2.645834183588877e-001 2.191380009501405e-001 6.976048945487354e-001 2.980232238769531e-008 -2.220446049250313e-016 0.000000000000000e+000
5.036236559139784e+000 -5.522561957010566e-001 2.573583821186820e-001 -3.490658450782386e-001 6.167301011931747e-002 2.599924433042311e-001 2.214524796943441e-001 7.028931495708086e-001 0.000000000000000e+000 -2.220446049250313e-016 0.000000000000000e+000
5.044354838709676e+000 -5.513161049094963e-001 2.581451256348397e-001 -3.490658522860013e-001 6.199654856233394e-002 2.550743546157474e-001 2.237991890801678e-001 7.084562836013691e-001 0.000000000000000e+000 0.000000000000000e+000 0.000000000000000e+000
5.052473118279568e+000 -5.502138101974209e-001 2.586959165741889e-001 -3.490658606314820e-001 6.190953352420547e-002 2.500396653345917e-001 2.261791415072007e-001 7.141923062702293e-001 -2.580956827951785e-008 -4.440892098500626e-016 0.000000000000000e+000
5.060591397849461e+000 -5.490555265407483e-001 2.590699118629107e-001 -3.490658688019742e-001 6.146237867734361e-002 2.451212623632698e-001 2.285937953115376e-001 7.199867434373140e-001 0.000000000000000e+000 0.000000000000000e+000 0.000000000000000e+000
5.068709677419353e+000 -5.479690806386042e-001 2.593381807615138e-001 -3.490658754008423e-001 6.072577268686419e-002 2.405331534617630e-001 2.310459971887700e-001 7.256867028265355e-001 0.000000000000000e+000 0.000000000000000e+000 0.000000000000000e+000
5.076827956989245e+000 -5.470796045122804e-001 2.595768560149758e-001 -3.490658792987769e-001 5.978762710473107e-002 2.364137793720184e-001 2.335410003696258e-001 7.310830322163032e-001 0.000000000000000e+000 2.220446049250313e-016 0.000000000000000e+000
5.084946236559137e+000 -5.464782453986934e-001 2.598545235835692e-001 -3.490658799991759e-001 5.874376879558607e-002 2.327920858003192e-001 2.360824545797382e-001 7.359191791831869e-001 0.000000000000000e+000 -2.220446049250313e-016 0.000000000000000e+000
5.093064516129029e+000 -5.462131402560772e-001 2.602230377054910e-001 -3.490658778099735e-001 5.769137220318399e-002 2.296190131146486e-001 2.386663675639426e-001 7.399250531968206e-001 0.000000000000000e+000 4.440892098500626e-016 0.000000000000000e+000
5.101182795698922e+000 -5.463027285063126e-001 2.607138313255784e-001 -3.490658736427227e-001 5.672011182136449e-002 2.268243751912536e-001 2.412780899267772e-001 7.428710283777457e-001 0.000000000000000e+000 -4.440892098500626e-016 0.000000000000000e+000
5.109301075268814e+000 -5.467439283260505e-001 2.613258310066826e-001 -3.490658685904385e-001 5.589674784971455e-002 2.243259670951707e-001 2.438915226497806e-001 7.446161331254056e-001 2.580956827951785e-008 -2.220446049250313e-016 0.000000000000000e+000
5.117419354838706e+000 -5.475096027600742e-001 2.620068462115384e-001 -3.490658635819677e-001 5.525868904518583e-002 2.219947429954913e-001 2.464718959924300e-001 7.451110299925308e-001 0.000000000000000e+000 0.000000000000000e+000 0.000000000000000e+000
5.125537634408598e+000 -5.485441795377536e-001 2.626566284713883e-001 -3.490658592554690e-001 5.482663460386439e-002 2.196391126183308e-001 2.489835671244035e-001 7.443646454638683e-001 1.490116119384766e-008 2.220446049250313e-016 0.000000000000000e+000
5.133655913978490e+000 -5.497541730011637e-001 2.631539439476520e-001 -3.490658559703175e-001 5.461113987168154e-002 2.170447366264180e-001 2.513900972161751e-001 7.424383072816345e-001 0.000000000000000e+000 -4.440892098500626e-016 0.000000000000000e+000
5.141774193548383e+000 -5.509929378406452e-001 2.633668458689613e-001 -3.490658538378209e-001 5.459025018316321e-002 2.140393083566710e-001 2.536328099029227e-001 7.394845589887187e-001 0.000000000000000e+000 -4.440892098500626e-016 0.000000000000000e+000
5.149892473118275e+000 -5.520599645306051e-001 2.631403466831275e-001 -3.490658527608677e-001 5.468445996825277e-002 2.105341802480269e-001 2.556021369758019e-001 7.357714777950262e-001 0.000000000000000e+000 4.440892098500626e-016 0.000000000000000e+000
5.158010752688167e+000 -5.527284646436369e-001 2.623012241199341e-001 -3.490658525235832e-001 5.476838466400147e-002 2.065456495028464e-001 2.571311795420692e-001 7.316584607370081e-001 0.000000000000000e+000 -4.440892098500626e-016 0.000000000000000e+000
5.166129032258059e+000 -5.527857268087043e-001 2.606771638006205e-001 -3.490658529209690e-001 5.471662932498966e-002 2.022069938629352e-001 2.580169702569346e-001 7.275422080672095e-001 1.490116119384766e-008 -2.220446049250313e-016 0.000000000000000e+000
5.174247311827951e+000 -5.520742598581756e-001 2.581078709177769e-001 -3.490658538490471e-001 5.444192298565209e-002 1.977461844184167e-001 2.580527900603548e-001 7.237884904980242e-001 0.000000000000000e+000 -4.440892098500626e-016 0.000000000000000e+000
5.182365591397844e+000 -5.505332441408494e-001 2.544805710853635e-001 -3.490658552865811e-001 5.388967857570925e-002 1.934277369112476e-001 2.570621674889966e-001 7.206642134342101e-001 0.000000000000000e+000 2.220446049250313e-016 0.000000000000000e+000
5.190483870967736e+000 -5.482207716127674e-001 2.498058584846095e-001 -3.490658571812719e-001 5.300656741198151e-002 1.895015036386317e-001 2.549333065320087e-001 7.182906092053569e-001 0.000000000000000e+000 2.220446049250313e-016 0.000000000000000e+000
5.198602150537628e+000 -5.452991104566165e-001 2.442783935568169e-001 -3.490658593110700e-001 5.173513085255688e-002 1.861897835934329e-001 2.516450574804174e-001 7.166289220130382e-001 1.490116119384766e-008 -2.220446049250313e-016 0.000000000000000e+000
5.206720430107520e+000 -5.419956929403960e-001 2.382819568024890e-001 -3.490658612378141e-001 5.004675860995822e-002 1.836991855848138e-001 2.472738506333105e-001 7.155036743696274e-001 0.000000000000000e+000 0.000000000000000e+000 0.000000000000000e+000
5.214838709677412e+000 -5.385648188745228e-001 2.323454288068856e-001 -3.490658624519973e-001 4.797563122521509e-002 1.822187594437702e-001 2.419827497646343e-001 7.146460056269977e-001 -1.490116119384766e-008 4.440892098500626e-016 0.000000000000000e+000
5.222956989247304e+000 -5.352711755351719e-001 2.270534509654432e-001 -3.490658626164448e-001 4.562775006142927e-002 1.818911591907339e-001 2.360006093943511e-001 7.137341854336060e-001 2.107342425544702e-008 0.000000000000000e+000 0.000000000000000e+000
5.231075268817197e+000 -5.323922048179636e-001 2.229211742241528e-001 -3.490658617142223e-001 4.316973534214319e-002 1.827737438566602e-001 2.295949796381264e-001 7.124351225064751e-001 0.000000000000000e+000 2.220446049250313e-016 0.000000000000000e+000
5.239193548387089e+000 -5.302082233366362e-001 2.202736918899797e-001 -3.490658600296384e-001 4.080162246982289e-002 1.847961026979524e-001 2.230399634072918e-001 7.104447572864694e-001 0.000000000000000e+000 -2.220446049250313e-016 0.000000000000000e+000
5.247311827956981e+000 -5.289654412037340e-001 2.191753208315952e-001 -3.490658579974776e-001 3.871323309226815e-002 1.877279005796969e-001 2.165829416766922e-001 7.075244746628245e-001 0.000000000000000e+000 4.440892098500626e-016 0.000000000000000e+000
5.255430107526873e+000 -5.288235216668299e-001 2.194262839853081e-001 -3.490658560109872e-001 3.703867026322172e-002 1.911983847631573e-001 2.104129979925830e-001 7.035489236410981e-001 0.000000000000000e+000 0.000000000000000e+000 0.000000000000000e+000
5.263548387096765e+000 -5.298023629251225e-001 2.206172696585800e-001 -3.490658542999918e-001 3.583347254029068e-002 1.947731980139987e-001 2.046345888758156e-001 6.985519976427537e-001 0.000000000000000e+000 0.000000000000000e+000 0.000000000000000e+000
5.271666666666658e+000 -5.317541488242091e-001 2.222198509384623e-001 -3.490658529230919e-001 3.508173816671389e-002 1.980434416127821e-001 1.992571859891591e-001 6.927311514819369e-001 0.000000000000000e+000 2.220446049250313e-016 0.000000000000000e+000
5.279784946236550e+000 -5.343866371246245e-001 2.236872560118306e-001 -3.490658518336040e-001 3.471724678499633e-002 2.006893986424305e-001 1.942111524252763e-001 6.864028701241498e-001 -1.490116119384766e-008 -4.440892098500626e-016 0.000000000000000e+000
5.287903225806442e+000 -5.373258518777068e-001 2.245491402493662e-001 -3.490658509581999e-001 3.464389713930838e-002 2.025012450110602e-001 1.893864197527224e-001 6.799329159974156e-001 0.000000000000000e+000 -2.220446049250313e-016 0.000000000000000e+000
5.296021505376334e+000 -5.401826036931160e-001 2.244930417452291e-001 -3.490658502569464e-001 3.475287803719995e-002 2.033591544905425e-001 1.846754634708804e-001 6.736660971650842e-001 0.000000000000000e+000 0.000000000000000e+000 0.000000000000000e+000
5.304139784946226e+000 -5.426061999223599e-001 2.234115676004052e-001 -3.490658497624046e-001 3.493548238404909e-002 2.032049878435095e-001 1.800008766442213e-001 6.678777798636165e-001 0.000000000000000e+000 0.000000000000000e+000 0.000000000000000e+000
5.312258064516119e+000 -5.443304005738467e-001 2.213896532263311e-001 -3.490658495947303e-001 3.509336246271011e-002 2.020314243684915e-001 1.753241966370042e-001 6.627527381382563e-001 0.000000000000000e+000 -4.440892098500626e-016 0.000000000000000e+000
5.320376344086011e+000 -5.452104868249328e-001 2.186385744398158e-001 -3.490658499248304e-001 3.515072152510523e-002 1.998797949880355e-001 1.706452460337118e-001 6.583783778670902e-001 0.000000000000000e+000 6.661338147750939e-016 0.000000000000000e+000
5.328494623655903e+000 -5.452363652711066e-001 2.154137395092826e-001 -3.490658508649032e-001 3.506229483171652e-002 1.968321973299991e-001 1.659957800456968e-001 6.547533364049155e-001 0.000000000000000e+000 -2.220446049250313e-016 0.000000000000000e+000
5.336612903225795e+000 -5.445187224139640e-001 2.119531087794753e-001 -3.490658523522573e-001 3.480764469811226e-002 1.930140925764837e-001 1.614265636800137e-001 6.518236426944907e-001 0.000000000000000e+000 -4.440892098500626e-016 0.000000000000000e+000
5.344731182795687e+000 -5.432613306919603e-001 2.084550454602248e-001 -3.490658541434349e-001 3.437711247722763e-002 1.886239218810069e-001 1.569924058973487e-001 6.495300171941205e-001 0.000000000000000e+000 4.440892098500626e-016 0.000000000000000e+000
5.352849462365580e+000 -5.417224163311823e-001 2.050874414175463e-001 -3.490658559132641e-001 3.376261044325180e-002 1.839498146964236e-001 1.527417868494347e-001 6.478211562351911e-001 2.107342425544702e-008 -4.440892098500626e-016 0.000000000000000e+000
5.360967741935472e+000 -5.401630055491571e-001 2.019981888056264e-001 -3.490658573503168e-001 3.295716633339296e-002 1.793269849074931e-001 1.487132809389782e-001 6.466198983439622e-001 0.000000000000000e+000 -2.220446049250313e-016 0.000000000000000e+000
5.369086021505364e+000 -5.387901637599890e-001 1.993047991803383e-001 -3.490658582345210e-001 3.195657721381884e-002 1.750618976218767e-001 1.449345733592137e-001 6.457932760826269e-001 -1.490116119384766e-008 -2.220446049250313e-016 0.000000000000000e+000
5.377204301075256e+000 -5.377089053922785e-001 1.970727716752920e-001 -3.490658585376803e-001 3.075877801183458e-002 1.713769456819254e-001 1.414183303673536e-001 6.451691384305939e-001 -1.490116119384766e-008 -4.440892098500626e-016 0.000000000000000e+000
5.385322580645148e+000 -5.369082645612164e-001 1.953064503542787e-001 -3.490658584669669e-001 2.936868368316770e-002 1.683947279063781e-001 1.381584630451133e-001 6.445719432711904e-001 0.000000000000000e+000 -2.220446049250313e-016 0.000000000000000e+000
5.393440860215041e+000 -5.363000959473970e-001 1.939565241445016e-001 -3.490658583383320e-001 2.781612177878556e-002 1.661513509883993e-001 1.351354115306415e-001 6.438352226392418e-001 -1.490116119384766e-008 0.000000000000000e+000 0.000000000000000e+000
5.401559139784933e+000 -5.357882825723250e-001 1.929354539598522e-001 -3.490658583644347e-001 2.617312469657529e-002 1.646253130787347e-001 1.323262839730923e-001 6.427970932345895e-001 0.000000000000000e+000 -2.220446049250313e-016 0.000000000000000e+000
5.409677419354825e+000 -5.353265061317803e-001 1.921396603506989e-001 -3.490658585641939e-001 2.454909381400694e-002 1.637827969701376e-001 1.297058743347240e-001 6.413115457304659e-001 0.000000000000000e+000 0.000000000000000e+000 0.000000000000000e+000
5.417795698924717e+000 -5.349373367404927e-001 1.914713949396731e-001 -3.490658588381555e-001 2.306634416042508e-002 1.636153572770092e-001 1.272385782080687e-001 6.392765008803332e-001 0.000000000000000e+000 -2.220446049250313e-016 0.000000000000000e+000
5.425913978494609e+000 -5.346841603236124e-001 1.908454140449689e-001 -3.490658590888129e-001 2.183189511512196e-002 1.641217071405897e-001 1.248775190069553e-001 6.366503786742556e-001 0.000000000000000e+000 0.000000000000000e+000 0.000000000000000e+000
5.434032258064502e+000 -5.346180203563565e-001 1.901835343635581e-001 -3.490658592828165e-001 2.091706923440984e-002 1.652532305348103e-001 1.225773984976497e-001 6.334473911551434e-001 0.000000000000000e+000 2.220446049250313e-016 0.000000000000000e+000
5.442150537634394e+000 -5.347461611673625e-001 1.894124150914434e-001 -3.490658594385982e-001 2.035468651415595e-002 1.669025465962088e-001 1.203067558391736e-001 6.297235173278648e-001 0.000000000000000e+000 2.220446049250313e-016 0.000000000000000e+000
5.450268817204286e+000 -5.350437066726483e-001 1.884678872636487e-001 -3.490658595910972e-001 2.014621139373984e-002 1.689555044107803e-001 1.180473433498883e-001 6.255666233747081e-001 0.000000000000000e+000 -4.440892098500626e-016 0.000000000000000e+000
5.458387096774178e+000 -5.354816264996123e-001 1.873028048343433e-001 -3.490658597817054e-001 2.026356671278107e-002 1.713447671866848e-001 1.157886786095473e-001 6.211010507169024e-001 0.000000000000000e+000 -2.220446049250313e-016 0.000000000000000e+000
5.466505376344070e+000 -5.360377837199302e-001 1.859006112081705e-001 -3.490658600576373e-001 2.065331245085411e-002 1.740498161494453e-001 1.135297869975105e-001 6.164980978310082e-001 0.000000000000000e+000 -2.220446049250313e-016 0.000000000000000e+000
5.474623655913963e+000 -5.366920641922671e-001 1.842881376072518e-001 -3.490658604469489e-001 2.125046328878821e-002 1.770549617978036e-001 1.112844961501154e-001 6.119683910120559e-001 0.000000000000000e+000 4.440892098500626e-016 0.000000000000000e+000
5.482741935483855e+000 -5.374206087972813e-001 1.825261521285517e-001 -3.490658609355695e-001 2.198703033024407e-002 1.803119483143344e-001 1.090813098252963e-001 6.077291348550780e-001 0.000000000000000e+000 0.000000000000000e+000 0.000000000000000e+000
5.490860215053747e+000 -5.381920384408809e-001 1.806767678435604e-001 -3.490658614998918e-001 2.278850670295829e-002 1.837288303192506e-001 1.069572797109475e-001 6.039573823183960e-001 1.490116119384766e-008 -2.220446049250313e-016 0.000000000000000e+000
5.498978494623639e+000 -5.389661554241557e-001 1.787797447031472e-001 -3.490658621677515e-001 2.356654138897718e-002 1.871811745043935e-001 1.049488487946607e-001 6.007576484104652e-001 -2.107342425544702e-008 -2.220446049250313e-016 0.000000000000000e+000
5.507096774193531e+000 -5.396964215385267e-001 1.768568535305268e-001 -3.490658630177853e-001 2.421257277569788e-002 1.905405401633257e-001 1.030847146732792e-001 5.981740985427114e-001 0.000000000000000e+000 -2.220446049250313e-016 0.000000000000000e+000
5.515215053763424e+000 -5.403348624984050e-001 1.749281734215882e-001 -3.490658641147976e-001 2.459875750203833e-002 1.937048361104062e-001 1.013824365388937e-001 5.962253337293093e-001 0.000000000000000e+000 -6.661338147750939e-016 0.000000000000000e+000
5.523333333333316e+000 -5.408391319804923e-001 1.730180066946270e-001 -3.490658654638381e-001 2.459543591107249e-002 1.966064173754535e-001 9.984161294892138e-002 5.949129629061819e-001 0.000000000000000e+000 4.440892098500626e-016 0.000000000000000e+000
5.531451612903208e+000 -5.411812937608949e-001 1.711496613748962e-001 -3.490658670027070e-001 2.410576534330389e-002 1.991958390307947e-001 9.843652326181139e-002 5.941987565551317e-001 -1.490116119384766e-008 4.440892098500626e-016 0.000000000000000e+000
5.539569892473100e+000 -5.413521589048689e-001 1.693402621895284e-001 -3.490658686038857e-001 2.309963146310845e-002 2.014267518875290e-001 9.712060642571874e-002 5.939822281312477e-001 0.000000000000000e+000 2.220446049250313e-016 0.000000000000000e+000
5.547688172042992e+000 -5.413598735167177e-001 1.676014844586822e-001 -3.490658701008426e-001 2.162152092964642e-002 2.032605040700937e-001 9.584340108884928e-002 5.941112315738527e-001 0.000000000000000e+000 2.220446049250313e-016 0.000000000000000e+000
5.555806451612884e+000 -5.412298518718923e-001 1.659465408688829e-001 -3.490658713506207e-001 1.976630751706110e-002 2.046804623969569e-001 9.457116973160377e-002 5.944320838162275e-001 0.000000000000000e+000 2.220446049250313e-016 0.000000000000000e+000
5.563924731182777e+000 -5.410042470600815e-001 1.643933411843221e-001 -3.490658722868042e-001 1.763879870368368e-002 2.057017466197707e-001 9.329997647497114e-002 5.948430774889828e-001 -2.580956827951785e-008 -6.661338147750939e-016 0.000000000000000e+000
5.572043010752669e+000 -5.407372155995253e-001 1.629542357129961e-001 -3.490658729204345e-001 1.532554343838766e-002 2.063763321581108e-001 9.205147296772098e-002 5.952981687261151e-001 0.000000000000000e+000 4.440892098500626e-016 0.000000000000000e+000
5.580161290322561e+000 -5.404898140372900e-001 1.616254319491755e-001 -3.490658732976786e-001 1.289448853617015e-002 2.067977984692092e-001 9.085152571958506e-002 5.957616979601862e-001 0.000000000000000e+000 0.000000000000000e+000 0.000000000000000e+000
5.588279569892453e+000 -5.403219444959908e-001 1.603900946491659e-001 -3.490658734569678e-001 1.039664279638997e-002 2.071012720093503e-001 8.970581747086172e-002 5.961912383059089e-001 0.000000000000000e+000 0.000000000000000e+000 0.000000000000000e+000
5.596397849462345e+000 -5.402802187245289e-001 1.592254239507198e-001 -3.490658734147418e-001 7.849242206682927e-003 2.074388094493172e-001 8.859257978253181e-002 5.965846933937835e-001 0.000000000000000e+000 2.220446049250313e-016 0.000000000000000e+000
5.604516129032238e+000 -5.403958401956855e-001 1.581072853236005e-001 -3.490658731691353e-001 5.231462347090599e-003 2.079289021103229e-001 8.747760570482248e-002 5.970091675454918e-001 0.000000000000000e+000 -4.440892098500626e-016 0.000000000000000e+000
5.612634408602130e+000 -5.406907773933140e-001 1.570209020151381e-001 -3.490658727187428e-001 2.514708029149659e-003 2.086230024947890e-001 8.633367211513039e-002 5.975456052189075e-001 0.000000000000000e+000 -4.440892098500626e-016 0.000000000000000e+000
5.620752688172022e+000 -5.411674362034825e-001 1.559744763496604e-001 -3.490658720963625e-001 -3.046181077592802e-004 2.095255160442616e-001 8.514470032403887e-002 5.982095522960883e-001 0.000000000000000e+000 0.000000000000000e+000 0.000000000000000e+000
5.628870967741914e+000 -5.417849332905959e-001 1.550026573979304e-001 -3.490658713783529e-001 -3.205886693481430e-003 2.106416097667321e-001 8.389611152024641e-002 5.989386882450323e-001 0.000000000000000e+000 2.220446049250313e-016 0.000000000000000e+000
5.636989247311806e+000 -5.424544702726503e-001 1.541545900371912e-001 -3.490658706490657e-001 -6.174749729767282e-003 2.119890784877833e-001 8.256820790267533e-002 5.996535446957189e-001 0.000000000000000e+000 0.000000000000000e+000 0.000000000000000e+000
5.645107526881699e+000 -5.430658557948292e-001 1.534678966789209e-001 -3.490658699541736e-001 -9.229601255403841e-003 2.135549468726458e-001 8.114086702325249e-002 6.003227960653662e-001 0.000000000000000e+000 -2.220446049250313e-016 0.000000000000000e+000
5.653225806451591e+000 -5.435289234396128e-001 1.529440609456305e-001 -3.490658692823870e-001 -1.241259241493142e-002 2.152539056423036e-001 7.960380554701924e-002 6.009676570850875e-001 0.000000000000000e+000 0.000000000000000e+000 0.000000000000000e+000
5.661344086021483e+000 -5.438050893498478e-001 1.525538188797566e-001 -3.490658685943133e-001 -1.574511910634779e-002 2.169470395409643e-001 7.796740409559910e-002 6.016033309221729e-001 1.490116119384766e-008 -4.440892098500626e-016 0.000000000000000e+000
5.669462365591375e+000 -5.439121395006118e-001 1.522723907770465e-001 -3.490658678736104e-001 -1.918505930378656e-002 2.185043442463270e-001 7.627132394158923e-002 6.021808840094927e-001 2.107342425544702e-008 -1.110223024625157e-015 0.000000000000000e+000
5.677580645161267e+000 -5.439110974301588e-001 1.521005653407996e-001 -3.490658671351508e-001 -2.263316535461390e-002 2.198511168315455e-001 7.457988507005899e-002 6.026000838986022e-001 0.000000000000000e+000 -8.881784197001252e-016 0.000000000000000e+000
5.685698924731160e+000 -5.438948060924584e-001 1.520443332197927e-001 -3.490658663808561e-001 -2.599109883776340e-002 2.209773908875684e-001 7.295781068719907e-002 6.027879921510727e-001 -1.490116119384766e-008 -8.881784197001252e-016 0.000000000000000e+000
5.693817204301052e+000 -5.439727418775761e-001 1.520864539800559e-001 -3.490658655804247e-001 -2.921631207794673e-002 2.219272564549987e-001 7.144710917434811e-002 6.027646536516875e-001 0.000000000000000e+000 0.000000000000000e+000 0.000000000000000e+000
5.701935483870944e+000 -5.442379450288162e-001 1.521923270195607e-001 -3.490658647117079e-001 -3.233364408076467e-002 2.227684905583864e-001 7.006985055262645e-002 6.026460837820712e-001 -1.490116119384766e-008 -6.661338147750939e-016 0.000000000000000e+000
5.710053763440836e+000 -5.447327500436948e-001 1.523365077739900e-001 -3.490658638076271e-001 -3.541866916416980e-002 2.235528202762014e-001 6.884441086951368e-002 6.026037308783897e-001 -2.580956827951785e-008 2.220446049250313e-016 0.000000000000000e+000
5.718172043010728e+000 -5.454366100058322e-001 1.525072956091877e-001 -3.490658629755438e-001 -3.857408085739111e-002 2.243043103284344e-001 6.778795950861935e-002 6.028117412733619e-001 0.000000000000000e+000 0.000000000000000e+000 0.000000000000000e+000
5.726290322580621e+000 -5.462708306910624e-001 1.526858386334704e-001 -3.490658623882535e-001 -4.189888210494330e-002 2.250298848178559e-001 6.691060250392215e-002 6.033962373993853e-001 0.000000000000000e+000 -2.220446049250313e-016 0.000000000000000e+000
5.734408602150513e+000 -5.471158144893634e-001 1.528342224839716e-001 -3.490658622310017e-001 -4.544953334824986e-002 2.257148580101901e-001 6.622039990007791e-002 6.043924337461695e-001 -2.107342425544702e-008 -4.440892098500626e-016 0.000000000000000e+000
5.742526881720405e+000 -5.478557951632271e-001 1.529111409147788e-001 -3.490658626316631e-001 -4.920140262275208e-002 2.263213932856571e-001 6.573116921032234e-002 6.057157275222436e-001 0.000000000000000e+000 -6.661338147750939e-016 0.000000000000000e+000
5.750645161290297e+000 -5.484383853163182e-001 1.528984635777426e-001 -3.490658636329785e-001 -5.303882250446068e-002 2.268251754398786e-001 6.545588280872532e-002 6.071797199429951e-001 0.000000000000000e+000 4.440892098500626e-016 0.000000000000000e+000
5.758763440860189e+000 -5.488939737302333e-001 1.528140069025974e-001 -3.490658652087121e-001 -5.679784065315308e-002 2.272579473677943e-001 6.539246160193810e-002 6.085777112132607e-001 0.000000000000000e+000 0.000000000000000e+000 0.000000000000000e+000
5.766881720430082e+000 -5.492926390198468e-001 1.527028444647876e-001 -3.490658672804000e-001 -6.031833805394071e-002 2.277049083773802e-001 6.552180494384194e-002 6.097392243170094e-001 0.000000000000000e+000 2.220446049250313e-016 0.000000000000000e+000
5.774999999999974e+000 -5.496929196839371e-001 1.526175156231855e-001 -3.490658697005629e-001 -6.344915857445477e-002 2.282634721939055e-001 6.582451701479052e-002 6.104957759782309e-001 0.000000000000000e+000 6.661338147750939e-016 0.000000000000000e+000
5.783118279569866e+000 -5.501343981300334e-001 1.525996676925550e-001 -3.490658722503839e-001 -6.603602929244778e-002 2.290061309023166e-001 6.629977017068253e-002 6.106606449531966e-001 0.000000000000000e+000 -4.440892098500626e-016 0.000000000000000e+000
5.791236559139758e+000 -5.506439432093139e-001 1.526661324692644e-001 -3.490658747311206e-001 -6.795255778435538e-002 2.299662776971341e-001 6.696540555221704e-002 6.101120540893734e-001 0.000000000000000e+000 2.220446049250313e-016 0.000000000000000e+000
5.799354838709650e+000 -5.512128836467366e-001 1.528041466249890e-001 -3.490658770792262e-001 -6.916337702504416e-002 2.311293742168236e-001 6.783982451538834e-002 6.088923836245498e-001 0.000000000000000e+000 4.440892098500626e-016 0.000000000000000e+000
5.807473118279543e+000 -5.517850420129229e-001 1.529814849868849e-001 -3.490658793519859e-001 -6.974082801662540e-002 2.324416267444433e-001 6.891997335475866e-002 6.071996505105085e-001 0.000000000000000e+000 2.220446049250313e-016 0.000000000000000e+000
5.815591397849435e+000 -5.522997514738661e-001 1.531583746825471e-001 -3.490658815991704e-001 -6.980135034713708e-002 2.338535376254186e-001 7.016719166019192e-002 6.052760036872640e-001 0.000000000000000e+000 0.000000000000000e+000 0.000000000000000e+000
5.823709677419327e+000 -5.527425168545413e-001 1.532866101231984e-001 -3.490658837703976e-001 -6.943620303022580e-002 2.353417763186399e-001 7.150795263780424e-002 6.033049699480311e-001 0.000000000000000e+000 0.000000000000000e+000 0.000000000000000e+000
5.831827956989219e+000 -5.531493664811576e-001 1.533012155335447e-001 -3.490658857087755e-001 -6.870361399007674e-002 2.368787476648059e-001 7.284663256822425e-002 6.013913726197813e-001 -1.490116119384766e-008 2.220446049250313e-016 0.000000000000000e+000
5.839946236559111e+000 -5.535780413260479e-001 1.531137088034515e-001 -3.490658872107761e-001 -6.765804474508697e-002 2.384048497076669e-001 7.408173498155106e-002 5.996042763983307e-001 0.000000000000000e+000 -6.661338147750939e-016 0.000000000000000e+000
5.848064516129004e+000 -5.540682687634626e-001 1.526228906700371e-001 -3.490658881736151e-001 -6.636944656261323e-002 2.398391778853882e-001 7.512228042415764e-002 5.980176694270487e-001 0.000000000000000e+000 -2.220446049250313e-016 0.000000000000000e+000
5.856182795698896e+000 -5.546015957187617e-001 1.517600054310941e-001 -3.490658887792330e-001 -6.491419862236225e-002 2.411114874418057e-001 7.590624012221899e-002 5.966866558898810e-001 0.000000000000000e+000 4.440892098500626e-016 0.000000000000000e+000
5.864301075268788e+000 -5.550892734061351e-001 1.505390596616747e-001 -3.490658894891268e-001 -6.334315904961896e-002 2.421952988525572e-001 7.641367421681156e-002 5.955690497652368e-001 0.000000000000000e+000 4.440892098500626e-016 0.000000000000000e+000
5.872419354838680e+000 -5.554099624825231e-001 1.490576076505443e-001 -3.490658907105016e-001 -6.165578188479426e-002 2.431372378750906e-001 7.665598315270675e-002 5.944882148088684e-001 0.000000000000000e+000 -2.220446049250313e-016 0.000000000000000e+000
5.880537634408572e+000 -5.554694419938738e-001 1.474488326754391e-001 -3.490658924785576e-001 -5.982081138478890e-002 2.440512174758625e-001 7.665030761675297e-002 5.932243307557565e-001 0.000000000000000e+000 -2.220446049250313e-016 0.000000000000000e+000
5.888655913978464e+000 -5.552346064702676e-001 1.458389475896664e-001 -3.490658945503651e-001 -5.783915453207333e-002 2.450381201986897e-001 7.641760228499010e-002 5.916887157591179e-001 0.000000000000000e+000 4.440892098500626e-016 0.000000000000000e+000
5.896774193548357e+000 -5.547381328717115e-001 1.443445225025937e-001 -3.490658966986545e-001 -5.577161753482729e-002 2.460901832621026e-001 7.600913569641084e-002 5.899972003082091e-001 0.000000000000000e+000 -4.440892098500626e-016 0.000000000000000e+000
5.904892473118249e+000 -5.540728567167053e-001 1.430927915764226e-001 -3.490658988274737e-001 -5.368691767333700e-002 2.470893213256029e-001 7.552229556134642e-002 5.883486356410967e-001 0.000000000000000e+000 2.220446049250313e-016 0.000000000000000e+000
5.913010752688141e+000 -5.533676057660985e-001 1.422257081855354e-001 -3.490659009440513e-001 -5.160430769185664e-002 2.478824001548696e-001 7.508260197064264e-002 5.868710729514343e-001 0.000000000000000e+000 6.661338147750939e-016 0.000000000000000e+000
5.921129032258033e+000 -5.527386290702477e-001 1.418755091547088e-001 -3.490659031654628e-001 -4.950832692055407e-002 2.483316776120229e-001 7.480941684936746e-002 5.856167498001803e-001 0.000000000000000e+000 2.220446049250313e-016 0.000000000000000e+000
5.929247311827925e+000 -5.522422864685820e-001 1.421412696836595e-001 -3.490659057071053e-001 -4.739766400915135e-002 2.483327574135879e-001 7.479462504014452e-002 5.846437563314447e-001 0.000000000000000e+000 -4.440892098500626e-016 0.000000000000000e+000
5.937365591397818e+000 -5.518599583959748e-001 1.430940225057416e-001 -3.490659086971541e-001 -4.529591676504396e-002 2.478338498292283e-001 7.511028796583789e-002 5.840372006753318e-001 2.107342425544702e-008 -2.220446049250313e-016 0.000000000000000e+000
5.945483870967710e+000 -5.515251085319124e-001 1.447914830048049e-001 -3.490659119400672e-001 -4.322943744648522e-002 2.468140045248620e-001 7.583418001742327e-002 5.838732408924380e-001 0.000000000000000e+000 -2.220446049250313e-016 0.000000000000000e+000
5.953602150537602e+000 -5.511690850162485e-001 1.472728789372726e-001 -3.490659149665106e-001 -4.121884371504891e-002 2.452104706960223e-001 7.706137830367418e-002 5.842090628918362e-001 1.490116119384766e-008 -2.220446049250313e-016 0.000000000000000e+000
5.961720430107494e+000 -5.507442009938243e-001 1.505429110906644e-001 -3.490659172733262e-001 -3.928663689708922e-002 2.428926971807358e-001 7.888390236480883e-002 5.851038555217895e-001 0.000000000000000e+000 -2.220446049250313e-016 0.000000000000000e+000
5.969838709677386e+000 -5.502149367485208e-001 1.545538746291311e-001 -3.490659183883018e-001 -3.744683080317590e-002 2.397418609220171e-001 8.134966625577542e-002 5.866092669136657e-001 2.107342425544702e-008 8.881784197001252e-016 0.000000000000000e+000
5.977956989247279e+000 -5.495520817655776e-001 1.591784819747004e-001 -3.490659178909116e-001 -3.567398568935665e-002 2.357453883152524e-001 8.443294330928887e-002 5.887199281709713e-001 0.000000000000000e+000 0.000000000000000e+000 0.000000000000000e+000
5.986075268817171e+000 -5.487465592552357e-001 1.642022250908077e-001 -3.490659156267154e-001 -3.388910977952619e-002 2.309820986454527e-001 8.804856680998575e-002 5.913520838647859e-001 -1.490116119384766e-008 2.220446049250313e-016 0.000000000000000e+000
5.994193548387063e+000 -5.478091178760935e-001 1.693714689980774e-001 -3.490659119005959e-001 -3.198193566094987e-002 2.255246935446471e-001 9.209954325691037e-002 5.943776432759450e-001 0.000000000000000e+000 -2.220446049250313e-016 0.000000000000000e+000
6.002311827956955e+000 -5.467430158860424e-001 1.744625447071568e-001 -3.490659073650122e-001 -2.984516051740238e-002 2.193898127412710e-001 9.651028228463000e-002 5.976616993882815e-001 0.000000000000000e+000 6.661338147750939e-016 0.000000000000000e+000
6.010430107526847e+000 -5.455430062766529e-001 1.793071670336850e-001 -3.490659026739880e-001 -2.738378451485835e-002 2.125688624085004e-001 1.012262488539962e-001 6.010658019095330e-001 -2.580956827951785e-008 2.220446049250313e-016 0.000000000000000e+000
6.018548387096740e+000 -5.442485108256195e-001 1.837752513568980e-001 -3.490658982098165e-001 -2.448969941746482e-002 2.050753375872558e-001 1.062017902562651e-001 6.044230868018763e-001 1.490116119384766e-008 -2.220446049250313e-016 0.000000000000000e+000
6.026666666666632e+000 -5.429902269555486e-001 1.877654720837179e-001 -3.490658940613114e-001 -2.101490684180263e-002 1.969728231807864e-001 1.113914780935701e-001 6.075177376128869e-001 1.490116119384766e-008 2.220446049250313e-016 0.000000000000000e+000
6.034784946236524e+000 -5.419620141184667e-001 1.912183584301763e-001 -3.490658901683912e-001 -1.678894983341150e-002 1.883841573775064e-001 1.167395514714100e-001 6.101173332839335e-001 1.490116119384766e-008 2.220446049250313e-016 0.000000000000000e+000
6.042903225806416e+000 -5.413074510744472e-001 1.941291323527714e-001 -3.490658864947849e-001 -1.169490626790570e-002 1.794869151929827e-001 1.221611172987565e-001 6.120684173569718e-001 0.000000000000000e+000 8.881784197001252e-016 0.000000000000000e+000
6.051021505376308e+000 -5.409733786972829e-001 1.965548398278862e-001 -3.490658831485247e-001 -5.771747595976651e-003 1.705158942866301e-001 1.275229388168862e-001 6.133962688544445e-001 1.490116119384766e-008 0.000000000000000e+000 0.000000000000000e+000
6.059139784946201e+000 -5.406704810106046e-001 1.986211095095927e-001 -3.490658803253002e-001 7.496698766014109e-004 1.617806865775006e-001 1.326510023327694e-001 6.143078973115387e-001 -1.490116119384766e-008 2.220446049250313e-016 0.000000000000000e+000
6.067258064516093e+000 -5.400487338134822e-001 2.005141693268666e-001 -3.490658780755436e-001 7.550342870848326e-003 1.536518125496212e-001 1.373864125591887e-001 6.150599772021684e-001 -1.490116119384766e-008 6.661338147750939e-016 0.000000000000000e+000
6.075376344085985e+000 -5.389430252258337e-001 2.024437759742610e-001 -3.490658762165789e-001 1.437418881359509e-002 1.464750284523977e-001 1.416566528228914e-001 6.158259719142487e-001 0.000000000000000e+000 6.661338147750939e-016 0.000000000000000e+000
6.083494623655877e+000 -5.374390157373652e-001 2.045896002344194e-001 -3.490658745411908e-001 2.107123470256744e-002 1.404664468868333e-001 1.454938523235990e-001 6.167117074389543e-001 -2.107342425544702e-008 0.000000000000000e+000 0.000000000000000e+000
6.091612903225769e+000 -5.357563026528944e-001 2.070517119188695e-001 -3.490658730067109e-001 2.753757144359148e-002 1.356866603288258e-001 1.489812063590318e-001 6.178658839074350e-001 1.490116119384766e-008 4.440892098500626e-016 0.000000000000000e+000
6.099731182795662e+000 -5.341251918703099e-001 2.098150303766766e-001 -3.490658717044324e-001 3.366747089404942e-002 1.321120373606850e-001 1.521765473267803e-001 6.195285654741609e-001 0.000000000000000e+000 2.220446049250313e-016 0.000000000000000e+000
6.107849462365554e+000 -5.327388601005245e-001 2.127445766777503e-001 -3.490658707431548e-001 3.937834041083166e-002 1.297069296636605e-001 1.550737724900592e-001 6.219455333929308e-001 0.000000000000000e+000 -2.220446049250313e-016 0.000000000000000e+000
6.115967741935446e+000 -5.317474733978592e-001 2.156262927461516e-001 -3.490658701706442e-001 4.466586107465886e-002 1.284149844618837e-001 1.576220657268788e-001 6.252297250232154e-001 -2.107342425544702e-008 -2.220446049250313e-016 0.000000000000000e+000
6.124086021505338e+000 -5.312463736692029e-001 2.182391362342357e-001 -3.490658699601217e-001 4.961002485451083e-002 1.281103892915624e-001 1.597731956483418e-001 6.293175602082700e-001 0.000000000000000e+000 6.661338147750939e-016 0.000000000000000e+000
6.132204301075230e+000 -5.312419146183930e-001 2.204275447336426e-001 -3.490658700537518e-001 5.432781472663373e-002 1.285801651274339e-001 1.615200325009206e-001 6.340304489199732e-001 0.000000000000000e+000 -2.220446049250313e-016 0.000000000000000e+000
6.140322580645123e+000 -5.316220641113949e-001 2.221432170411302e-001 -3.490658704046492e-001 5.892755605401456e-002 1.295514411359816e-001 1.629105176175141e-001 6.391394605964299e-001 0.000000000000000e+000 -2.220446049250313e-016 0.000000000000000e+000
6.148440860215015e+000 -5.321833870389315e-001 2.234288793332178e-001 -3.490658709572383e-001 6.348851158234536e-002 1.307492424519740e-001 1.640352192475963e-001 6.444136626830068e-001 2.980232238769531e-008 4.440892098500626e-016 0.000000000000000e+000
6.156559139784907e+000 -5.327109614329679e-001 2.243516596849688e-001 -3.490658716092176e-001 6.805395910514767e-002 1.319410085897659e-001 1.649990521960933e-001 6.496811200237471e-001 -1.490116119384766e-008 2.220446049250313e-016 0.000000000000000e+000
6.164677419354799e+000 -5.330382112826202e-001 2.249516599371253e-001 -3.490658722483655e-001 7.262870471404881e-002 1.329379608648506e-001 1.658918376944220e-001 6.548626562931627e-001 0.000000000000000e+000 0.000000000000000e+000 0.000000000000000e+000
6.172795698924691e+000 -5.330662748906746e-001 2.252554588816662e-001 -3.490658728245110e-001 7.718797800078114e-002 1.336037990430787e-001 1.667666197362818e-001 6.599367473656232e-001 0.000000000000000e+000 -2.220446049250313e-016 0.000000000000000e+000
6.180913978494584e+000 -5.327838895885666e-001 2.253122915234769e-001 -3.490658733324610e-001 8.169243972545615e-002 1.338921662805931e-001 1.676342318557008e-001 6.648873007848775e-001 0.000000000000000e+000 0.000000000000000e+000 0.000000000000000e+000
6.189032258064476e+000 -5.322771031542940e-001 2.251938029245828e-001 -3.490658737207902e-001 8.609554125572894e-002 1.338411730105616e-001 1.684770905082245e-001 6.696930793145369e-001 0.000000000000000e+000 4.440892098500626e-016 0.000000000000000e+000
6.197150537634368e+000 -5.316938760930144e-001 2.249729554398523e-001 -3.490658738558639e-001 9.035730587903057e-002 1.335112163478115e-001 1.692701939247926e-001 6.743287242715165e-001 -2.107342425544702e-008 0.000000000000000e+000 0.000000000000000e+000
6.205268817204260e+000 -5.311815149079884e-001 2.247201340370992e-001 -3.490658735912157e-001 9.446398418895763e-002 1.329424665675752e-001 1.699934614103389e-001 6.787562244774669e-001 0.000000000000000e+000 2.220446049250313e-016 0.000000000000000e+000
6.213387096774152e+000 -5.308322495961967e-001 2.245102306862312e-001 -3.490658728629049e-001 9.842302586705976e-002 1.321540906051622e-001 1.706341796993931e-001 6.829406974176955e-001 0.000000000000000e+000 0.000000000000000e+000 0.000000000000000e+000
6.221505376344044e+000 -5.306557124327321e-001 2.244173170570336e-001 -3.490658717179650e-001 1.022423070548229e-001 1.311478677293268e-001 1.711875265218441e-001 6.868813842960385e-001 0.000000000000000e+000 0.000000000000000e+000 0.000000000000000e+000
6.229623655913937e+000 -5.305946085775229e-001 2.244921472332431e-001 -3.490658702691604e-001 1.059265429690717e-001 1.299044927581032e-001 1.716570569237497e-001 6.906270247970011e-001 2.107342425544702e-008 0.000000000000000e+000 0.000000000000000e+000
6.237741935483829e+000 -5.305744962285915e-001 2.247382188108480e-001 -3.490658686374085e-001 1.094835712518174e-001 1.283699570717199e-001 1.720558230301149e-001 6.942816314088072e-001 0.000000000000000e+000 -4.440892098500626e-016 0.000000000000000e+000
6.245860215053721e+000 -5.305436278614317e-001 2.251134300606705e-001 -3.490658669354418e-001 1.129264707924740e-001 1.264463344960378e-001 1.724053399557909e-001 6.979803211414850e-001 0.000000000000000e+000 4.440892098500626e-016 0.000000000000000e+000
6.253978494623613e+000 -5.304888566128810e-001 2.255661178362955e-001 -3.490658652755306e-001 1.162776321787922e-001 1.240342080343003e-001 1.727260771809082e-001 7.018200459083979e-001 0.000000000000000e+000 -2.220446049250313e-016 0.000000000000000e+000
6.262096774193505e+000 -5.304543192983906e-001 2.260761600310781e-001 -3.490658637599922e-001 1.195597385993998e-001 1.210971926343887e-001 1.730338305991663e-001 7.058244273976796e-001 0.000000000000000e+000 0.000000000000000e+000 0.000000000000000e+000
6.270215053763398e+000 -5.305429086165894e-001 2.266672319405771e-001 -3.490658624685462e-001 1.227675232133552e-001 1.176521676625700e-001 1.733528561131187e-001 7.099875626823777e-001 1.490116119384766e-008 2.220446049250313e-016 0.000000000000000e+000
6.278333333333290e+000 -5.308537640794488e-001 2.273911127191679e-001 -3.490658614559870e-001 1.258626521943815e-001 1.137046906252435e-001 1.737164090275700e-001 7.143103978751514e-001 0.000000000000000e+000 4.440892098500626e-016 0.000000000000000e+000
6.286451612903182e+000 -5.313996185126467e-001 2.283036918396511e-001 -3.490658607375917e-001 1.288043846540858e-001 1.092283883958885e-001 1.741439229709523e-001 7.187819510757076e-001 0.000000000000000e+000 4.440892098500626e-016 0.000000000000000e+000
6.294569892473074e+000 -5.320905172792115e-001 2.294371132110114e-001 -3.490658602745242e-001 1.315676464798563e-001 1.041890585128288e-001 1.746324406761815e-001 7.233719618225922e-001 0.000000000000000e+000 4.440892098500626e-016 0.000000000000000e+000
6.302688172042966e+000 -5.327832464866324e-001 2.307730453121919e-001 -3.490658599891013e-001 1.341260008615981e-001 9.856604699662110e-002 1.751705974663582e-001 7.280690154629137e-001 0.000000000000000e+000 -2.220446049250313e-016 0.000000000000000e+000
6.310806451612859e+000 -5.333372672948495e-001 2.322415940983931e-001 -3.490658597983876e-001 1.364320969820330e-001 9.236798641948461e-002 1.757460925254556e-001 7.329097443690489e-001 0.000000000000000e+000 4.440892098500626e-016 0.000000000000000e+000
6.318924731182751e+000 -5.336474370020177e-001 2.337483331039922e-001 -3.490658596376307e-001 1.384290430964377e-001 8.563501021291581e-002 1.763445030537817e-001 7.379512525642878e-001 0.000000000000000e+000 -2.220446049250313e-016 0.000000000000000e+000
6.327043010752643e+000 -5.336617809694502e-001 2.352022481892990e-001 -3.490658594462116e-001 1.400857527969279e-001 7.842739517356712e-002 1.769505640123647e-001 7.432103938887349e-001 0.000000000000000e+000 0.000000000000000e+000 0.000000000000000e+000
6.335161290322535e+000 -5.333927787551442e-001 2.365379282795637e-001 -3.490658591280446e-001 1.414168546154411e-001 7.083654260827725e-002 1.775456076369867e-001 7.486280622385413e-001 0.000000000000000e+000 2.220446049250313e-016 0.000000000000000e+000
6.343279569892427e+000 -5.329130969565454e-001 2.377285638336506e-001 -3.490658585716207e-001 1.424656775674591e-001 6.300928346156273e-002 1.781037790235462e-001 7.540917752927575e-001 1.490116119384766e-008 0.000000000000000e+000 0.000000000000000e+000
6.351397849462320e+000 -5.323367665199994e-001 2.387731681806478e-001 -3.490658577665827e-001 1.432741773357416e-001 5.513554918359071e-002 1.786013590076080e-001 7.595009053766814e-001 0.000000000000000e+000 0.000000000000000e+000 0.000000000000000e+000
6.359516129032212e+000 -5.317965849408951e-001 2.396762303188416e-001 -3.490658569436573e-001 1.438745565056991e-001 4.739972055936537e-002 1.790343599937027e-001 7.648106107428081e-001 0.000000000000000e+000 4.440892098500626e-016 0.000000000000000e+000
6.367634408602104e+000 -5.314135674112879e-001 2.404428890964558e-001 -3.490658566704043e-001 1.443031800727737e-001 3.994885403784303e-002 1.794192113446478e-001 7.700136518894785e-001 -2.107342425544702e-008 -4.440892098500626e-016 0.000000000000000e+000
6.375752688171996e+000 -5.312614350487208e-001 2.410708145227964e-001 -3.490658578503577e-001 1.446062355630371e-001 3.293338251987153e-002 1.797571368842856e-001 7.751045954990375e-001 0.000000000000000e+000 4.440892098500626e-016 0.000000000000000e+000
6.383870967741888e+000 -5.313464044996795e-001 2.415300805977292e-001 -3.490658615523688e-001 1.448194428558036e-001 2.657991384830480e-002 1.799924436466528e-001 7.800750894090124e-001 0.000000000000000e+000 -8.881784197001252e-016 0.000000000000000e+000
6.391989247311781e+000 -5.316157247273436e-001 2.417575860921943e-001 -3.490658686102223e-001 1.449417395356742e-001 2.114993340712338e-002 1.800342101279052e-001 7.849224362590266e-001 0.000000000000000e+000 -6.661338147750939e-016 0.000000000000000e+000
6.400107526881673e+000 -5.319899879371968e-001 2.416851918777181e-001 -3.490658790446475e-001 1.449348674467788e-001 1.677319087955549e-002 1.798392281406511e-001 7.896391150167998e-001 0.000000000000000e+000 -4.440892098500626e-016 0.000000000000000e+000
6.408225806451565e+000 -5.323925197189157e-001 2.412884043870929e-001 -3.490658916406627e-001 1.447465507172230e-001 1.335516922656158e-002 1.794614316541271e-001 7.941855387299597e-001 0.000000000000000e+000 -4.440892098500626e-016 0.000000000000000e+000
6.416344086021457e+000 -5.327562740239894e-001 2.406115614434512e-001 -3.490659041406956e-001 1.443259730660875e-001 1.067884633270424e-002 1.790120387285248e-001 7.984784460996047e-001 -1.490116119384766e-008 2.220446049250313e-016 0.000000000000000e+000
6.424462365591349e+000 -5.330262648749305e-001 2.397361423247024e-001 -3.490659141396049e-001 1.436279705708801e-001 8.590364191595527e-003 1.785736819101114e-001 8.024150681442147e-001 0.000000000000000e+000 -2.220446049250313e-016 0.000000000000000e+000
6.432580645161242e+000 -5.331785529491810e-001 2.387237359072389e-001 -3.490659201144868e-001 1.426326802495925e-001 7.087461884300813e-003 1.781472840296528e-001 8.058935779741645e-001 0.000000000000000e+000 -2.220446049250313e-016 0.000000000000000e+000
6.440698924731134e+000 -5.332419626965129e-001 2.375978383012176e-001 -3.490659218339162e-001 1.413740854046131e-001 6.240134323737176e-003 1.776756320240157e-001 8.087910429508697e-001 0.000000000000000e+000 0.000000000000000e+000 0.000000000000000e+000
6.448817204301026e+000 -5.332954055631130e-001 2.363772717166845e-001 -3.490659200155014e-001 1.399346643410770e-001 6.033466105647901e-003 1.771161951973711e-001 8.109443230914304e-001 0.000000000000000e+000 -2.220446049250313e-016 0.000000000000000e+000
6.456935483870918e+000 -5.334377073599276e-001 2.351149859839619e-001 -3.490659157398209e-001 1.384100158108008e-001 6.272743060234488e-003 1.764971614971397e-001 8.121677613052662e-001 0.000000000000000e+000 0.000000000000000e+000 0.000000000000000e+000
6.465053763440810e+000 -5.337442547980092e-001 2.339040456830281e-001 -3.490659100701469e-001 1.368877010837835e-001 6.622987648108845e-003 1.759099916476372e-001 8.122747104916519e-001 0.000000000000000e+000 -4.440892098500626e-016 0.000000000000000e+000
6.473172043010703e+000 -5.342288710484834e-001 2.328503753756828e-001 -3.490659039322381e-001 1.354401112660504e-001 6.747255923485861e-003 1.754475587100871e-001 8.111113217848714e-001 2.107342425544702e-008 6.661338147750939e-016 0.000000000000000e+000
6.481290322580595e+000 -5.348385377026639e-001 2.320318860785762e-001 -3.490658981046599e-001 1.341109991624210e-001 6.404541603067734e-003 1.751581314663233e-001 8.086203944850620e-001 0.000000000000000e+000 0.000000000000000e+000 0.000000000000000e+000
6.489408602150487e+000 -5.354808236092657e-001 2.314696420147624e-001 -3.490658932022920e-001 1.329090488848816e-001 5.432451273208242e-003 1.750514319232192e-001 8.048759597722487e-001 0.000000000000000e+000 2.220446049250313e-016 0.000000000000000e+000
6.497526881720379e+000 -5.360451676460659e-001 2.311224186100667e-001 -3.490658896347924e-001 1.318276754692316e-001 3.704821624238649e-003 1.751062768364164e-001 8.000423999722177e-001 0.000000000000000e+000 0.000000000000000e+000 0.000000000000000e+000
6.505645161290271e+000 -5.364048990767980e-001 2.308957970545535e-001 -3.490658875962923e-001 1.308716027297525e-001 1.151792240672172e-003 1.752459463608236e-001 7.943075309013384e-001 0.000000000000000e+000 4.440892098500626e-016 0.000000000000000e+000
6.513763440860164e+000 -5.364258660520745e-001 2.306587029427125e-001 -3.490658871050775e-001 1.300391657170681e-001 -2.177899999992244e-003 1.753185126135350e-001 7.878751965880156e-001 0.000000000000000e+000 0.000000000000000e+000 0.000000000000000e+000
6.521881720430056e+000 -5.359912779071197e-001 2.302695235525316e-001 -3.490658880303882e-001 1.292646834736768e-001 -6.090727001747207e-003 1.751265040555703e-001 7.810126083082314e-001 0.000000000000000e+000 2.220446049250313e-016 0.000000000000000e+000
6.529999999999948e+000 -5.350260494161666e-001 2.296097610202925e-001 -3.490658900986328e-001 1.284109556698012e-001 -1.032843653677762e-002 1.745069126177997e-001 7.740354156625194e-001 0.000000000000000e+000 4.440892098500626e-016 0.000000000000000e+000
