---- AnyBody Output File ---------------------------------
Study: Main.Studies.MotionOptimization
Operation: Main.Studies.MotionOptimization.Kinematics
----------------------------------------------------------
Constants (Name = Value): 
Main.Studies.KinematicStudyForParameterIdentification.JointAngleOutputs.OutputFile6.FileName = "..\Input\Subjects\PS\Overground Gait Trials\PS_rightturn6\PS_rightturn6-output-euler-leftarm-2dofstj.txt"
Main.Studies.KinematicStudyForParameterIdentification.JointAngleOutputs.OutputFile6.NumberFormat.Digits = 15
Main.Studies.KinematicStudyForParameterIdentification.JointAngleOutputs.OutputFile6.NumberFormat.Width = 22
Main.Studies.KinematicStudyForParameterIdentification.JointAngleOutputs.OutputFile6.NumberFormat.Style = ScientificNumber
Main.Studies.KinematicStudyForParameterIdentification.JointAngleOutputs.OutputFile6.NumberFormat.FormatStr = "%22.15e"
Main.Studies.KinematicStudyForParameterIdentification.JointAngleOutputs.OutputFile6.Search = 
Main.Studies.KinematicStudyForParameterIdentification.JointAngleOutputs.OutputFile6.SepSign = " "
Main.Studies.KinematicStudyForParameterIdentification.JointAngleOutputs.OutputFile6.LineSepSign = ""
Main.Studies.KinematicStudyForParameterIdentification.JointAngleOutputs.OutputFile6.Header.TitleSectionOnOff = On
Main.Studies.KinematicStudyForParameterIdentification.JointAngleOutputs.OutputFile6.Header.ConstSectionOnOff = On
Main.Studies.KinematicStudyForParameterIdentification.JointAngleOutputs.OutputFile6.Header.VarSectionOnOff = On
Main.Studies.KinematicStudyForParameterIdentification.JointAngleOutputs.OutputFile6.Header.ColumnNamesOnOff = On
Main.Studies.KinematicStudyForParameterIdentification.JointAngleOutputs.OutputFile6.Header.LinePrefix = ""
Main.Studies.KinematicStudyForParameterIdentification.JointAngleOutputs.OutputFile6.ConstSectionSaveOptionsOnOff = On
----------------------------------------------------------
Variables (Column# Name): 
col0  Main.Studies.MotionOptimization.t
col1  Main.Studies.KinematicStudyForParameterIdentification.JointAngleOutputs.OutputFile6.SternoClavicularProtraction
col2  Main.Studies.KinematicStudyForParameterIdentification.JointAngleOutputs.OutputFile6.SternoClavicularElevation
col3  Main.Studies.KinematicStudyForParameterIdentification.JointAngleOutputs.OutputFile6.SternoClavicularAxialRotation
col4  Main.Studies.KinematicStudyForParameterIdentification.JointAngleOutputs.OutputFile6.GlenohumeralFlexion
col5  Main.Studies.KinematicStudyForParameterIdentification.JointAngleOutputs.OutputFile6.GlenohumeralExternalRotation
col6  Main.Studies.KinematicStudyForParameterIdentification.JointAngleOutputs.OutputFile6.GlenohumeralAbduction
col7  Main.Studies.KinematicStudyForParameterIdentification.JointAngleOutputs.OutputFile6.ElbowFlexion
col8  Main.Studies.KinematicStudyForParameterIdentification.JointAngleOutputs.OutputFile6.ElbowPronation
col9  Main.Studies.KinematicStudyForParameterIdentification.JointAngleOutputs.OutputFile6.WristFlexion
col10  Main.Studies.KinematicStudyForParameterIdentification.JointAngleOutputs.OutputFile6.WristAbduction
----------------------------------------------------------
Main.Studies.MotionOptimization.t Main.Studies.KinematicStudyForParameterIdentification.JointAngleOutputs.OutputFile6.SternoClavicularProtraction Main.Studies.KinematicStudyForParameterIdentification.JointAngleOutputs.OutputFile6.SternoClavicularElevation Main.Studies.KinematicStudyForParameterIdentification.JointAngleOutputs.OutputFile6.SternoClavicularAxialRotation Main.Studies.KinematicStudyForParameterIdentification.JointAngleOutputs.OutputFile6.GlenohumeralFlexion Main.Studies.KinematicStudyForParameterIdentification.JointAngleOutputs.OutputFile6.GlenohumeralExternalRotation Main.Studies.KinematicStudyForParameterIdentification.JointAngleOutputs.OutputFile6.GlenohumeralAbduction Main.Studies.KinematicStudyForParameterIdentification.JointAngleOutputs.OutputFile6.ElbowFlexion Main.Studies.KinematicStudyForParameterIdentification.JointAngleOutputs.OutputFile6.ElbowPronation Main.Studies.KinematicStudyForParameterIdentification.JointAngleOutputs.OutputFile6.WristFlexion Main.Studies.KinematicStudyForParameterIdentification.JointAngleOutputs.OutputFile6.WristAbduction
5.020000000000000e+000 -7.265971302143559e-001 1.962834957936823e-001 -3.490658492413031e-001 -1.389895808310127e-002 6.867058528224989e-001 6.264322335260197e-002 3.525651623788227e-001 2.980232238769531e-008 6.661338147750939e-016 0.000000000000000e+000
5.028118279569892e+000 -7.266698444553706e-001 1.978663594038110e-001 -3.490658363955419e-001 -2.200319966151487e-002 6.899413249422698e-001 5.897622534380558e-002 3.485314955685230e-001 1.490116119384766e-008 -2.220446049250313e-016 0.000000000000000e+000
5.036236559139784e+000 -7.271670328907930e-001 1.993163945876204e-001 -3.490658178817992e-001 -2.962988523684662e-002 6.921927098235242e-001 5.548609263255743e-002 3.445608445522281e-001 0.000000000000000e+000 0.000000000000000e+000 0.000000000000000e+000
5.044354838709676e+000 -7.276025037872651e-001 2.005854253489574e-001 -3.490658032222465e-001 -3.696137229523733e-002 6.933128724710594e-001 5.201337913623717e-002 3.410497222042844e-001 0.000000000000000e+000 0.000000000000000e+000 0.000000000000000e+000
5.052473118279568e+000 -7.278776449698003e-001 2.016167696891293e-001 -3.490657907144549e-001 -4.398839947518929e-002 6.932362248762051e-001 4.852629729303918e-002 3.381413494333477e-001 -2.107342425544702e-008 -4.440892098500626e-016 0.000000000000000e+000
5.060591397849461e+000 -7.278778983437697e-001 2.023645615356591e-001 -3.490657781978496e-001 -5.072522752751718e-002 6.919158359829660e-001 4.499017132625870e-002 3.359735887233959e-001 0.000000000000000e+000 -2.220446049250313e-016 0.000000000000000e+000
5.068709677419353e+000 -7.275138178372670e-001 2.028042451740917e-001 -3.490657643859414e-001 -5.720686312297030e-002 6.893119217560323e-001 4.138389006636283e-002 3.346425160126333e-001 0.000000000000000e+000 2.220446049250313e-016 0.000000000000000e+000
5.076827956989245e+000 -7.267680567380445e-001 2.029440805931186e-001 -3.490657493586399e-001 -6.348969972336871e-002 6.853791311688465e-001 3.771429148581458e-002 3.341767873223324e-001 1.490116119384766e-008 -4.440892098500626e-016 0.000000000000000e+000
5.084946236559137e+000 -7.257489346677833e-001 2.028298503535879e-001 -3.490657344638206e-001 -6.962963255349774e-002 6.801121335009864e-001 3.402703114472392e-002 3.345055901500074e-001 0.000000000000000e+000 0.000000000000000e+000 0.000000000000000e+000
5.093064516129029e+000 -7.246948307371951e-001 2.025352022768341e-001 -3.490657214011768e-001 -7.565570047371861e-002 6.736232727846504e-001 3.040063945855695e-002 3.354473780930190e-001 -2.580956827951785e-008 0.000000000000000e+000 0.000000000000000e+000
5.101182795698922e+000 -7.238727823419411e-001 2.021402308483025e-001 -3.490657106785611e-001 -8.159468734035591e-002 6.661474992004971e-001 2.691061009958857e-002 3.367783780407364e-001 0.000000000000000e+000 -2.220446049250313e-016 0.000000000000000e+000
5.109301075268814e+000 -7.234376763380577e-001 2.017073114065906e-001 -3.490657008934350e-001 -8.752992325956077e-002 6.579808924019781e-001 2.358668230752827e-002 3.383432457498010e-001 0.000000000000000e+000 -2.220446049250313e-016 0.000000000000000e+000
5.117419354838706e+000 -7.233926238560509e-001 2.012691477385626e-001 -3.490656897673223e-001 -9.361232071125514e-002 6.494411548932170e-001 2.040669226036226e-002 3.400974297604887e-001 0.000000000000000e+000 -4.440892098500626e-016 0.000000000000000e+000
5.125537634408598e+000 -7.236657900686331e-001 2.008397406971314e-001 -3.490656756216823e-001 -1.000037260533451e-001 6.408777899085065e-001 1.732456854432789e-002 3.420565626497945e-001 0.000000000000000e+000 0.000000000000000e+000 0.000000000000000e+000
5.133655913978490e+000 -7.241946700454508e-001 2.004347021134088e-001 -3.490656578630997e-001 -1.068139520839584e-001 6.326787139453662e-001 1.429927219231315e-002 3.442242220900614e-001 0.000000000000000e+000 2.220446049250313e-016 0.000000000000000e+000
5.141774193548383e+000 -7.249499295923350e-001 2.000805599264153e-001 -3.490656365909947e-001 -1.140761296375752e-001 6.252254606408906e-001 1.131870762889363e-002 3.465530451742053e-001 0.000000000000000e+000 0.000000000000000e+000 0.000000000000000e+000
5.149892473118275e+000 -7.259143775477460e-001 1.998099689806514e-001 -3.490656119608052e-001 -1.217447004612255e-001 6.188216262855844e-001 8.420436610532206e-003 3.489392022993177e-001 0.000000000000000e+000 -4.440892098500626e-016 0.000000000000000e+000
5.158010752688167e+000 -7.270592069827608e-001 1.996466695402230e-001 -3.490655836819089e-001 -1.296928814243989e-001 6.136380370628713e-001 5.696035121322903e-003 3.512361494366860e-001 -3.650024149988857e-008 -4.440892098500626e-016 0.000000000000000e+000
5.166129032258059e+000 -7.283444206403331e-001 1.995902973444390e-001 -3.490655510700187e-001 -1.377083758515918e-001 6.096981985884545e-001 3.283966277984495e-003 3.532664258390221e-001 0.000000000000000e+000 6.661338147750939e-016 0.000000000000000e+000
5.174247311827951e+000 -7.297370116371839e-001 1.996168494173056e-001 -3.490655139352233e-001 -1.454914489201102e-001 6.069096266121137e-001 1.369061178834127e-003 3.548114879525640e-001 0.000000000000000e+000 -6.661338147750939e-016 0.000000000000000e+000
5.182365591397844e+000 -7.312227597307299e-001 1.996975517196886e-001 -3.490654738168085e-001 -1.526647031092288e-001 6.051255427728782e-001 1.777607781574311e-004 3.555974347222313e-001 1.490116119384766e-008 -2.220446049250313e-016 0.000000000000000e+000
5.190483870967736e+000 -7.327995872767960e-001 1.998245857643177e-001 -3.490654345668020e-001 -1.588044014463494e-001 6.042118965937691e-001 -5.290437726607550e-005 3.553058642532903e-001 0.000000000000000e+000 2.220446049250313e-016 0.000000000000000e+000
5.198602150537628e+000 -7.344568367361115e-001 2.000280529704797e-001 -3.490654016956373e-001 -1.634918582140403e-001 6.040698098302226e-001 8.748417991083007e-004 3.536167129829364e-001 -1.490116119384766e-008 0.000000000000000e+000 0.000000000000000e+000
5.206720430107520e+000 -7.361523909239293e-001 2.003717620950742e-001 -3.490653806231133e-001 -1.663676799390363e-001 6.045995863781679e-001 3.072356682027391e-003 3.502707201310085e-001 0.000000000000000e+000 -4.440892098500626e-016 0.000000000000000e+000
5.214838709677412e+000 -7.377976855815969e-001 2.009284206659083e-001 -3.490653747366380e-001 -1.671661160886964e-001 6.056949422504331e-001 6.531997594575280e-003 3.451215462210844e-001 0.000000000000000e+000 0.000000000000000e+000 0.000000000000000e+000
5.222956989247304e+000 -7.392519313645855e-001 2.017478129697188e-001 -3.490653844141841e-001 -1.657406474456369e-001 6.072922364866136e-001 1.111988934728315e-002 3.381769283135321e-001 0.000000000000000e+000 -4.440892098500626e-016 0.000000000000000e+000
5.231075268817197e+000 -7.403271936015686e-001 2.028333897884767e-001 -3.490654073218800e-001 -1.621145026762827e-001 6.093523702810222e-001 1.660141435339784e-002 3.296591005716903e-001 -2.107342425544702e-008 -2.220446049250313e-016 0.000000000000000e+000
5.239193548387089e+000 -7.408097834262822e-001 2.041407113619449e-001 -3.490654395618454e-001 -1.565380984716496e-001 6.117320541140701e-001 2.269030005276317e-002 3.200570177485468e-001 0.000000000000000e+000 2.220446049250313e-016 0.000000000000000e+000
5.247311827956981e+000 -7.405004964359248e-001 2.056028689033125e-001 -3.490654771827761e-001 -1.494879087802101e-001 6.140804913612061e-001 2.910287281131350e-002 3.100996707519398e-001 -1.490116119384766e-008 4.440892098500626e-016 0.000000000000000e+000
5.255430107526873e+000 -7.392740829472682e-001 2.071678991033230e-001 -3.490655173171087e-001 -1.415740440587539e-001 6.159038889419681e-001 3.560445405301674e-002 3.006242637188293e-001 -2.107342425544702e-008 -2.220446049250313e-016 0.000000000000000e+000
5.263548387096765e+000 -7.371473800830383e-001 2.088250594749970e-001 -3.490655583359917e-001 -1.333997799417399e-001 6.167366320568591e-001 4.204731089098012e-002 2.923913405691749e-001 -1.490116119384766e-008 2.220446049250313e-016 0.000000000000000e+000
5.271666666666658e+000 -7.343234390517084e-001 2.106123460032454e-001 -3.490655992325465e-001 -1.254569243064538e-001 6.162081206069949e-001 4.839762606185430e-002 2.859609671844003e-001 -2.580956827951785e-008 2.220446049250313e-016 0.000000000000000e+000
5.279784946236550e+000 -7.311768080590189e-001 2.126124500627007e-001 -3.490656388143853e-001 -1.180817307859856e-001 6.140412202090907e-001 5.473167822045490e-002 2.816733571768644e-001 2.107342425544702e-008 2.220446049250313e-016 0.000000000000000e+000
5.287903225806442e+000 -7.281781609098377e-001 2.149402945024250e-001 -3.490656752102830e-001 -1.114289596621849e-001 6.102037815994618e-001 6.119237032640016e-002 2.796509373703822e-001 -3.332000937312528e-008 -2.220446049250313e-016 0.000000000000000e+000
5.296021505376334e+000 -7.257883602821531e-001 2.177144796476527e-001 -3.490657060821019e-001 -1.054731663573114e-001 6.050461954182999e-001 6.793205212048101e-002 2.797968921129023e-001 1.490116119384766e-008 -2.220446049250313e-016 0.000000000000000e+000
5.304139784946226e+000 -7.243562128357787e-001 2.210109197374757e-001 -3.490657294419881e-001 -1.000813469917785e-001 5.991039795353016e-001 7.507262883829100e-002 2.818550930777798e-001 0.000000000000000e+000 0.000000000000000e+000 0.000000000000000e+000
5.312258064516119e+000 -7.240513226891787e-001 2.248178831863987e-001 -3.490657444701993e-001 -9.511377689434353e-002 5.927524931621330e-001 8.268959743835294e-002 2.855098203873105e-001 -2.580956827951785e-008 0.000000000000000e+000 0.000000000000000e+000
5.320376344086011e+000 -7.248526632605248e-001 2.290215139806588e-001 -3.490657518394125e-001 -9.047696300307928e-002 5.860834062166449e-001 9.081247445136596e-002 2.904486997359503e-001 -2.107342425544702e-008 6.661338147750939e-016 0.000000000000000e+000
5.328494623655903e+000 -7.265811381728228e-001 2.334336887597157e-001 -3.490657534934735e-001 -8.612732138043366e-002 5.790001570875222e-001 9.943617805421551e-002 2.963835869212048e-001 -1.490116119384766e-008 0.000000000000000e+000 0.000000000000000e+000
5.336612903225795e+000 -7.289429297179111e-001 2.378404109185803e-001 -3.490657520958979e-001 -8.205509830557145e-002 5.713623617782511e-001 1.085336622142362e-001 3.030592036917430e-001 -1.490116119384766e-008 0.000000000000000e+000 0.000000000000000e+000
5.344731182795687e+000 -7.315632609635738e-001 2.420370420545992e-001 -3.490657504677374e-001 -7.825979436858854e-002 5.631195374014664e-001 1.180541384875205e-001 3.102618514915608e-001 0.000000000000000e+000 -2.220446049250313e-016 0.000000000000000e+000
5.352849462365580e+000 -7.340209015821113e-001 2.458447560172787e-001 -3.490657512456419e-001 -7.472475796900291e-002 5.544102123452855e-001 1.279113667316656e-001 3.178137378581700e-001 0.000000000000000e+000 -4.440892098500626e-016 0.000000000000000e+000
5.360967741935472e+000 -7.359180196439620e-001 2.491247177414833e-001 -3.490657567280549e-001 -7.138819608217140e-002 5.455742927133753e-001 1.379922478152893e-001 3.255194604886719e-001 0.000000000000000e+000 2.220446049250313e-016 0.000000000000000e+000
5.369086021505364e+000 -7.369901236743973e-001 2.517926439977192e-001 -3.490657686565490e-001 -6.811392537148642e-002 5.370613620304878e-001 1.481928456541068e-001 3.330940371495831e-001 0.000000000000000e+000 0.000000000000000e+000 0.000000000000000e+000
5.377204301075256e+000 -7.371787438982529e-001 2.538253819775302e-001 -3.490657876979286e-001 -6.469704069504223e-002 5.293110659648342e-001 1.584418390700380e-001 3.401653575848091e-001 0.000000000000000e+000 0.000000000000000e+000 0.000000000000000e+000
5.385322580645148e+000 -7.365928191742553e-001 2.552582781833752e-001 -3.490658130077129e-001 -6.091613699183185e-002 5.227013341955404e-001 1.686853932404472e-001 3.463617496418867e-001 -1.490116119384766e-008 -2.220446049250313e-016 0.000000000000000e+000
5.393440860215041e+000 -7.354142791781814e-001 2.561735118988466e-001 -3.490658426201599e-001 -5.658241656799534e-002 5.175630143293470e-001 1.788662385310743e-001 3.513901223081269e-001 0.000000000000000e+000 2.220446049250313e-016 0.000000000000000e+000
5.401559139784933e+000 -7.338473440433708e-001 2.566836195833568e-001 -3.490658744257909e-001 -5.155029159717417e-002 5.141968138464282e-001 1.889320454463903e-001 3.550526015536790e-001 -2.580956827951785e-008 0.000000000000000e+000 0.000000000000000e+000
5.409677419354825e+000 -7.321051369429000e-001 2.569236290684633e-001 -3.490659068198684e-001 -4.572179124222742e-002 5.128415060598760e-001 1.988569076204290e-001 3.572496011184201e-001 0.000000000000000e+000 -2.220446049250313e-016 0.000000000000000e+000
5.417795698924717e+000 -7.303875979349841e-001 2.570518310335892e-001 -3.490659387440459e-001 -3.907409844928522e-002 5.135803810584337e-001 2.086478368498228e-001 3.580111954919462e-001 0.000000000000000e+000 -2.220446049250313e-016 0.000000000000000e+000
5.425913978494609e+000 -7.288580517616790e-001 2.572405300370351e-001 -3.490659694157924e-001 -3.167518204921671e-002 5.162719665374962e-001 2.183371901099005e-001 3.575112000136239e-001 0.000000000000000e+000 -6.661338147750939e-016 0.000000000000000e+000
5.434032258064502e+000 -7.276293109876540e-001 2.576486446019428e-001 -3.490659981791097e-001 -2.364836872868903e-002 5.206390905601298e-001 2.279669988471532e-001 3.560143987965713e-001 0.000000000000000e+000 0.000000000000000e+000 0.000000000000000e+000
5.442150537634394e+000 -7.267511149999733e-001 2.583885394503858e-001 -3.490660246792204e-001 -1.511900174930259e-002 5.264588954993046e-001 2.375653547883896e-001 3.538078215345284e-001 0.000000000000000e+000 2.220446049250313e-016 0.000000000000000e+000
5.450268817204286e+000 -7.262036914262073e-001 2.595071668834665e-001 -3.490660491442555e-001 -6.201238215687077e-003 5.336103675560809e-001 2.471310950405931e-001 3.511836821139023e-001 0.000000000000000e+000 2.220446049250313e-016 0.000000000000000e+000
5.458387096774178e+000 -7.259076524463763e-001 2.609914917058909e-001 -3.490660725845927e-001 2.984916405143201e-003 5.419401030249040e-001 2.566402446018584e-001 3.484425076791745e-001 -1.490116119384766e-008 4.440892098500626e-016 0.000000000000000e+000
5.466505376344070e+000 -7.257427081668523e-001 2.627834270730278e-001 -3.490660968222333e-001 1.231348234947149e-002 5.511645387612076e-001 2.660584065764877e-001 3.458687959993235e-001 0.000000000000000e+000 2.220446049250313e-016 0.000000000000000e+000
5.474623655913963e+000 -7.255643006138116e-001 2.647892282227047e-001 -3.490661240804116e-001 2.167670385366471e-002 5.608998371040630e-001 2.753446873633330e-001 3.436962328322733e-001 0.000000000000000e+000 4.440892098500626e-016 0.000000000000000e+000
5.482741935483855e+000 -7.252261949706866e-001 2.668925093296244e-001 -3.490661562455230e-001 3.100276971354443e-002 5.707346021917699e-001 2.844551502005339e-001 3.420873565657519e-001 0.000000000000000e+000 4.440892098500626e-016 0.000000000000000e+000
5.490860215053747e+000 -7.246135491554554e-001 2.689723412252165e-001 -3.490661943571257e-001 4.023927691192597e-002 5.802856856875422e-001 2.933530004949755e-001 3.411316860818511e-001 2.580956827951785e-008 0.000000000000000e+000 0.000000000000000e+000
5.498978494623639e+000 -7.236733814298645e-001 2.709092707015675e-001 -3.490662381608089e-001 4.932287987622352e-002 5.892236812494813e-001 3.020223777821975e-001 3.408458704520463e-001 2.107342425544702e-008 -4.440892098500626e-016 0.000000000000000e+000
5.507096774193531e+000 -7.224325314591856e-001 2.725833190021700e-001 -3.490662852377772e-001 5.818564899386391e-002 5.972897586140357e-001 3.104787533446354e-001 3.411546052096362e-001 -1.490116119384766e-008 2.220446049250313e-016 0.000000000000000e+000
5.515215053763424e+000 -7.209913446953191e-001 2.738921849173177e-001 -3.490663309957482e-001 6.679328385145533e-002 6.043283005630880e-001 3.187676344054728e-001 3.418776536495277e-001 0.000000000000000e+000 2.220446049250313e-016 0.000000000000000e+000
5.523333333333316e+000 -7.194854611126079e-001 2.747936397847486e-001 -3.490663710328795e-001 7.516346549500219e-002 6.102831017834010e-001 3.269506755770020e-001 3.427653653558725e-001 2.580956827951785e-008 -2.220446049250313e-016 0.000000000000000e+000
5.531451612903208e+000 -7.180387789454226e-001 2.753333685043107e-001 -3.490664038147477e-001 8.335590707954532e-002 6.151197601104641e-001 3.350876152194439e-001 3.435672262055002e-001 2.107342425544702e-008 4.440892098500626e-016 0.000000000000000e+000
5.539569892473100e+000 -7.167359544238616e-001 2.756308226901307e-001 -3.490664307665588e-001 9.146380970201862e-002 6.187745050926446e-001 3.432217594828398e-001 3.440843508681090e-001 -1.490116119384766e-008 -2.220446049250313e-016 0.000000000000000e+000
5.547688172042992e+000 -7.156184918129722e-001 2.758393621268325e-001 -3.490664543906389e-001 9.961271714454312e-002 6.212110034804461e-001 3.513721061033890e-001 3.441858876514406e-001 0.000000000000000e+000 0.000000000000000e+000 0.000000000000000e+000
5.555806451612884e+000 -7.146894723923288e-001 2.761023173476127e-001 -3.490664766897212e-001 1.079470908178395e-001 6.224801683479583e-001 3.595293991027130e-001 3.438081633451917e-001 0.000000000000000e+000 4.440892098500626e-016 0.000000000000000e+000
5.563924731182777e+000 -7.139093691569779e-001 2.765143360279665e-001 -3.490664991063356e-001 1.165943277512527e-001 6.226714774040800e-001 3.676517192071108e-001 3.429628936370223e-001 0.000000000000000e+000 -8.881784197001252e-016 0.000000000000000e+000
5.572043010752669e+000 -7.131918365246091e-001 2.771028458153135e-001 -3.490665233587632e-001 1.256251709521976e-001 6.218267524075939e-001 3.756649763575063e-001 3.417520337686751e-001 0.000000000000000e+000 2.220446049250313e-016 0.000000000000000e+000
5.580161290322561e+000 -7.124255924722068e-001 2.778413956782437e-001 -3.490665514956476e-001 1.350389484778580e-001 6.199102278307863e-001 3.834790073264304e-001 3.403621065748165e-001 0.000000000000000e+000 -6.661338147750939e-016 0.000000000000000e+000
5.588279569892453e+000 -7.115161555183358e-001 2.786814622465250e-001 -3.490665845353893e-001 1.447812064751228e-001 6.168317927883787e-001 3.910145525425787e-001 3.390227096829788e-001 0.000000000000000e+000 -6.661338147750939e-016 0.000000000000000e+000
5.596397849462345e+000 -7.104155345887686e-001 2.795758611249317e-001 -3.490666211418204e-001 1.547799880858152e-001 6.125264090398421e-001 3.982219645831731e-001 3.379466820282187e-001 0.000000000000000e+000 4.440892098500626e-016 0.000000000000000e+000
5.604516129032238e+000 -7.091286921916150e-001 2.804815712074107e-001 -3.490666579013067e-001 1.649760716760389e-001 6.070458981478608e-001 4.050831403062165e-001 3.372910915487734e-001 0.000000000000000e+000 0.000000000000000e+000 0.000000000000000e+000
5.612634408602130e+000 -7.077053823934476e-001 2.813519886404639e-001 -3.490666906556377e-001 1.753270324788905e-001 6.005460296526392e-001 4.116032683285339e-001 3.371576813361173e-001 -2.107342425544702e-008 2.220446049250313e-016 0.000000000000000e+000
5.620752688172022e+000 -7.062230453416570e-001 2.821377434503190e-001 -3.490667156086116e-001 1.857907157698389e-001 5.931844519920063e-001 4.177987697203538e-001 3.376040339058570e-001 0.000000000000000e+000 6.661338147750939e-016 0.000000000000000e+000
5.628870967741914e+000 -7.047625020920247e-001 2.828032299621310e-001 -3.490667302138599e-001 1.963055362024528e-001 5.850404755192632e-001 4.236830265047647e-001 3.386452758330192e-001 0.000000000000000e+000 2.220446049250313e-016 0.000000000000000e+000
5.636989247311806e+000 -7.033831302735560e-001 2.833476154320729e-001 -3.490667341907692e-001 2.067737981335291e-001 5.760705253998405e-001 4.292523849586282e-001 3.402845754669009e-001 0.000000000000000e+000 0.000000000000000e+000 0.000000000000000e+000
5.645107526881699e+000 -7.021134194605594e-001 2.838143094027203e-001 -3.490667299030067e-001 2.170571405497817e-001 5.661035769225042e-001 4.344820820577756e-001 3.425879034012329e-001 -2.980232238769531e-008 0.000000000000000e+000 0.000000000000000e+000
5.653225806451591e+000 -7.009643849484171e-001 2.842789139534914e-001 -3.490667213492231e-001 2.269948502520327e-001 5.549278691258232e-001 4.393397059163258e-001 3.457273147323058e-001 0.000000000000000e+000 2.220446049250313e-016 0.000000000000000e+000
5.661344086021483e+000 -6.999470844828611e-001 2.848137983640671e-001 -3.490667125296295e-001 2.364346882125070e-001 5.424395639690809e-001 4.438015266405124e-001 3.499269431833283e-001 0.000000000000000e+000 2.220446049250313e-016 0.000000000000000e+000
5.669462365591375e+000 -6.990735770490658e-001 2.854446475109125e-001 -3.490667062951930e-001 2.452599789334746e-001 5.287521341883763e-001 4.478509891121761e-001 3.553563560263741e-001 0.000000000000000e+000 -6.661338147750939e-016 0.000000000000000e+000
5.677580645161267e+000 -6.983436823746481e-001 2.861386292848283e-001 -3.490667040919622e-001 2.534062783448106e-001 5.141847075829785e-001 4.514685647988093e-001 3.620679740189148e-001 0.000000000000000e+000 -4.440892098500626e-016 0.000000000000000e+000
5.685698924731160e+000 -6.977315038515368e-001 2.868449187237618e-001 -3.490667064160373e-001 2.608595455403173e-001 4.991251043626930e-001 4.546333267129777e-001 3.700158634164130e-001 1.490116119384766e-008 2.220446049250313e-016 0.000000000000000e+000
5.693817204301052e+000 -6.971892953442086e-001 2.875384808666244e-001 -3.490667128262022e-001 2.676385238858297e-001 4.838809967888148e-001 4.573298654829278e-001 3.791051518509791e-001 -1.490116119384766e-008 -2.220446049250313e-016 0.000000000000000e+000
5.701935483870944e+000 -6.966756132148562e-001 2.882099298188756e-001 -3.490667212824726e-001 2.737815374869312e-001 4.686388314153930e-001 4.595467365872168e-001 3.892093093212458e-001 0.000000000000000e+000 0.000000000000000e+000 0.000000000000000e+000
5.710053763440836e+000 -6.961785004383386e-001 2.888246261596583e-001 -3.490667287357502e-001 2.793435270697944e-001 4.535142286120983e-001 4.612721302938432e-001 4.001593268918080e-001 0.000000000000000e+000 -2.220446049250313e-016 0.000000000000000e+000
5.718172043010728e+000 -6.957024085666335e-001 2.893079549867119e-001 -3.490667334963102e-001 2.843875328138812e-001 4.386038462341400e-001 4.624935318999390e-001 4.117485274254455e-001 -2.580956827951785e-008 -2.220446049250313e-016 0.000000000000000e+000
5.726290322580621e+000 -6.952373072061540e-001 2.895661536485901e-001 -3.490667369596631e-001 2.889658061508931e-001 4.240046337254491e-001 4.631960642140690e-001 4.237653165898314e-001 -2.107342425544702e-008 0.000000000000000e+000 0.000000000000000e+000
5.734408602150513e+000 -6.947508636347994e-001 2.895165193043132e-001 -3.490667426412620e-001 2.931055569157364e-001 4.098227014292507e-001 4.633603579855256e-001 4.360300253254433e-001 2.980232238769531e-008 0.000000000000000e+000 0.000000000000000e+000
5.742526881720405e+000 -6.942146630110662e-001 2.891061364366685e-001 -3.490667534212976e-001 2.968093563318413e-001 3.961749238047435e-001 4.629718524709942e-001 4.484156559342571e-001 -2.580956827951785e-008 -4.440892098500626e-016 0.000000000000000e+000
5.750645161290297e+000 -6.936388051319684e-001 2.883146913132153e-001 -3.490667694417226e-001 3.000636892489417e-001 3.831721050476649e-001 4.620391931478604e-001 4.608466899129081e-001 -2.107342425544702e-008 0.000000000000000e+000 0.000000000000000e+000
5.758763440860189e+000 -6.930775493707244e-001 2.871506290926296e-001 -3.490667881376296e-001 3.028418974965881e-001 3.708984914709764e-001 4.605993549680686e-001 4.732846083718061e-001 0.000000000000000e+000 6.661338147750939e-016 0.000000000000000e+000
5.766881720430082e+000 -6.925986864184909e-001 2.856471149727962e-001 -3.490668061941187e-001 3.050977129985280e-001 3.593980329589313e-001 4.587023496862869e-001 4.857235991857161e-001 2.580956827951785e-008 -2.220446049250313e-016 0.000000000000000e+000
5.774999999999974e+000 -6.922537674392922e-001 2.838516229419670e-001 -3.490668212479184e-001 3.067694192846744e-001 3.486728398740162e-001 4.563953622833385e-001 4.981923622394596e-001 -1.490116119384766e-008 2.220446049250313e-016 0.000000000000000e+000
5.783118279569866e+000 -6.920740898530654e-001 2.818103923927229e-001 -3.490668321410581e-001 3.078073852191650e-001 3.387164918641248e-001 4.537166870094223e-001 5.107327789635997e-001 0.000000000000000e+000 4.440892098500626e-016 0.000000000000000e+000
5.791236559139758e+000 -6.920688322101117e-001 2.795654599922539e-001 -3.490668393935851e-001 3.081929754801192e-001 3.295648557161334e-001 4.506876978143431e-001 5.233694236108040e-001 -3.332000937312528e-008 -8.881784197001252e-016 0.000000000000000e+000
5.799354838709650e+000 -6.922114976170126e-001 2.771733344566483e-001 -3.490668458015779e-001 3.079183679603634e-001 3.212931405033841e-001 4.473041583695918e-001 5.361100384494476e-001 -2.980232238769531e-008 -4.440892098500626e-016 0.000000000000000e+000
5.807473118279543e+000 -6.924483713161714e-001 2.747246599640709e-001 -3.490668546710944e-001 3.069570304546472e-001 3.139447447505689e-001 4.435498182352414e-001 5.489721582718035e-001 -2.580956827951785e-008 0.000000000000000e+000 0.000000000000000e+000
5.815591397849435e+000 -6.927427341456411e-001 2.723411856425451e-001 -3.490668665538616e-001 3.052664913402554e-001 3.074725671773881e-001 4.394334956150846e-001 5.619985860639235e-001 1.490116119384766e-008 4.440892098500626e-016 0.000000000000000e+000
5.823709677419327e+000 -6.931036287027307e-001 2.701577566304962e-001 -3.490668784206009e-001 3.028095416256860e-001 3.017460137687041e-001 4.350164142982455e-001 5.752478178008107e-001 0.000000000000000e+000 2.220446049250313e-016 0.000000000000000e+000
5.831827956989219e+000 -6.935633240333823e-001 2.683047485704497e-001 -3.490668858868992e-001 2.995652396613557e-001 2.965934998283395e-001 4.304074138367627e-001 5.887711368635401e-001 2.980232238769531e-008 0.000000000000000e+000 0.000000000000000e+000
5.839946236559111e+000 -6.941390118062117e-001 2.668872644363418e-001 -3.490668854684073e-001 2.955358455813928e-001 2.918467753625643e-001 4.257346830515946e-001 6.025840662688906e-001 -2.980232238769531e-008 -6.661338147750939e-016 0.000000000000000e+000
5.848064516129004e+000 -6.948207105364301e-001 2.659603087064444e-001 -3.490668752709410e-001 2.907534323197358e-001 2.873813546904893e-001 4.211113686128869e-001 6.166366698754860e-001 1.490116119384766e-008 -2.220446049250313e-016 0.000000000000000e+000
5.856182795698896e+000 -6.955849095872551e-001 2.655132517010659e-001 -3.490668548299040e-001 2.852662034703775e-001 2.831416625995388e-001 4.166095475820946e-001 6.307998995675634e-001 -1.490116119384766e-008 2.220446049250313e-016 0.000000000000000e+000
5.864301075268788e+000 -6.964151871917584e-001 2.654723961104262e-001 -3.490668245152841e-001 2.791117830279055e-001 2.791393536748217e-001 4.122537894096511e-001 6.448763092051695e-001 0.000000000000000e+000 2.220446049250313e-016 0.000000000000000e+000
5.872419354838680e+000 -6.973156875650634e-001 2.657220226912722e-001 -3.490667846734439e-001 2.723240497388890e-001 2.754291344932126e-001 4.080362631103247e-001 6.586175692837112e-001 0.000000000000000e+000 2.220446049250313e-016 0.000000000000000e+000
5.880537634408572e+000 -6.983085150477519e-001 2.661353798812394e-001 -3.490667357157005e-001 2.649785697285734e-001 2.720749889396701e-001 4.039384231711619e-001 6.717390749697971e-001 0.000000000000000e+000 4.440892098500626e-016 0.000000000000000e+000
5.888655913978464e+000 -6.994167398932950e-001 2.665952754784007e-001 -3.490666793604946e-001 2.572178045930373e-001 2.691227825635669e-001 3.999392134917890e-001 6.839454907219270e-001 -2.107342425544702e-008 -2.220446049250313e-016 0.000000000000000e+000
5.896774193548357e+000 -7.006477617027780e-001 2.669938321547603e-001 -3.490666189252460e-001 2.492267689240726e-001 2.665887478557598e-001 3.960095022252406e-001 6.949698938523677e-001 3.332000937312528e-008 0.000000000000000e+000 0.000000000000000e+000
5.904892473118249e+000 -7.019844499179965e-001 2.672276279826527e-001 -3.490665577773063e-001 2.411916289025164e-001 2.644599913674417e-001 3.921066526819552e-001 7.046050220609190e-001 0.000000000000000e+000 0.000000000000000e+000 0.000000000000000e+000
5.913010752688141e+000 -7.033813295626353e-001 2.672069106400199e-001 -3.490664978981405e-001 2.332724978947280e-001 2.627052582124058e-001 3.881769464221362e-001 7.127082697514523e-001 0.000000000000000e+000 0.000000000000000e+000 0.000000000000000e+000
5.921129032258033e+000 -7.047739120131010e-001 2.668687616789174e-001 -3.490664399105250e-001 2.255929846631364e-001 2.612960586503239e-001 3.841651757900874e-001 7.191882881071477e-001 2.107342425544702e-008 -6.661338147750939e-016 0.000000000000000e+000
5.929247311827925e+000 -7.061047052117674e-001 2.661730511094202e-001 -3.490663839503509e-001 2.182375377555776e-001 2.602270251915731e-001 3.800188175709039e-001 7.239959579545917e-001 0.000000000000000e+000 -2.220446049250313e-016 0.000000000000000e+000
5.937365591397818e+000 -7.073458326231177e-001 2.650876377490019e-001 -3.490663305722629e-001 2.112497242878826e-001 2.595240788979303e-001 3.756750671935629e-001 7.271267222240723e-001 1.490116119384766e-008 -4.440892098500626e-016 0.000000000000000e+000
5.945483870967710e+000 -7.085017089937530e-001 2.635842946805858e-001 -3.490662810440552e-001 2.046334334660791e-001 2.592342249404560e-001 3.710525341121763e-001 7.286211921089610e-001 0.000000000000000e+000 -2.220446049250313e-016 0.000000000000000e+000
5.953602150537602e+000 -7.095910823598981e-001 2.616487844840605e-001 -3.490662367458577e-001 1.983599033584347e-001 2.593989128272198e-001 3.660702950112051e-001 7.285591709596710e-001 2.107342425544702e-008 2.220446049250313e-016 0.000000000000000e+000
5.961720430107494e+000 -7.106132677811626e-001 2.592968137699105e-001 -3.490661985189074e-001 1.923760256698552e-001 2.600343086908164e-001 3.606703634390158e-001 7.270540019027822e-001 0.000000000000000e+000 -2.220446049250313e-016 0.000000000000000e+000
5.969838709677386e+000 -7.115225302000403e-001 2.565864990014073e-001 -3.490661666014600e-001 1.866136149722175e-001 2.611358434794169e-001 3.548248557967753e-001 7.242447384985200e-001 0.000000000000000e+000 0.000000000000000e+000 0.000000000000000e+000
5.977956989247279e+000 -7.122404236891848e-001 2.536103936624274e-001 -3.490661407227614e-001 1.810045087973493e-001 2.626912823536821e-001 3.485448659596316e-001 7.202845250903458e-001 0.000000000000000e+000 -2.220446049250313e-016 0.000000000000000e+000
5.986075268817171e+000 -7.126955381992491e-001 2.504610709635033e-001 -3.490661201700852e-001 1.754931487252291e-001 2.646889836186327e-001 3.418846820047798e-001 7.153359302379526e-001 0.000000000000000e+000 0.000000000000000e+000 0.000000000000000e+000
5.994193548387063e+000 -7.128560894782152e-001 2.471964896578445e-001 -3.490661039768691e-001 1.700336611698723e-001 2.671316140121263e-001 3.349173106270705e-001 7.095677970100872e-001 0.000000000000000e+000 -2.220446049250313e-016 0.000000000000000e+000
6.002311827956955e+000 -7.127452372175086e-001 2.438350285883475e-001 -3.490660912195490e-001 1.645798039022459e-001 2.700554187744383e-001 3.276991674341074e-001 7.031351029998615e-001 -1.490116119384766e-008 2.220446049250313e-016 0.000000000000000e+000
6.010430107526847e+000 -7.124429109905768e-001 2.403787158025730e-001 -3.490660813996900e-001 1.590876934659695e-001 2.735343285040898e-001 3.202611267618606e-001 6.961498947985374e-001 3.942476676500724e-008 -2.220446049250313e-016 0.000000000000000e+000
6.018548387096740e+000 -7.120718901283648e-001 2.368400132981243e-001 -3.490660745121267e-001 1.535355664585008e-001 2.776618510759772e-001 3.126266619924832e-001 6.886637215129192e-001 0.000000000000000e+000 0.000000000000000e+000 0.000000000000000e+000
6.026666666666632e+000 -7.117709016316201e-001 2.332516549938501e-001 -3.490660705825184e-001 1.479449892553462e-001 2.825281735703035e-001 3.048283910791477e-001 6.806629277839509e-001 0.000000000000000e+000 0.000000000000000e+000 0.000000000000000e+000
6.034784946236524e+000 -7.116634122692586e-001 2.296636814775930e-001 -3.490660693418141e-001 1.423831842891290e-001 2.882063559184476e-001 2.969070830721483e-001 6.720743697289253e-001 -2.980232238769531e-008 6.661338147750939e-016 0.000000000000000e+000
6.042903225806416e+000 -7.118321927848632e-001 2.261462527056370e-001 -3.490660703633925e-001 1.369421446672263e-001 2.947483707161154e-001 2.889012866985640e-001 6.627824120006635e-001 0.000000000000000e+000 2.220446049250313e-016 0.000000000000000e+000
6.051021505376308e+000 -7.123095808012506e-001 2.227947612216208e-001 -3.490660731484677e-001 1.317118185585984e-001 3.021859385628436e-001 2.808373461332948e-001 6.526508102507441e-001 3.332000937312528e-008 -4.440892098500626e-016 0.000000000000000e+000
6.059139784946201e+000 -7.130875977412367e-001 2.197117456886024e-001 -3.490660768989976e-001 1.267679944444247e-001 3.105238388163552e-001 2.727231583730485e-001 6.415451735647425e-001 0.000000000000000e+000 2.220446049250313e-016 0.000000000000000e+000
6.067258064516093e+000 -7.141397626658305e-001 2.169614125251895e-001 -3.490660803066815e-001 1.221773978708687e-001 3.197185771629659e-001 2.645494820349834e-001 6.293605891510432e-001 -2.980232238769531e-008 4.440892098500626e-016 0.000000000000000e+000
6.075376344085985e+000 -7.154322861577112e-001 2.145294301050267e-001 -3.490660817999857e-001 1.180004514659472e-001 3.296658610593318e-001 2.562968564199643e-001 6.160588933656626e-001 0.000000000000000e+000 0.000000000000000e+000 0.000000000000000e+000
6.083494623655877e+000 -7.169119926480598e-001 2.123236642689512e-001 -3.490660802953874e-001 1.142716052907389e-001 3.402282383080594e-001 2.479430601805459e-001 6.017121291210632e-001 -1.490116119384766e-008 -2.220446049250313e-016 0.000000000000000e+000
6.091612903225769e+000 -7.184896279485998e-001 2.102205832609714e-001 -3.490660758924868e-001 1.109676626609182e-001 3.512838062598052e-001 2.394760016548951e-001 5.865294976921887e-001 0.000000000000000e+000 4.440892098500626e-016 0.000000000000000e+000
6.099731182795662e+000 -7.200417262150909e-001 2.081292733316893e-001 -3.490660699613583e-001 1.079966786391318e-001 3.627495318800705e-001 2.309128813336556e-001 5.708429886837441e-001 0.000000000000000e+000 -2.220446049250313e-016 0.000000000000000e+000
6.107849462365554e+000 -7.214333965922926e-001 2.060331608370380e-001 -3.490660645041372e-001 1.052179583975141e-001 3.745734127098329e-001 2.223116737801568e-001 5.550587456847064e-001 -2.107342425544702e-008 -2.220446049250313e-016 0.000000000000000e+000
6.115967741935446e+000 -7.225554782120077e-001 2.039854010292641e-001 -3.490660610192980e-001 1.024762288747456e-001 3.867206336923617e-001 2.137656663107694e-001 5.395953499557024e-001 0.000000000000000e+000 -2.220446049250313e-016 0.000000000000000e+000
6.124086021505338e+000 -7.233588319205745e-001 2.020646522374572e-001 -3.490660596517481e-001 9.963310525190883e-002 3.991679884100283e-001 2.053798835591631e-001 5.248211188405050e-001 3.332000937312528e-008 0.000000000000000e+000 0.000000000000000e+000
6.132204301075230e+000 -7.238615523941442e-001 2.003194400463315e-001 -3.490660592671168e-001 9.658433123654886e-002 4.118959389918126e-001 1.972326751447004e-001 5.110086367166936e-001 0.000000000000000e+000 0.000000000000000e+000 0.000000000000000e+000
6.140322580645123e+000 -7.241311964093841e-001 1.987324789192582e-001 -3.490660582003523e-001 9.325949862319338e-002 4.248695214328043e-001 1.893431894440577e-001 4.983181353758514e-001 0.000000000000000e+000 0.000000000000000e+000 0.000000000000000e+000
6.148440860215015e+000 -7.242683685108908e-001 1.972241732478670e-001 -3.490660550735847e-001 8.962096847959611e-002 4.380216081390264e-001 1.816749818680258e-001 4.867943698011663e-001 -2.580956827951785e-008 -2.220446049250313e-016 0.000000000000000e+000
6.156559139784907e+000 -7.243934819775165e-001 1.956963382729895e-001 -3.490660492655986e-001 8.567408744150562e-002 4.512500162770649e-001 1.741774566754183e-001 4.763670756855133e-001 0.000000000000000e+000 -2.220446049250313e-016 0.000000000000000e+000
6.164677419354799e+000 -7.246148719619422e-001 1.940913303151159e-001 -3.490660409753447e-001 8.146882004186273e-002 4.644227772706714e-001 1.668275769610108e-001 4.668727218403194e-001 -1.490116119384766e-008 0.000000000000000e+000 0.000000000000000e+000
6.172795698924691e+000 -7.249939805731236e-001 1.924199446932768e-001 -3.490660310202127e-001 7.707839060256427e-002 4.773800062422248e-001 1.596403160368795e-001 4.581030290211227e-001 -1.490116119384766e-008 0.000000000000000e+000 0.000000000000000e+000
6.180913978494584e+000 -7.255392596110989e-001 1.907454596517000e-001 -3.490660205327754e-001 7.257336982818918e-002 4.899434663223776e-001 1.526547447083610e-001 4.498499601131344e-001 0.000000000000000e+000 -4.440892098500626e-016 0.000000000000000e+000
6.189032258064476e+000 -7.262168868534227e-001 1.891622109762325e-001 -3.490660106339023e-001 6.801167898476601e-002 5.019512289255422e-001 1.459193676846177e-001 4.419212176759726e-001 -1.490116119384766e-008 0.000000000000000e+000 0.000000000000000e+000
6.197150537634368e+000 -7.269569382568007e-001 1.877830057988414e-001 -3.490660020712318e-001 6.344390300444980e-002 5.132922702119770e-001 1.394844902974733e-001 4.341394333490095e-001 0.000000000000000e+000 0.000000000000000e+000 0.000000000000000e+000
6.205268817204260e+000 -7.276604926737104e-001 1.867123556654204e-001 -3.490659949896252e-001 5.891702386130238e-002 5.239101104100155e-001 1.333926072790400e-001 4.263540175985557e-001 -3.332000937312528e-008 -6.661338147750939e-016 0.000000000000000e+000
6.213387096774152e+000 -7.282240742116370e-001 1.860106638077486e-001 -3.490659889733203e-001 5.446800146451780e-002 5.337947634619391e-001 1.276641458537566e-001 4.184660157740912e-001 0.000000000000000e+000 2.220446049250313e-016 0.000000000000000e+000
6.221505376344044e+000 -7.285845044303209e-001 1.856750170276820e-001 -3.490659832761908e-001 5.011940430218087e-002 5.429912666148056e-001 1.222874609576216e-001 4.104410232344400e-001 -2.980232238769531e-008 -2.220446049250313e-016 0.000000000000000e+000
6.229623655913937e+000 -7.287618464697909e-001 1.856395772347299e-001 -3.490659771459226e-001 4.588737342486193e-002 5.516089063421236e-001 1.172218956417968e-001 4.023004633154920e-001 -2.107342425544702e-008 2.220446049250313e-016 0.000000000000000e+000
6.237741935483829e+000 -7.288698802228161e-001 1.857949720949357e-001 -3.490659701414224e-001 4.179590269568756e-002 5.598047167056159e-001 1.124169932758625e-001 3.940992764626747e-001 0.000000000000000e+000 4.440892098500626e-016 0.000000000000000e+000
6.245860215053721e+000 -7.290803908323018e-001 1.860257914823245e-001 -3.490659622765433e-001 3.788268108764714e-002 5.677431544152803e-001 1.078378817169682e-001 3.859000986506261e-001 -3.942476676500724e-008 -6.661338147750939e-016 0.000000000000000e+000
6.253978494623613e+000 -7.295461063869608e-001 1.862356359835955e-001 -3.490659539465630e-001 3.418316595806115e-002 5.755370293028731e-001 1.034732483685321e-001 3.777703788977765e-001 0.000000000000000e+000 0.000000000000000e+000 0.000000000000000e+000
6.262096774193505e+000 -7.303074317644658e-001 1.863387660482530e-001 -3.490659457866008e-001 3.069291360241966e-002 5.831762773150818e-001 9.931350060484770e-002 3.698239753837536e-001 2.107342425544702e-008 0.000000000000000e+000 0.000000000000000e+000
6.270215053763398e+000 -7.312544720626759e-001 1.862559159711474e-001 -3.490659384423347e-001 2.733548240720896e-002 5.904953951824085e-001 9.532320348126966e-002 3.622613618698020e-001 0.000000000000000e+000 -4.440892098500626e-016 0.000000000000000e+000
6.278333333333290e+000 -7.322068938881755e-001 1.859479952725682e-001 -3.490659321407188e-001 2.397774547559339e-002 5.972362211040548e-001 9.144404418596043e-002 3.553313771446439e-001 -1.490116119384766e-008 -2.220446049250313e-016 0.000000000000000e+000
6.286451612903182e+000 -7.330409611126919e-001 1.854513150523598e-001 -3.490659264659746e-001 2.049154376296092e-002 6.031667942106651e-001 8.762398341973812e-002 3.492296074691311e-001 0.000000000000000e+000 -4.440892098500626e-016 0.000000000000000e+000
6.294569892473074e+000 -7.337352284579892e-001 1.848681144794044e-001 -3.490659207288895e-001 1.680549162315326e-002 6.081590922659410e-001 8.383858046494526e-002 3.440272707575348e-001 0.000000000000000e+000 -2.220446049250313e-016 0.000000000000000e+000
6.302688172042966e+000 -7.343311925897413e-001 1.843231260808604e-001 -3.490659144917043e-001 1.290722954203560e-002 6.121948326451566e-001 8.009269630932554e-002 3.396780553398131e-001 -1.490116119384766e-008 2.220446049250313e-016 0.000000000000000e+000
6.310806451612859e+000 -7.348803541026577e-001 1.839211326971917e-001 -3.490659076866268e-001 8.808805535343911e-003 6.153235790837136e-001 7.641007964736399e-002 3.360818135742590e-001 2.107342425544702e-008 2.220446049250313e-016 0.000000000000000e+000
6.318924731182751e+000 -7.354118993778668e-001 1.837243037748417e-001 -3.490659004153751e-001 4.514261535712771e-003 6.176025476361088e-001 7.281986530385816e-002 3.331512253580311e-001 0.000000000000000e+000 2.220446049250313e-016 0.000000000000000e+000
6.327043010752643e+000 -7.359336772595360e-001 1.837531352950657e-001 -3.490658927872090e-001 1.850955866022908e-005 6.190595319085639e-001 6.935204233577627e-002 3.308298632684533e-001 -1.490116119384766e-008 -2.220446049250313e-016 0.000000000000000e+000
6.335161290322535e+000 -7.364479054819607e-001 1.840022253656775e-001 -3.490658849260138e-001 -4.676240311111801e-003 6.196904006623628e-001 6.603860351412628e-002 3.290744831879933e-001 -1.490116119384766e-008 -2.220446049250313e-016 0.000000000000000e+000
6.343279569892427e+000 -7.369490618248253e-001 1.844536915164488e-001 -3.490658769959517e-001 -9.551888315272317e-003 6.194644983674741e-001 6.290933815775618e-002 3.278401089877279e-001 2.107342425544702e-008 -6.661338147750939e-016 0.000000000000000e+000
6.351397849462320e+000 -7.374221707887492e-001 1.850776503215643e-001 -3.490658691342631e-001 -1.456901373857189e-002 6.183267236117986e-001 5.998851039111301e-002 3.270649876700486e-001 2.107342425544702e-008 -6.661338147750939e-016 0.000000000000000e+000
6.359516129032212e+000 -7.378578019698894e-001 1.858267969900500e-001 -3.490658614279247e-001 -1.966203254960974e-002 6.162080398175419e-001 5.729487021770263e-002 3.266580140769958e-001 0.000000000000000e+000 2.220446049250313e-016 0.000000000000000e+000
6.367634408602104e+000 -7.382542363197304e-001 1.866419877720873e-001 -3.490658540239116e-001 -2.474207701208697e-002 6.130649187120596e-001 5.483787992176426e-002 3.265117445127046e-001 0.000000000000000e+000 0.000000000000000e+000 0.000000000000000e+000
6.375752688171996e+000 -7.385990891504263e-001 1.874720899520592e-001 -3.490658472497348e-001 -2.970176548026071e-002 6.089380946448190e-001 5.261739055563613e-002 3.265355328805252e-001 0.000000000000000e+000 -4.440892098500626e-016 0.000000000000000e+000
6.383870967741888e+000 -7.388544868169137e-001 1.882904102952780e-001 -3.490658416654065e-001 -3.442364541864995e-002 6.039643963898698e-001 5.063448768736170e-002 3.266786847399146e-001 2.107342425544702e-008 -4.440892098500626e-016 0.000000000000000e+000
6.391989247311781e+000 -7.389608220662618e-001 1.890944878158229e-001 -3.490658380220748e-001 -3.879879751803284e-002 5.983134040455809e-001 4.890383673865685e-002 3.269279337835027e-001 -1.490116119384766e-008 -2.220446049250313e-016 0.000000000000000e+000
6.400107526881673e+000 -7.388620371503355e-001 1.898929657404822e-001 -3.490658369333107e-001 -4.274303152497017e-002 5.921266733734919e-001 4.745429697287690e-002 3.272920404985877e-001 3.332000937312528e-008 -2.220446049250313e-016 0.000000000000000e+000
6.408225806451565e+000 -7.385296756956685e-001 1.906850101190729e-001 -3.490658383519595e-001 -4.620362147836943e-002 5.855223559167581e-001 4.631163791927648e-002 3.277902298884545e-001 -2.580956827951785e-008 -4.440892098500626e-016 0.000000000000000e+000
6.416344086021457e+000 -7.379567034623776e-001 1.914425223446403e-001 -3.490658414835912e-001 -4.916392846696072e-002 5.786261072315966e-001 4.547378131244006e-002 3.284477107869807e-001 -2.980232238769531e-008 -4.440892098500626e-016 0.000000000000000e+000
6.424462365591349e+000 -7.371431109639154e-001 1.921133540319282e-001 -3.490658453648858e-001 -5.164047623289991e-002 5.715825895956925e-001 4.490560240527918e-002 3.292932655646700e-001 0.000000000000000e+000 4.440892098500626e-016 0.000000000000000e+000
6.432580645161242e+000 -7.361109743947153e-001 1.926448014599718e-001 -3.490658494748111e-001 -5.366769818721573e-002 5.645519842318102e-001 4.456132703578900e-002 3.303453294446998e-001 1.490116119384766e-008 -4.440892098500626e-016 0.000000000000000e+000
6.440698924731134e+000 -7.349299056784130e-001 1.930016137729513e-001 -3.490658537497743e-001 -5.529181244707404e-002 5.576918082113355e-001 4.440845166119604e-002 3.315942683821159e-001 1.490116119384766e-008 0.000000000000000e+000 0.000000000000000e+000
6.448817204301026e+000 -7.337128923786564e-001 1.931625505719752e-001 -3.490658580759209e-001 -5.659290091566738e-002 5.511208534986845e-001 4.442891890954501e-002 3.330228269434772e-001 2.580956827951785e-008 -6.661338147750939e-016 0.000000000000000e+000
6.456935483870918e+000 -7.325869143391887e-001 1.931076222753756e-001 -3.490658618358479e-001 -5.771157061582533e-002 5.449099595321457e-001 4.460148378560836e-002 3.346637979251163e-001 -2.980232238769531e-008 -2.220446049250313e-016 0.000000000000000e+000
6.465053763440810e+000 -7.316631727963825e-001 1.928140261765368e-001 -3.490658640234725e-001 -5.884213977235731e-002 5.391285009621196e-001 4.488666493759761e-002 3.366248427646061e-001 0.000000000000000e+000 0.000000000000000e+000 0.000000000000000e+000
6.473172043010703e+000 -7.310179636925556e-001 1.922593519210916e-001 -3.490658638718438e-001 -6.019336659478025e-002 5.338809012763446e-001 4.522902959255504e-002 3.390449273155720e-001 2.107342425544702e-008 -4.440892098500626e-016 0.000000000000000e+000
6.481290322580595e+000 -7.306905277382794e-001 1.914207682640523e-001 -3.490658613348675e-001 -6.194595333406361e-002 5.292856993623246e-001 4.557239316094681e-002 3.420309628327291e-001 0.000000000000000e+000 -4.440892098500626e-016 0.000000000000000e+000
6.489408602150487e+000 -7.306934459958596e-001 1.902760929124390e-001 -3.490658569411360e-001 -6.422682567296567e-002 5.254441411256299e-001 4.587589122487634e-002 3.456311916110501e-001 1.490116119384766e-008 -4.440892098500626e-016 0.000000000000000e+000
6.497526881720379e+000 -7.310259823169734e-001 1.888205107825298e-001 -3.490658512209444e-001 -6.709819205874457e-002 5.224348823915122e-001 4.612857980137646e-002 3.498440143723841e-001 -1.490116119384766e-008 0.000000000000000e+000 0.000000000000000e+000
6.505645161290271e+000 -7.316911566568272e-001 1.870903530522117e-001 -3.490658442997769e-001 -7.055006779507922e-002 5.203113814728831e-001 4.636501658220250e-002 3.546275307431019e-001 0.000000000000000e+000 0.000000000000000e+000 0.000000000000000e+000
6.513763440860164e+000 -7.327051112132313e-001 1.851659807887576e-001 -3.490658360463762e-001 -7.449829250245088e-002 5.190860260291590e-001 4.667180619021445e-002 3.598915978747653e-001 0.000000000000000e+000 0.000000000000000e+000 0.000000000000000e+000
6.521881720430056e+000 -7.340793013199725e-001 1.831429683537420e-001 -3.490658264499423e-001 -7.880059070358247e-002 5.187302793650024e-001 4.716689900298680e-002 3.654873564491635e-001 0.000000000000000e+000 -4.440892098500626e-016 0.000000000000000e+000
6.529999999999948e+000 -7.357908525791915e-001 1.810976395884187e-001 -3.490658157289738e-001 -8.329283911248120e-002 5.192022634451552e-001 4.795414657378862e-002 3.712276790866558e-001 3.650024149988857e-008 2.220446049250313e-016 0.000000000000000e+000
