---- AnyBody Output File ---------------------------------
Study: Main.Studies.MotionOptimization
Operation: Main.Studies.MotionOptimization.Kinematics
----------------------------------------------------------
Constants (Name = Value): 
Main.Studies.KinematicStudyForParameterIdentification.JointAngleOutputs.OutputFile2c.FileName = "..\Input\Subjects\PS\Overground Gait Trials\PS_rightturn6\PS_rightturn6-output-euler-leftleganklepostd-2dofstj.txt"
Main.Studies.KinematicStudyForParameterIdentification.JointAngleOutputs.OutputFile2c.NumberFormat.Digits = 15
Main.Studies.KinematicStudyForParameterIdentification.JointAngleOutputs.OutputFile2c.NumberFormat.Width = 22
Main.Studies.KinematicStudyForParameterIdentification.JointAngleOutputs.OutputFile2c.NumberFormat.Style = ScientificNumber
Main.Studies.KinematicStudyForParameterIdentification.JointAngleOutputs.OutputFile2c.NumberFormat.FormatStr = "%22.15e"
Main.Studies.KinematicStudyForParameterIdentification.JointAngleOutputs.OutputFile2c.Search = 
Main.Studies.KinematicStudyForParameterIdentification.JointAngleOutputs.OutputFile2c.SepSign = " "
Main.Studies.KinematicStudyForParameterIdentification.JointAngleOutputs.OutputFile2c.LineSepSign = ""
Main.Studies.KinematicStudyForParameterIdentification.JointAngleOutputs.OutputFile2c.Header.TitleSectionOnOff = On
Main.Studies.KinematicStudyForParameterIdentification.JointAngleOutputs.OutputFile2c.Header.ConstSectionOnOff = On
Main.Studies.KinematicStudyForParameterIdentification.JointAngleOutputs.OutputFile2c.Header.VarSectionOnOff = On
Main.Studies.KinematicStudyForParameterIdentification.JointAngleOutputs.OutputFile2c.Header.ColumnNamesOnOff = On
Main.Studies.KinematicStudyForParameterIdentification.JointAngleOutputs.OutputFile2c.Header.LinePrefix = ""
Main.Studies.KinematicStudyForParameterIdentification.JointAngleOutputs.OutputFile2c.ConstSectionSaveOptionsOnOff = On
----------------------------------------------------------
Variables (Column# Name): 
col0  Main.Studies.MotionOptimization.t
col1  Main.Studies.KinematicStudyForParameterIdentification.JointAngleOutputs.OutputFile2c.LeftAnklePosX
col2  Main.Studies.KinematicStudyForParameterIdentification.JointAngleOutputs.OutputFile2c.LeftAnklePosY
col3  Main.Studies.KinematicStudyForParameterIdentification.JointAngleOutputs.OutputFile2c.LeftAnklePosZ
----------------------------------------------------------
Main.Studies.MotionOptimization.t Main.Studies.KinematicStudyForParameterIdentification.JointAngleOutputs.OutputFile2c.LeftAnklePosX Main.Studies.KinematicStudyForParameterIdentification.JointAngleOutputs.OutputFile2c.LeftAnklePosY Main.Studies.KinematicStudyForParameterIdentification.JointAngleOutputs.OutputFile2c.LeftAnklePosZ
5.020000000000000e+000 -6.540456869448131e-001 1.279507797996701e-001 1.190165079235936e-001
5.028118279569892e+000 -6.374691747310340e-001 1.238994722043538e-001 1.207473546989835e-001
5.036236559139784e+000 -6.221203910616061e-001 1.198305154911507e-001 1.223790520943147e-001
5.044354838709676e+000 -6.081000390327074e-001 1.158188346502892e-001 1.237867678389261e-001
5.052473118279568e+000 -5.954742663972145e-001 1.119254372712605e-001 1.248679641240389e-001
5.060591397849461e+000 -5.842562354368406e-001 1.081982765810682e-001 1.255516900511000e-001
5.068709677419353e+000 -5.744004222203454e-001 1.046715962273741e-001 1.258013553691157e-001
5.076827956989245e+000 -5.658085822196227e-001 1.013638159264633e-001 1.256078146250353e-001
5.084946236559137e+000 -5.583476553222330e-001 9.827798372365774e-002 1.249767053776745e-001
5.093064516129029e+000 -5.518720606379834e-001 9.540630793013100e-002 1.239176339704453e-001
5.101182795698922e+000 -5.462405153395995e-001 9.273629360393951e-002 1.224415127783853e-001
5.109301075268814e+000 -5.413255052699952e-001 9.025438767357286e-002 1.205650983423257e-001
5.117419354838706e+000 -5.370174410450759e-001 8.794550745761615e-002 1.183162342439114e-001
5.125537634408598e+000 -5.332217881290770e-001 8.579347094400247e-002 1.157359736004055e-001
5.133655913978490e+000 -5.298481028071662e-001 8.378797752164892e-002 1.128799924969633e-001
5.141774193548383e+000 -5.267980692677364e-001 8.193182676744569e-002 1.098217264946639e-001
5.149892473118275e+000 -5.239658327426806e-001 8.023594624900812e-002 1.066532543203565e-001
5.158010752688167e+000 -5.212573014006271e-001 7.870805916056838e-002 1.034796386963563e-001
5.166129032258059e+000 -5.186180784103114e-001 7.735608238168235e-002 1.004106954492822e-001
5.174247311827951e+000 -5.160507802131950e-001 7.620543221121984e-002 9.755483002385870e-002
5.182365591397844e+000 -5.136111160415458e-001 7.530185495526677e-002 9.501210939347078e-002
5.190483870967736e+000 -5.113846697664097e-001 7.468513530993619e-002 9.286506638085468e-002
5.198602150537628e+000 -5.094525318032129e-001 7.435390901324089e-002 9.117047044744124e-002
5.206720430107520e+000 -5.078601780287945e-001 7.425234271998704e-002 8.995106503683834e-002
5.214838709677412e+000 -5.066060643722985e-001 7.428905087616483e-002 8.918508767375835e-002
5.222956989247304e+000 -5.056530133209923e-001 7.437141610239455e-002 8.880021225075463e-002
5.231075268817197e+000 -5.049504611743501e-001 7.443101289011812e-002 8.868171379204826e-002
5.239193548387089e+000 -5.044543663094866e-001 7.443096715654307e-002 8.869590094728440e-002
5.247311827956981e+000 -5.041367821183210e-001 7.436185959138873e-002 8.872104695755084e-002
5.255430107526873e+000 -5.039829085603476e-001 7.423467922403483e-002 8.867490441688339e-002
5.263548387096765e+000 -5.039798649845001e-001 7.407341800439053e-002 8.852837605160790e-002
5.271666666666658e+000 -5.041054038597707e-001 7.390666303595228e-002 8.830053814242801e-002
5.279784946236550e+000 -5.043240937323826e-001 7.375963500150734e-002 8.803891064884790e-002
5.287903225806442e+000 -5.045922324581079e-001 7.365002597432253e-002 8.779427260673910e-002
5.296021505376334e+000 -5.048658913079704e-001 7.358851732161197e-002 8.760030548099276e-002
5.304139784946226e+000 -5.051070200388788e-001 7.358164664417996e-002 8.746560086571004e-002
5.312258064516119e+000 -5.052872218949792e-001 7.363403863444350e-002 8.737856058227835e-002
5.320376344086011e+000 -5.053898084700336e-001 7.374825144025395e-002 8.731858158610030e-002
5.328494623655903e+000 -5.054097458748552e-001 7.392307289140072e-002 8.726569118224688e-002
5.336612903225795e+000 -5.053519443086750e-001 7.415266508083450e-002 8.720539660056946e-002
5.344731182795687e+000 -5.052293281317979e-001 7.442719880001023e-002 8.713039944820579e-002
5.352849462365580e+000 -5.050613754102538e-001 7.473320134349989e-002 8.704083405718921e-002
5.360967741935472e+000 -5.048722658288949e-001 7.505246915848646e-002 8.694193697346986e-002
5.369086021505364e+000 -5.046868468361707e-001 7.536174375955333e-002 8.683974415531193e-002
5.377204301075256e+000 -5.045243682698540e-001 7.563679799817244e-002 8.673916049068565e-002
5.385322580645148e+000 -5.043933631760454e-001 7.585985571603926e-002 8.664564948378514e-002
5.393440860215041e+000 -5.042915140014562e-001 7.602436220513693e-002 8.656614993002952e-002
5.401559139784933e+000 -5.042103398549073e-001 7.613463206162099e-002 8.650677258251281e-002
5.409677419354825e+000 -5.041403435119871e-001 7.620293091964529e-002 8.647026478735115e-002
5.417795698924717e+000 -5.040728559893556e-001 7.624477976589938e-002 8.645612687994417e-002
5.425913978494609e+000 -5.040000033479978e-001 7.627270938294331e-002 8.646262240802526e-002
5.434032258064502e+000 -5.039160605337418e-001 7.629248062912626e-002 8.648828878759077e-002
5.442150537634394e+000 -5.038193802630465e-001 7.630482616373331e-002 8.653167600191987e-002
5.450268817204286e+000 -5.037128707899528e-001 7.631007774945237e-002 8.659045101641787e-002
5.458387096774178e+000 -5.036031053295609e-001 7.631081476413514e-002 8.666120346661574e-002
5.466505376344070e+000 -5.034978762826164e-001 7.631121013520695e-002 8.673904960243069e-002
5.474623655913963e+000 -5.034028690318946e-001 7.631541243529920e-002 8.681678488053266e-002
5.482741935483855e+000 -5.033204456787871e-001 7.632660780515636e-002 8.688561409491483e-002
5.490860215053747e+000 -5.032514114749632e-001 7.634676397418236e-002 8.693773776078873e-002
5.498978494623639e+000 -5.031966572039995e-001 7.637720604581823e-002 8.696843933103667e-002
5.507096774193531e+000 -5.031567572989485e-001 7.641997784451432e-002 8.697637274636755e-002
5.515215053763424e+000 -5.031314681322412e-001 7.647853664632799e-002 8.696314973072516e-002
5.523333333333316e+000 -5.031202265824679e-001 7.655564689716178e-002 8.693375976211393e-002
5.531451612903208e+000 -5.031219041573209e-001 7.664825555864559e-002 8.689721428647008e-002
5.539569892473100e+000 -5.031341142470711e-001 7.674303224784070e-002 8.686486913441995e-002
5.547688172042992e+000 -5.031541728349006e-001 7.681835411860530e-002 8.684539471652950e-002
5.555806451612884e+000 -5.031803012941276e-001 7.685385492568118e-002 8.683992603609651e-002
5.563924731182777e+000 -5.032104579609215e-001 7.684119059982957e-002 8.684280674511687e-002
5.572043010752669e+000 -5.032404033146224e-001 7.678871129505958e-002 8.684767916070371e-002
5.580161290322561e+000 -5.032648432825211e-001 7.671696817769610e-002 8.685241960627986e-002
5.588279569892453e+000 -5.032814724607797e-001 7.664783210723801e-002 8.685888558669055e-002
5.596397849462345e+000 -5.032927103712511e-001 7.659499547613771e-002 8.687004612698195e-002
5.604516129032238e+000 -5.033031811582687e-001 7.656166277466209e-002 8.688827910660912e-002
5.612634408602130e+000 -5.033176965733009e-001 7.654460375107421e-002 8.691518169709254e-002
5.620752688172022e+000 -5.033415311246691e-001 7.653948835974569e-002 8.695109869508860e-002
5.628870967741914e+000 -5.033792260357607e-001 7.654257974092404e-002 8.699351736140443e-002
5.636989247311806e+000 -5.034319570955048e-001 7.654865963680384e-002 8.703594928958551e-002
5.645107526881699e+000 -5.034973380559347e-001 7.654990714345836e-002 8.706966864047395e-002
5.653225806451591e+000 -5.035720603502865e-001 7.653868726199900e-002 8.708785611622794e-002
5.661344086021483e+000 -5.036547136017637e-001 7.651139698531301e-002 8.708877004884286e-002
5.669462365591375e+000 -5.037465287320802e-001 7.646946514906758e-002 8.707565476488584e-002
5.677580645161267e+000 -5.038494948426127e-001 7.641819131096718e-002 8.705466806208734e-002
5.685698924731160e+000 -5.039640990210842e-001 7.636524434947244e-002 8.703323959468864e-002
5.693817204301052e+000 -5.040893527350040e-001 7.631735409894214e-002 8.701908749263274e-002
5.701935483870944e+000 -5.042242251313622e-001 7.627563540548435e-002 8.701898595743739e-002
5.710053763440836e+000 -5.043678004649708e-001 7.623406551612361e-002 8.703766384447420e-002
5.718172043010728e+000 -5.045179859851847e-001 7.618239622369211e-002 8.707757074599663e-002
5.726290322580621e+000 -5.046704960449890e-001 7.611046283029382e-002 8.713878119949585e-002
5.734408602150513e+000 -5.048190535174534e-001 7.601195263205139e-002 8.721815227653076e-002
5.742526881720405e+000 -5.049564257751199e-001 7.588707146419740e-002 8.730932910199050e-002
5.750645161290297e+000 -5.050752965816494e-001 7.574380705056666e-002 8.740559799930754e-002
5.758763440860189e+000 -5.051688089585086e-001 7.559716988427109e-002 8.750370601129255e-002
5.766881720430082e+000 -5.052313898802550e-001 7.546482541812721e-002 8.760500300638241e-002
5.774999999999974e+000 -5.052592653042687e-001 7.535992370279680e-002 8.771339817624235e-002
5.783118279569866e+000 -5.052503673485154e-001 7.528502274252497e-002 8.783310335823719e-002
5.791236559139758e+000 -5.052052501360927e-001 7.523029287349604e-002 8.796908798353789e-002
5.799354838709650e+000 -5.051284137767474e-001 7.517715929074023e-002 8.812938946372971e-002
5.807473118279543e+000 -5.050267572832727e-001 7.510532442820592e-002 8.832611033456035e-002
5.815591397849435e+000 -5.049055519316111e-001 7.499851711518614e-002 8.857494356155043e-002
5.823709677419327e+000 -5.047656792741828e-001 7.484593040789089e-002 8.889568147387186e-002
5.831827956989219e+000 -5.046030596598984e-001 7.464016043374382e-002 8.931359438433993e-002
5.839946236559111e+000 -5.044083884471701e-001 7.437500075759848e-002 8.985879516254153e-002
5.848064516129004e+000 -5.041677211306566e-001 7.404537065958375e-002 9.056183165704743e-002
5.856182795698896e+000 -5.038674149677163e-001 7.364862815500141e-002 9.144665976962652e-002
5.864301075268788e+000 -5.035018206901738e-001 7.318374783037931e-002 9.252637698195185e-002
5.872419354838680e+000 -5.030750606379187e-001 7.264439980581680e-002 9.380810286366248e-002
5.880537634408572e+000 -5.025938812496215e-001 7.200814570496034e-002 9.530330013463821e-002
5.888655913978464e+000 -5.020588802246663e-001 7.123131600784532e-002 9.703177016738818e-002
5.896774193548357e+000 -5.014590679064229e-001 7.025750972718954e-002 9.901750344252625e-002
5.904892473118249e+000 -5.007659404241890e-001 6.904119780681152e-002 1.012868200481539e-001
5.913010752688141e+000 -4.999253048072591e-001 6.757943957248813e-002 1.038762282075137e-001
5.921129032258033e+000 -4.988583083619888e-001 6.592698889024770e-002 1.068441284332091e-001
5.929247311827925e+000 -4.974849371943168e-001 6.415917012005640e-002 1.102659589614054e-001
5.937365591397818e+000 -4.957595982833457e-001 6.228745888450041e-002 1.141985735367892e-001
5.945483870967710e+000 -4.936866319644649e-001 6.020851838867003e-002 1.186406579097605e-001
5.953602150537602e+000 -4.913004834489277e-001 5.775199848728763e-002 1.235334920097397e-001
5.961720430107494e+000 -4.886349703379880e-001 5.477012709965565e-002 1.287952144621245e-001
5.969838709677386e+000 -4.857130717563584e-001 5.117667301465420e-002 1.343430284767470e-001
5.977956989247279e+000 -4.825565447586033e-001 4.693625237775548e-002 1.400906878887113e-001
5.986075268817171e+000 -4.791960423713325e-001 4.205042647033345e-002 1.459430220529601e-001
5.994193548387063e+000 -4.756723772320662e-001 3.655342575619713e-002 1.518026883521951e-001
6.002311827956955e+000 -4.720296546832468e-001 3.051097214050792e-002 1.575875221694717e-001
6.010430107526847e+000 -4.683041917941013e-001 2.401475030601862e-002 1.632445700421197e-001
6.018548387096740e+000 -4.645147091089292e-001 1.716385334579379e-002 1.687459441439851e-001
6.026666666666632e+000 -4.606572942823677e-001 1.003193190107630e-002 1.740649109091183e-001
6.034784946236524e+000 -4.567048223048097e-001 2.630934221439937e-003 1.791428664811491e-001
6.042903225806416e+000 -4.526116888580890e-001 -5.106672864717617e-003 1.838657284421032e-001
6.051021505376308e+000 -4.483290172489377e-001 -1.330833339285842e-002 1.880713817284625e-001
6.059139784946201e+000 -4.438295874061989e-001 -2.211457891425103e-002 1.915901536642541e-001
6.067258064516093e+000 -4.391270624309994e-001 -3.163753309226781e-002 1.942903176627827e-001
6.075376344085985e+000 -4.342722536176124e-001 -4.194199086557651e-002 1.961020038558886e-001
6.083494623655877e+000 -4.293276172298590e-001 -5.304298920681982e-002 1.970182095095043e-001
6.091612903225769e+000 -4.243385297240315e-001 -6.491402042240935e-002 1.970820573986960e-001
6.099731182795662e+000 -4.193180644742989e-001 -7.750640833612044e-002 1.963660108681068e-001
6.107849462365554e+000 -4.142493710611345e-001 -9.077203202803255e-002 1.949509076822150e-001
6.115967741935446e+000 -4.090999669361788e-001 -1.046755714491374e-001 1.929135357614096e-001
6.124086021505338e+000 -4.038391549656539e-001 -1.191929823874712e-001 1.903233675057076e-001
6.132204301075230e+000 -3.984517171276630e-001 -1.343026693083373e-001 1.872442526194432e-001
6.140322580645123e+000 -3.929436976847862e-001 -1.499783200091396e-001 1.837390993619864e-001
6.148440860215015e+000 -3.873396137142357e-001 -1.661905206128576e-001 1.798762150132000e-001
6.156559139784907e+000 -3.816768543924666e-001 -1.829135394132261e-001 1.757326356413702e-001
6.164677419354799e+000 -3.760035790331330e-001 -2.001273717328709e-001 1.713898807309749e-001
6.172795698924691e+000 -3.703768753349583e-001 -2.178132808229631e-001 1.669255175215381e-001
6.180913978494584e+000 -3.648542102813690e-001 -2.359487669285397e-001 1.624077872366714e-001
6.189032258064476e+000 -3.594813457333750e-001 -2.545066844494743e-001 1.578942540724423e-001
6.197150537634368e+000 -3.542872018016029e-001 -2.734580885547926e-001 1.534317969772237e-001
6.205268817204260e+000 -3.492880627073735e-001 -2.927747874965105e-001 1.490578044040779e-001
6.213387096774152e+000 -3.444922276054760e-001 -3.124287665106767e-001 1.448027283011225e-001
6.221505376344044e+000 -3.398983905708901e-001 -3.323894029543914e-001 1.406924811573524e-001
6.229623655913937e+000 -3.354931099040349e-001 -3.526211460269815e-001 1.367496453713488e-001
6.237741935483829e+000 -3.312551337958807e-001 -3.730832270191891e-001 1.329938943087680e-001
6.245860215053721e+000 -3.271631631284031e-001 -3.937316938796352e-001 1.294425534551314e-001
6.253978494623613e+000 -3.231992837520082e-001 -4.145232521124638e-001 1.261117163525966e-001
6.262096774193505e+000 -3.193488989137909e-001 -4.354187673745477e-001 1.230172169167062e-001
6.270215053763398e+000 -3.156028020980286e-001 -4.563844279986929e-001 1.201744548509498e-001
6.278333333333290e+000 -3.119621582086296e-001 -4.773907120036259e-001 1.175981169680923e-001
6.286451612903182e+000 -3.084418230155447e-001 -4.984088326399198e-001 1.153044991531668e-001
6.294569892473074e+000 -3.050675865031694e-001 -5.194046289989261e-001 1.133157768570271e-001
6.302688172042966e+000 -3.018673678575938e-001 -5.403347177326091e-001 1.116618527450540e-001
6.310806451612859e+000 -2.988614889441240e-001 -5.611488204673768e-001 1.103781905918004e-001
6.318924731182751e+000 -2.960590535992428e-001 -5.817929231072405e-001 1.095018602737628e-001
6.327043010752643e+000 -2.934633610322187e-001 -6.022066738060689e-001 1.090667488774585e-001
6.335161290322535e+000 -2.910825864616733e-001 -6.223170499915921e-001 1.090966309598360e-001
6.343279569892427e+000 -2.889384100822098e-001 -6.420332297092684e-001 1.095957833829962e-001
6.351397849462320e+000 -2.870680585845136e-001 -6.612438810993351e-001 1.105395668831961e-001
6.359516129032212e+000 -2.855239026721934e-001 -6.798174694580289e-001 1.118682446074059e-001
6.367634408602104e+000 -2.843759872562263e-001 -6.976073550415426e-001 1.134860592817857e-001
6.375752688171996e+000 -2.837093728294728e-001 -7.144587726264431e-001 1.152659420279601e-001
6.383870967741888e+000 -2.836025567664088e-001 -7.302112788792411e-001 1.170588027841992e-001
6.391989247311781e+000 -2.840926134855674e-001 -7.447008675940240e-001 1.187078909436943e-001
6.400107526881673e+000 -2.851516676162236e-001 -7.577758300269298e-001 1.200700234736527e-001
6.408225806451565e+000 -2.866880587862505e-001 -7.693303064372842e-001 1.210400154447609e-001
6.416344086021457e+000 -2.885628431934780e-001 -7.793407361137241e-001 1.215679744792174e-001
6.424462365591349e+000 -2.906112417186738e-001 -7.878781860011440e-001 1.216578506091965e-001
6.432580645161242e+000 -2.926684646334315e-001 -7.950823051152046e-001 1.213458187036888e-001
6.440698924731134e+000 -2.945971501581154e-001 -8.011193877900007e-001 1.206750384072094e-001
6.448817204301026e+000 -2.963089349570725e-001 -8.061552388650304e-001 1.196830703909265e-001
6.456935483870918e+000 -2.977748169459816e-001 -8.103464130246669e-001 1.184009514161053e-001
6.465053763440810e+000 -2.990205876019463e-001 -8.138401531605658e-001 1.168556134190711e-001
6.473172043010703e+000 -3.001077296925506e-001 -8.167778004686259e-001 1.150712329669345e-001
6.481290322580595e+000 -3.011087142838769e-001 -8.192976955251567e-001 1.130698247872222e-001
6.489408602150487e+000 -3.020865221494675e-001 -8.215344477011174e-001 1.108743542532688e-001
6.497526881720379e+000 -3.030808679788050e-001 -8.236152446302937e-001 1.085154588081890e-001
6.505645161290271e+000 -3.041003539816369e-001 -8.256536939323600e-001 1.060372785338758e-001
6.513763440860164e+000 -3.051220687417370e-001 -8.277394129858268e-001 1.034975148961727e-001
6.521881720430056e+000 -3.061002896443789e-001 -8.299256575466373e-001 1.009608216885355e-001
6.529999999999948e+000 -3.069824006484364e-001 -8.322242466875726e-001 9.848717387943687e-002
