---- AnyBody Output File ---------------------------------
Study: Main.Studies.MotionOptimization
Operation: Main.Studies.MotionOptimization.Kinematics
----------------------------------------------------------
Constants (Name = Value): 
Main.Studies.KinematicStudyForParameterIdentification.JointAngleOutputs.OutputFile7.FileName = "..\Input\Subjects\PS\Overground Gait Trials\PS_rightturn6\PS_rightturn6-output-euler-rightarm-2dofstj.txt"
Main.Studies.KinematicStudyForParameterIdentification.JointAngleOutputs.OutputFile7.NumberFormat.Digits = 15
Main.Studies.KinematicStudyForParameterIdentification.JointAngleOutputs.OutputFile7.NumberFormat.Width = 22
Main.Studies.KinematicStudyForParameterIdentification.JointAngleOutputs.OutputFile7.NumberFormat.Style = ScientificNumber
Main.Studies.KinematicStudyForParameterIdentification.JointAngleOutputs.OutputFile7.NumberFormat.FormatStr = "%22.15e"
Main.Studies.KinematicStudyForParameterIdentification.JointAngleOutputs.OutputFile7.Search = 
Main.Studies.KinematicStudyForParameterIdentification.JointAngleOutputs.OutputFile7.SepSign = " "
Main.Studies.KinematicStudyForParameterIdentification.JointAngleOutputs.OutputFile7.LineSepSign = ""
Main.Studies.KinematicStudyForParameterIdentification.JointAngleOutputs.OutputFile7.Header.TitleSectionOnOff = On
Main.Studies.KinematicStudyForParameterIdentification.JointAngleOutputs.OutputFile7.Header.ConstSectionOnOff = On
Main.Studies.KinematicStudyForParameterIdentification.JointAngleOutputs.OutputFile7.Header.VarSectionOnOff = On
Main.Studies.KinematicStudyForParameterIdentification.JointAngleOutputs.OutputFile7.Header.ColumnNamesOnOff = On
Main.Studies.KinematicStudyForParameterIdentification.JointAngleOutputs.OutputFile7.Header.LinePrefix = ""
Main.Studies.KinematicStudyForParameterIdentification.JointAngleOutputs.OutputFile7.ConstSectionSaveOptionsOnOff = On
----------------------------------------------------------
Variables (Column# Name): 
col0  Main.Studies.MotionOptimization.t
col1  Main.Studies.KinematicStudyForParameterIdentification.JointAngleOutputs.OutputFile7.SternoClavicularProtraction
col2  Main.Studies.KinematicStudyForParameterIdentification.JointAngleOutputs.OutputFile7.SternoClavicularElevation
col3  Main.Studies.KinematicStudyForParameterIdentification.JointAngleOutputs.OutputFile7.SternoClavicularAxialRotation
col4  Main.Studies.KinematicStudyForParameterIdentification.JointAngleOutputs.OutputFile7.GlenohumeralFlexion
col5  Main.Studies.KinematicStudyForParameterIdentification.JointAngleOutputs.OutputFile7.GlenohumeralExternalRotation
col6  Main.Studies.KinematicStudyForParameterIdentification.JointAngleOutputs.OutputFile7.GlenohumeralAbduction
col7  Main.Studies.KinematicStudyForParameterIdentification.JointAngleOutputs.OutputFile7.ElbowFlexion
col8  Main.Studies.KinematicStudyForParameterIdentification.JointAngleOutputs.OutputFile7.ElbowPronation
col9  Main.Studies.KinematicStudyForParameterIdentification.JointAngleOutputs.OutputFile7.WristFlexion
col10  Main.Studies.KinematicStudyForParameterIdentification.JointAngleOutputs.OutputFile7.WristAbduction
----------------------------------------------------------
Main.Studies.MotionOptimization.t Main.Studies.KinematicStudyForParameterIdentification.JointAngleOutputs.OutputFile7.SternoClavicularProtraction Main.Studies.KinematicStudyForParameterIdentification.JointAngleOutputs.OutputFile7.SternoClavicularElevation Main.Studies.KinematicStudyForParameterIdentification.JointAngleOutputs.OutputFile7.SternoClavicularAxialRotation Main.Studies.KinematicStudyForParameterIdentification.JointAngleOutputs.OutputFile7.GlenohumeralFlexion Main.Studies.KinematicStudyForParameterIdentification.JointAngleOutputs.OutputFile7.GlenohumeralExternalRotation Main.Studies.KinematicStudyForParameterIdentification.JointAngleOutputs.OutputFile7.GlenohumeralAbduction Main.Studies.KinematicStudyForParameterIdentification.JointAngleOutputs.OutputFile7.ElbowFlexion Main.Studies.KinematicStudyForParameterIdentification.JointAngleOutputs.OutputFile7.ElbowPronation Main.Studies.KinematicStudyForParameterIdentification.JointAngleOutputs.OutputFile7.WristFlexion Main.Studies.KinematicStudyForParameterIdentification.JointAngleOutputs.OutputFile7.WristAbduction
5.020000000000000e+000 -5.504011281996555e-001 2.572922715209585e-001 -3.490658503725031e-001 6.050925503115234e-002 2.659571415380601e-001 2.188949388510240e-001 6.925058475122298e-001 0.000000000000000e+000 0.000000000000000e+000 0.000000000000000e+000
5.028118279569892e+000 -5.498912835197227e-001 2.584377401081566e-001 -3.490658402570118e-001 6.176818015685304e-002 2.618889336659448e-001 2.209371481603475e-001 6.974291650581469e-001 0.000000000000000e+000 -2.220446049250313e-016 0.000000000000000e+000
5.036236559139784e+000 -5.491668700842700e-001 2.592932256115559e-001 -3.490658461888558e-001 6.257226889248302e-002 2.573212739836491e-001 2.230284824699002e-001 7.026954195838514e-001 1.490116119384766e-008 0.000000000000000e+000 0.000000000000000e+000
5.044354838709676e+000 -5.482091684989585e-001 2.598753285965849e-001 -3.490658537558507e-001 6.293056398545271e-002 2.524254438299959e-001 2.251622226873160e-001 7.082369325296256e-001 0.000000000000000e+000 4.440892098500626e-016 0.000000000000000e+000
5.052473118279568e+000 -5.470903916636253e-001 2.602402158776687e-001 -3.490658622644888e-001 6.287654921892827e-002 2.474104595529268e-001 2.273505457641561e-001 7.139532184227838e-001 1.490116119384766e-008 2.220446049250313e-016 0.000000000000000e+000
5.060591397849461e+000 -5.459180497611795e-001 2.604611695250056e-001 -3.490658704334361e-001 6.245908396656152e-002 2.425077362218167e-001 2.296049614214155e-001 7.197312770163957e-001 0.000000000000000e+000 0.000000000000000e+000 0.000000000000000e+000
5.068709677419353e+000 -5.448209840110220e-001 2.606211467333257e-001 -3.490658769597476e-001 6.174752259366456e-002 2.379300660075746e-001 2.319368212625296e-001 7.254193902361074e-001 0.000000000000000e+000 -2.220446049250313e-016 0.000000000000000e+000
5.076827956989245e+000 -5.439248377769150e-001 2.608024366909403e-001 -3.490658808154806e-001 6.082906250259468e-002 2.338153527076861e-001 2.343558818467781e-001 7.308089629079354e-001 0.000000000000000e+000 0.000000000000000e+000 0.000000000000000e+000
5.084946236559137e+000 -5.433206343727056e-001 2.610718676775492e-001 -3.490658815620453e-001 5.979965294405742e-002 2.301929516607808e-001 2.368647789137948e-001 7.356431419903239e-001 0.000000000000000e+000 -2.220446049250313e-016 0.000000000000000e+000
5.093064516129029e+000 -5.430558870359813e-001 2.614729847143456e-001 -3.490658795115155e-001 5.875723893480167e-002 2.270149175102668e-001 2.394542797650385e-001 7.396509003822600e-001 0.000000000000000e+000 0.000000000000000e+000 0.000000000000000e+000
5.101182795698922e+000 -5.431482004604566e-001 2.620255384105066e-001 -3.490658755500024e-001 5.779258135598120e-002 2.242124957667240e-001 2.421023218268239e-001 7.426013732193200e-001 0.000000000000000e+000 0.000000000000000e+000 0.000000000000000e+000
5.109301075268814e+000 -5.435936740793906e-001 2.627163092280318e-001 -3.490658707435527e-001 5.697356469137049e-002 2.217048924306926e-001 2.447746436810284e-001 7.443523575507650e-001 1.490116119384766e-008 4.440892098500626e-016 0.000000000000000e+000
5.117419354838706e+000 -5.443644942976440e-001 2.634830415003906e-001 -3.490658660030114e-001 5.633849133388114e-002 2.193641740647755e-001 2.474294531925813e-001 7.448534899423069e-001 1.490116119384766e-008 2.220446049250313e-016 0.000000000000000e+000
5.125537634408598e+000 -5.454046435866450e-001 2.642193054008837e-001 -3.490658619521713e-001 5.590847046427738e-002 2.169993457622860e-001 2.500271018394656e-001 7.441130936306827e-001 0.000000000000000e+000 -4.440892098500626e-016 0.000000000000000e+000
5.133655913978490e+000 -5.466204655936012e-001 2.648015792371725e-001 -3.490658589287651e-001 5.569387108525969e-002 2.143962272902988e-001 2.525298910954119e-001 7.421923210679001e-001 0.000000000000000e+000 0.000000000000000e+000 0.000000000000000e+000
5.141774193548383e+000 -5.478653582323950e-001 2.650984562634799e-001 -3.490658570078234e-001 5.567193859892572e-002 2.113823610379672e-001 2.548790568515526e-001 7.392439637769571e-001 0.000000000000000e+000 -2.220446049250313e-016 0.000000000000000e+000
5.149892473118275e+000 -5.489389628006319e-001 2.649583266274014e-001 -3.490658560546638e-001 5.576168086283118e-002 2.078685259103113e-001 2.569667268893836e-001 7.355367719328695e-001 -2.107342425544702e-008 4.440892098500626e-016 0.000000000000000e+000
5.158010752688167e+000 -5.496146672863792e-001 2.642153722448832e-001 -3.490658558474013e-001 5.583545836812465e-002 2.038696336080811e-001 2.586325584092936e-001 7.314313444501484e-001 2.107342425544702e-008 2.220446049250313e-016 0.000000000000000e+000
5.166129032258059e+000 -5.496798022367905e-001 2.627082563506011e-001 -3.490658562133041e-001 5.576514747457728e-002 1.995166571732116e-001 2.596859390899839e-001 7.273260301473608e-001 0.000000000000000e+000 -2.220446049250313e-016 0.000000000000000e+000
5.174247311827951e+000 -5.489764977967886e-001 2.602868915186010e-001 -3.490658570812064e-001 5.546125217691200e-002 1.950351357922662e-001 2.599331417781313e-001 7.235880404533742e-001 0.000000000000000e+000 2.220446049250313e-016 0.000000000000000e+000
5.182365591397844e+000 -5.474429110937861e-001 2.568409518646404e-001 -3.490658584264539e-001 5.486883951208443e-002 1.906884875747325e-001 2.592016313339973e-001 7.204845825260482e-001 0.000000000000000e+000 -2.220446049250313e-016 0.000000000000000e+000
5.190483870967736e+000 -5.451355477671288e-001 2.523705756598254e-001 -3.490658601544071e-001 5.393700692351655e-002 1.867279903614590e-001 2.573669314297601e-001 7.181353909826036e-001 2.107342425544702e-008 0.000000000000000e+000 0.000000000000000e+000
5.198602150537628e+000 -5.422150556352703e-001 2.470487287879131e-001 -3.490658619901195e-001 5.261300961732562e-002 1.833796942539754e-001 2.543800840353550e-001 7.164987363348476e-001 2.107342425544702e-008 4.440892098500626e-016 0.000000000000000e+000
5.206720430107520e+000 -5.389080487033033e-001 2.412355821566647e-001 -3.490658634791122e-001 5.087340649278160e-002 1.808545889701581e-001 2.502860890317271e-001 7.153960289220128e-001 0.000000000000000e+000 -4.440892098500626e-016 0.000000000000000e+000
5.214838709677412e+000 -5.354694408028494e-001 2.354458211389117e-001 -3.490658641642976e-001 4.875594944739969e-002 1.793447230313328e-001 2.452275290857084e-001 7.145565870914035e-001 0.000000000000000e+000 2.220446049250313e-016 0.000000000000000e+000
5.222956989247304e+000 -5.321659281562170e-001 2.302646168667826e-001 -3.490658638080568e-001 4.636764250413017e-002 1.789934180904982e-001 2.394313510836826e-001 7.136587079947341e-001 -1.490116119384766e-008 0.000000000000000e+000 0.000000000000000e+000
5.231075268817197e+000 -5.292777066049738e-001 2.262188575048685e-001 -3.490658624772197e-001 4.387403460518269e-002 1.798568994043372e-001 2.331780205126537e-001 7.123706149436803e-001 0.000000000000000e+000 -2.220446049250313e-016 0.000000000000000e+000
5.239193548387089e+000 -5.270877614104267e-001 2.236489302457172e-001 -3.490658604787711e-001 4.147320295253865e-002 1.818629599625356e-001 2.267595578925847e-001 7.103898978536559e-001 0.000000000000000e+000 2.220446049250313e-016 0.000000000000000e+000
5.247311827956981e+000 -5.258442610511138e-001 2.226326053777719e-001 -3.490658582148760e-001 3.935300840616929e-002 1.847795319329034e-001 2.204391426377561e-001 7.074792939113225e-001 0.000000000000000e+000 -2.220446049250313e-016 0.000000000000000e+000
5.255430107526873e+000 -5.257078389352166e-001 2.229805950845489e-001 -3.490658560262795e-001 3.764584270041405e-002 1.882342167656526e-001 2.144182291640253e-001 7.035144775656779e-001 2.107342425544702e-008 0.000000000000000e+000 0.000000000000000e+000
5.263548387096765e+000 -5.266984129077033e-001 2.242919841176216e-001 -3.490658540978993e-001 3.640577191111083e-002 1.917910269285545e-001 2.088111012641829e-001 6.985301842828412e-001 0.000000000000000e+000 -2.220446049250313e-016 0.000000000000000e+000
5.271666666666658e+000 -5.286674975035379e-001 2.260446894153259e-001 -3.490658524567075e-001 3.561591591924729e-002 1.950397990648593e-001 2.036333926242467e-001 6.927245467487638e-001 0.000000000000000e+000 -2.220446049250313e-016 0.000000000000000e+000
5.279784946236550e+000 -5.313218336082304e-001 2.276949105981632e-001 -3.490658510324126e-001 3.521021360158905e-002 1.976606458084653e-001 1.988152102676249e-001 6.864143140268366e-001 -2.580956827951785e-008 0.000000000000000e+000 0.000000000000000e+000
5.287903225806442e+000 -5.342863412400333e-001 2.287706721617100e-001 -3.490658497276892e-001 3.509442615010916e-002 1.994451520764747e-001 1.942388184280509e-001 6.799648624190784e-001 0.000000000000000e+000 4.440892098500626e-016 0.000000000000000e+000
5.296021505376334e+000 -5.371707488231039e-001 2.289531082130862e-001 -3.490658484680235e-001 3.516323686537759e-002 2.002763276878562e-001 1.897835409298540e-001 6.737199410311768e-001 0.000000000000000e+000 -2.220446049250313e-016 0.000000000000000e+000
5.304139784946226e+000 -5.396233092571758e-001 2.281241042762860e-001 -3.490658472397535e-001 3.531224436273428e-002 2.000996469464975e-001 1.853559823357625e-001 6.679533686468510e-001 0.000000000000000e+000 2.220446049250313e-016 0.000000000000000e+000
5.312258064516119e+000 -5.413767628423394e-001 2.263543121671496e-001 -3.490658461229910e-001 3.544701365929659e-002 1.989114118692065e-001 1.809004215671213e-001 6.628481393411235e-001 0.000000000000000e+000 -2.220446049250313e-016 0.000000000000000e+000
5.320376344086011e+000 -5.422854513260111e-001 2.238386994787498e-001 -3.490658452894470e-001 3.549419652953434e-002 1.967558961596043e-001 1.763992696684307e-001 6.584899209863691e-001 0.000000000000000e+000 -4.440892098500626e-016 0.000000000000000e+000
5.328494623655903e+000 -5.423383915494707e-001 2.208165530518380e-001 -3.490658449342891e-001 3.540898681334626e-002 1.937169227992751e-001 1.718682771327098e-001 6.548758989469342e-001 1.490116119384766e-008 2.220446049250313e-016 0.000000000000000e+000
5.336612903225795e+000 -5.416452399001924e-001 2.175114519464136e-001 -3.490658451790269e-001 3.516954705343101e-002 1.899202142597355e-001 1.673450069759956e-001 6.519510173988086e-001 2.107342425544702e-008 -6.661338147750939e-016 0.000000000000000e+000
5.344731182795687e+000 -5.404083959435324e-001 2.141093362975310e-001 -3.490658460249950e-001 3.476345391101798e-002 1.855630675821013e-001 1.628745765486213e-001 6.496552266691729e-001 0.000000000000000e+000 0.000000000000000e+000 0.000000000000000e+000
5.352849462365580e+000 -5.388843562470231e-001 2.107679140699004e-001 -3.490658473728851e-001 3.417900102796234e-002 1.809312086456876e-001 1.585005481199865e-001 6.479367774686136e-001 0.000000000000000e+000 -8.881784197001252e-016 0.000000000000000e+000
5.360967741935472e+000 -5.373322922479732e-001 2.076290811800770e-001 -3.490658490585111e-001 3.340529725866404e-002 1.763562888027404e-001 1.542643927825701e-001 6.467185890108018e-001 0.000000000000000e+000 4.440892098500626e-016 0.000000000000000e+000
5.369086021505364e+000 -5.359577513301174e-001 2.048116545512244e-001 -3.490658508819963e-001 3.243469807328570e-002 1.721403902030264e-001 1.502076826646931e-001 6.458685443187843e-001 0.000000000000000e+000 0.000000000000000e+000 0.000000000000000e+000
5.377204301075256e+000 -5.348652265262255e-001 2.023919101936078e-001 -3.490658526485775e-001 3.126294658456641e-002 1.685015909721845e-001 1.463675675795934e-001 6.452161805206106e-001 0.000000000000000e+000 -4.440892098500626e-016 0.000000000000000e+000
5.385322580645148e+000 -5.340448639786404e-001 2.003939513360487e-001 -3.490658542170241e-001 2.989421070133180e-002 1.655594407556709e-001 1.427677316168625e-001 6.445882435225948e-001 0.000000000000000e+000 2.220446049250313e-016 0.000000000000000e+000
5.393440860215041e+000 -5.334113564134705e-001 1.987940105563193e-001 -3.490658555195104e-001 2.835851514918431e-002 1.633488816727785e-001 1.394169073533325e-001 6.438207931160334e-001 -1.490116119384766e-008 0.000000000000000e+000 0.000000000000000e+000
5.401559139784933e+000 -5.328723981421861e-001 1.975310699378263e-001 -3.490658565441726e-001 2.672840922308528e-002 1.618487809800508e-001 1.363147705416286e-001 6.427542827100238e-001 0.000000000000000e+000 4.440892098500626e-016 0.000000000000000e+000
5.409677419354825e+000 -5.323852992389664e-001 1.965238375607239e-001 -3.490658573079743e-001 2.511383498142550e-002 1.610263918331069e-001 1.334512564632207e-001 6.412444759561854e-001 0.000000000000000e+000 -6.661338147750939e-016 0.000000000000000e+000
5.417795698924717e+000 -5.319752186682394e-001 1.956886554076018e-001 -3.490658578420753e-001 2.363765406244678e-002 1.608744540250637e-001 1.307979100109109e-001 6.391902294979130e-001 -1.490116119384766e-008 -2.220446049250313e-016 0.000000000000000e+000
5.425913978494609e+000 -5.317067869159379e-001 1.949451377438694e-001 -3.490658581942524e-001 2.240748036794593e-002 1.613927063445298e-001 1.283077453866944e-001 6.365500884842819e-001 1.490116119384766e-008 4.440892098500626e-016 0.000000000000000e+000
5.434032258064502e+000 -5.316310227440795e-001 1.942124466948181e-001 -3.490658584312302e-001 2.149529751125701e-002 1.625333108878792e-001 1.259302094497343e-001 6.333377507573161e-001 1.490116119384766e-008 4.440892098500626e-016 0.000000000000000e+000
5.442150537634394e+000 -5.317541472972409e-001 1.934098222928691e-001 -3.490658586210295e-001 2.093462841027849e-002 1.641893670742554e-001 1.236258116025174e-001 6.296083089928058e-001 2.107342425544702e-008 -2.220446049250313e-016 0.000000000000000e+000
5.450268817204286e+000 -5.320497263421026e-001 1.924635635075753e-001 -3.490658588142533e-001 2.072759441117356e-002 1.662469752474300e-001 1.213672804457207e-001 6.254486140328434e-001 0.000000000000000e+000 2.220446049250313e-016 0.000000000000000e+000
5.458387096774178e+000 -5.324872328114744e-001 1.913171424801312e-001 -3.490658590499967e-001 2.084660605179534e-002 1.686390195132013e-001 1.191353119252667e-001 6.209820518773537e-001 0.000000000000000e+000 0.000000000000000e+000 0.000000000000000e+000
5.466505376344070e+000 -5.330434595373248e-001 1.899461109647740e-001 -3.490658593642900e-001 2.123848504524362e-002 1.713452640921819e-001 1.169209089041051e-001 6.163791701719189e-001 -1.490116119384766e-008 2.220446049250313e-016 0.000000000000000e+000
5.474623655913963e+000 -5.336975242364462e-001 1.883709686371320e-001 -3.490658597746312e-001 2.183834416140917e-002 1.743502682801656e-001 1.147305928305957e-001 6.118500065701297e-001 0.000000000000000e+000 4.440892098500626e-016 0.000000000000000e+000
5.482741935483855e+000 -5.344248264873157e-001 1.866473228643366e-001 -3.490658602715868e-001 2.257822407264043e-002 1.776058537607861e-001 1.125860353529156e-001 6.076112983359376e-001 0.000000000000000e+000 0.000000000000000e+000 0.000000000000000e+000
5.490860215053747e+000 -5.351933445212822e-001 1.848336667680806e-001 -3.490658608495709e-001 2.338360541716766e-002 1.810201157868579e-001 1.105183670372365e-001 6.038397352807472e-001 0.000000000000000e+000 -2.220446049250313e-016 0.000000000000000e+000
5.498978494623639e+000 -5.359626832285087e-001 1.829686221975573e-001 -3.490658615414860e-001 2.416599417332122e-002 1.844688238110707e-001 1.085600604851381e-001 6.006396855998160e-001 0.000000000000000e+000 0.000000000000000e+000 0.000000000000000e+000
5.507096774193531e+000 -5.366867190016252e-001 1.810753237479506e-001 -3.490658624070022e-001 2.481644561816032e-002 1.878239465656574e-001 1.067382812565259e-001 5.980554414585947e-001 0.000000000000000e+000 0.000000000000000e+000 0.000000000000000e+000
5.515215053763424e+000 -5.373183603253076e-001 1.791766060843711e-001 -3.490658634887161e-001 2.520651040469235e-002 1.909839283560031e-001 1.050710590893678e-001 5.961059135935007e-001 0.000000000000000e+000 4.440892098500626e-016 0.000000000000000e+000
5.523333333333316e+000 -5.378163155655010e-001 1.772998194962565e-001 -3.490658647830651e-001 2.520590295557268e-002 1.938816327308446e-001 1.035598671860401e-001 5.947930984671589e-001 2.107342425544702e-008 2.220446049250313e-016 0.000000000000000e+000
5.531451612903208e+000 -5.381534799821852e-001 1.754702752834663e-001 -3.490658662325819e-001 2.471748244902305e-002 1.964680096350260e-001 1.021813344522037e-001 5.940790211967285e-001 0.000000000000000e+000 -4.440892098500626e-016 0.000000000000000e+000
5.539569892473100e+000 -5.383209017740741e-001 1.737041247304481e-001 -3.490658677259166e-001 2.371142131634518e-002 1.986970113452888e-001 1.008900541194944e-001 5.938630986565379e-001 1.490116119384766e-008 2.220446049250313e-016 0.000000000000000e+000
5.547688172042992e+000 -5.383263520914328e-001 1.720087833796753e-001 -3.490658691157391e-001 2.223290429073432e-002 2.005302043713428e-001 9.963461741489001e-002 5.939927687910219e-001 -2.580956827951785e-008 -4.440892098500626e-016 0.000000000000000e+000
5.555806451612884e+000 -5.381946644595672e-001 1.703925974979490e-001 -3.490658702651774e-001 2.037737381464377e-002 2.019510013121403e-001 9.837940302243285e-002 5.943139054882649e-001 0.000000000000000e+000 -2.220446049250313e-016 0.000000000000000e+000
5.563924731182777e+000 -5.379676148204219e-001 1.688709623798024e-001 -3.490658710995296e-001 1.824972989240670e-002 2.029743066226566e-001 9.711940857413484e-002 5.947246246215373e-001 0.000000000000000e+000 0.000000000000000e+000 0.000000000000000e+000
5.572043010752669e+000 -5.376992254097843e-001 1.674563786332959e-001 -3.490658716231679e-001 1.593631666003570e-002 2.036517411498360e-001 9.587631626703783e-002 5.951789282069415e-001 0.000000000000000e+000 -2.220446049250313e-016 0.000000000000000e+000
5.580161290322561e+000 -5.374504285034150e-001 1.661460377451496e-001 -3.490658718887092e-001 1.350496075409313e-002 2.040765802074605e-001 9.467599120806443e-002 5.956412129999255e-001 0.000000000000000e+000 4.440892098500626e-016 0.000000000000000e+000
5.588279569892453e+000 -5.372808428693043e-001 1.649232374403327e-001 -3.490658719508397e-001 1.100678155221702e-002 2.043837829145069e-001 9.352310533579213e-002 5.960689803278877e-001 0.000000000000000e+000 4.440892098500626e-016 0.000000000000000e+000
5.596397849462345e+000 -5.372367353317624e-001 1.637643968698286e-001 -3.490658718412921e-001 8.459208626244941e-003 2.047253249142202e-001 9.239427085525316e-002 5.964600099814417e-001 0.000000000000000e+000 4.440892098500626e-016 0.000000000000000e+000
5.604516129032238e+000 -5.373491949592110e-001 1.626448809363592e-001 -3.490658715649447e-001 5.841484805485520e-003 2.052196731071717e-001 9.125438015007960e-002 5.968813606181417e-001 0.000000000000000e+000 -2.220446049250313e-016 0.000000000000000e+000
5.612634408602130e+000 -5.376405136722673e-001 1.615505647647424e-001 -3.490658711169318e-001 3.124853821842466e-003 2.059183663998927e-001 9.007664173901217e-002 5.974140630973507e-001 0.000000000000000e+000 0.000000000000000e+000 0.000000000000000e+000
5.620752688172022e+000 -5.381137678887450e-001 1.604912157076233e-001 -3.490658705173546e-001 3.053432879709384e-004 2.068260406877766e-001 8.884619548789016e-002 5.980738628365531e-001 0.000000000000000e+000 0.000000000000000e+000 0.000000000000000e+000
5.628870967741914e+000 -5.387287725695880e-001 1.595031839270398e-001 -3.490658698252382e-001 -2.596891037582205e-003 2.079481545252004e-001 8.754976776774748e-002 5.987986895756768e-001 2.980232238769531e-008 0.000000000000000e+000 0.000000000000000e+000
5.636989247311806e+000 -5.393971217576861e-001 1.586366601039155e-001 -3.490658691116078e-001 -5.567867765421619e-003 2.093026928296520e-001 8.616861414276952e-002 5.995093057714382e-001 0.000000000000000e+000 0.000000000000000e+000 0.000000000000000e+000
5.645107526881699e+000 -5.400085252636188e-001 1.579290426943263e-001 -3.490658684190545e-001 -8.626024457473402e-003 2.108767016528675e-001 8.468285993748669e-002 6.001744708418885e-001 0.000000000000000e+000 -2.220446049250313e-016 0.000000000000000e+000
5.653225806451591e+000 -5.404722963627245e-001 1.573803924769848e-001 -3.490658677435944e-001 -1.181315374883685e-002 2.125847580129463e-001 8.308182302833062e-002 6.008153010698191e-001 0.000000000000000e+000 2.220446049250313e-016 0.000000000000000e+000
5.661344086021483e+000 -5.407492456818671e-001 1.569597516687427e-001 -3.490658670595795e-001 -1.515004826279687e-002 2.142878238344060e-001 8.137546024698912e-002 6.014467817895296e-001 2.107342425544702e-008 0.000000000000000e+000 0.000000000000000e+000
5.669462365591375e+000 -5.408568715361928e-001 1.566412540853870e-001 -3.490658663615514e-001 -1.859408266829665e-002 2.158558828842169e-001 7.960346417836771e-002 6.020198011117407e-001 0.000000000000000e+000 -6.661338147750939e-016 0.000000000000000e+000
5.677580645161267e+000 -5.408563635803907e-001 1.564251464135977e-001 -3.490658656622618e-001 -2.204585478029908e-002 2.172143888101938e-001 7.783040135821555e-002 6.024340372655074e-001 -2.580956827951785e-008 0.000000000000000e+000 0.000000000000000e+000
5.685698924731160e+000 -5.408409425330037e-001 1.563169131569686e-001 -3.490658649507449e-001 -2.540713629029145e-002 2.183535921994778e-001 7.612092933005209e-002 6.026165084707249e-001 0.000000000000000e+000 -2.220446049250313e-016 0.000000000000000e+000
5.693817204301052e+000 -5.409203573260949e-001 1.562989469554341e-001 -3.490658641845340e-001 -2.863550156536876e-002 2.193176948710893e-001 7.451664101943477e-002 6.025872095323356e-001 0.000000000000000e+000 4.440892098500626e-016 0.000000000000000e+000
5.701935483870944e+000 -5.411877513386226e-001 1.563372740841587e-001 -3.490658633355945e-001 -3.175582052185932e-002 2.201743917985263e-001 7.303949677690401e-002 6.024621362386498e-001 0.000000000000000e+000 0.000000000000000e+000 0.000000000000000e+000
5.710053763440836e+000 -5.416855352086022e-001 1.564092064841072e-001 -3.490658624409477e-001 -3.484366176938547e-002 2.209750813278692e-001 7.170926175307074e-002 6.024128859942894e-001 0.000000000000000e+000 -6.661338147750939e-016 0.000000000000000e+000
5.718172043010728e+000 -5.423933114085968e-001 1.565085804758879e-001 -3.490658616313721e-001 -3.800173711644139e-002 2.217432266289057e-001 7.054715948053529e-002 6.026139870021768e-001 0.000000000000000e+000 2.220446049250313e-016 0.000000000000000e+000
5.726290322580621e+000 -5.432325340603822e-001 1.566238572159884e-001 -3.490658611222606e-001 -4.132913920452097e-002 2.224849281841631e-001 6.956991156485670e-002 6.031921117165460e-001 0.000000000000000e+000 2.220446049250313e-016 0.000000000000000e+000
5.734408602150513e+000 -5.440835813269245e-001 1.567237074938133e-001 -3.490658611396106e-001 -4.488251566900670e-002 2.231845890813692e-001 6.879311727344661e-002 6.041830437293229e-001 0.000000000000000e+000 2.220446049250313e-016 0.000000000000000e+000
5.742526881720405e+000 -5.448303954690119e-001 1.567707977265322e-001 -3.490658618319562e-001 -4.863746876371833e-002 2.238034809677320e-001 6.823750950523992e-002 6.055026164457600e-001 0.000000000000000e+000 4.440892098500626e-016 0.000000000000000e+000
5.750645161290297e+000 -5.454200806351868e-001 1.567481881578587e-001 -3.490658632438881e-001 -5.247851999725395e-002 2.243164335286120e-001 6.792170472693515e-002 6.069646666832211e-001 0.000000000000000e+000 0.000000000000000e+000 0.000000000000000e+000
5.758763440860189e+000 -5.458824561089698e-001 1.566729379994898e-001 -3.490658653325041e-001 -5.624182312383108e-002 2.247544176601798e-001 6.784746412144900e-002 6.083625656143983e-001 1.490116119384766e-008 -2.220446049250313e-016 0.000000000000000e+000
5.766881720430082e+000 -5.462871928292676e-001 1.565891760566995e-001 -3.490658679766330e-001 -5.976730830876909e-002 2.252020970150664e-001 6.799775317495539e-002 6.095258270794939e-001 -1.490116119384766e-008 0.000000000000000e+000 0.000000000000000e+000
5.774999999999974e+000 -5.466928200984834e-001 1.565506290848440e-001 -3.490658709527866e-001 -6.290384618756928e-002 2.257567235084930e-001 6.835454256034984e-002 6.102860044334278e-001 0.000000000000000e+000 0.000000000000000e+000 0.000000000000000e+000
5.783118279569866e+000 -5.471394638225550e-001 1.566027204354246e-001 -3.490658739342167e-001 -6.549718632404034e-002 2.264911333896176e-001 6.891756143974856e-002 6.104564936275777e-001 0.000000000000000e+000 -8.881784197001252e-016 0.000000000000000e+000
5.791236559139758e+000 -5.476549855763399e-001 1.567655938229930e-001 -3.490658766155361e-001 -6.742094861429493e-002 2.274397654429309e-001 6.970167754104983e-002 6.099155219411027e-001 0.000000000000000e+000 0.000000000000000e+000 0.000000000000000e+000
5.799354838709650e+000 -5.482316904313983e-001 1.570247408831724e-001 -3.490658788830154e-001 -6.863975781891596e-002 2.285898185942511e-001 7.071612833878561e-002 6.087051514037706e-001 0.000000000000000e+000 0.000000000000000e+000 0.000000000000000e+000
5.807473118279543e+000 -5.488138105551119e-001 1.573387336137675e-001 -3.490658808246845e-001 -6.922594186439590e-002 2.298895736106027e-001 7.194299793759583e-002 6.070226824664107e-001 0.000000000000000e+000 0.000000000000000e+000 0.000000000000000e+000
5.815591397849435e+000 -5.493403023067918e-001 1.576528652597005e-001 -3.490658825813676e-001 -6.929590225344984e-002 2.312914202865242e-001 7.332661245406498e-002 6.051092740933025e-001 0.000000000000000e+000 4.440892098500626e-016 0.000000000000000e+000
5.823709677419327e+000 -5.497956601224733e-001 1.579033845105751e-001 -3.490658842207856e-001 -6.894065551950801e-002 2.327732526942102e-001 7.477923333263285e-002 6.031474352796642e-001 2.107342425544702e-008 -2.220446049250313e-016 0.000000000000000e+000
5.831827956989219e+000 -5.502146201221769e-001 1.580154134357756e-001 -3.490658857023642e-001 -6.821773493418504e-002 2.343076967049482e-001 7.619855480210278e-002 6.012412385333799e-001 0.000000000000000e+000 -2.220446049250313e-016 0.000000000000000e+000
5.839946236559111e+000 -5.506537955443813e-001 1.579004164650479e-001 -3.490658869035277e-001 -6.718046988830717e-002 2.358343449062440e-001 7.748621413228904e-002 5.994594779504524e-001 0.000000000000000e+000 -2.220446049250313e-016 0.000000000000000e+000
5.848064516129004e+000 -5.511523176226908e-001 1.574662824251329e-001 -3.490658877275749e-001 -6.589769225882258e-002 2.372708404829168e-001 7.856223697961166e-002 5.978764000316305e-001 0.000000000000000e+000 -6.661338147750939e-016 0.000000000000000e+000
5.856182795698896e+000 -5.516917640289133e-001 1.566564105494823e-001 -3.490658882631474e-001 -6.444538655876109e-002 2.385455073434061e-001 7.937765773989659e-002 5.965477286839447e-001 0.000000000000000e+000 2.220446049250313e-016 0.000000000000000e+000
5.864301075268788e+000 -5.521838510069704e-001 1.554922220810682e-001 -3.490658888158367e-001 -6.287529510367951e-002 2.396310628254302e-001 7.992116664819347e-002 5.954319612807626e-001 1.490116119384766e-008 6.661338147750939e-016 0.000000000000000e+000
5.872419354838680e+000 -5.525077744718128e-001 1.540709288365032e-001 -3.490658896854637e-001 -6.118878588655230e-002 2.405740047176621e-001 8.020609411155771e-002 5.943530122035866e-001 -2.107342425544702e-008 -6.661338147750939e-016 0.000000000000000e+000
5.880537634408572e+000 -5.525695777087659e-001 1.525212799932942e-001 -3.490658909216506e-001 -5.935633856770628e-002 2.414883176778398e-001 8.024794127610874e-002 5.930913748692074e-001 0.000000000000000e+000 -4.440892098500626e-016 0.000000000000000e+000
5.888655913978464e+000 -5.523360321964541e-001 1.509654713504431e-001 -3.490658923614048e-001 -5.737929575834544e-002 2.424746693503465e-001 8.006627095305939e-002 5.915584682349580e-001 -1.490116119384766e-008 0.000000000000000e+000 0.000000000000000e+000
5.896774193548357e+000 -5.518394525686137e-001 1.495170347420973e-001 -3.490658938246963e-001 -5.531756079567840e-002 2.435247791687867e-001 7.971185477821895e-002 5.898700144779409e-001 2.107342425544702e-008 2.220446049250313e-016 0.000000000000000e+000
5.904892473118249e+000 -5.511723091273173e-001 1.482993559765333e-001 -3.490658951983663e-001 -5.323831994732076e-002 2.445200340004338e-001 7.928105231263255e-002 5.882245963947603e-001 0.000000000000000e+000 0.000000000000000e+000 0.000000000000000e+000
5.913010752688141e+000 -5.504631704357947e-001 1.474490619603623e-001 -3.490658964348304e-001 -5.115926345413890e-002 2.453070161454905e-001 7.889704689349250e-002 5.867498900028181e-001 -2.580956827951785e-008 2.220446049250313e-016 0.000000000000000e+000
5.921129032258033e+000 -5.498281298086296e-001 1.470930600755995e-001 -3.490658975963821e-001 -4.906361549057214e-002 2.457479554296798e-001 7.867632068129471e-002 5.854977416478946e-001 0.000000000000000e+000 0.000000000000000e+000 0.000000000000000e+000
5.929247311827925e+000 -5.493235640942407e-001 1.473269926705658e-001 -3.490658988723335e-001 -4.694924847797655e-002 2.457385992978690e-001 7.870831731050111e-002 5.845259871469021e-001 0.000000000000000e+000 -2.220446049250313e-016 0.000000000000000e+000
5.937365591397818e+000 -5.489311585178602e-001 1.482205270003174e-001 -3.490659004132016e-001 -4.483973389473417e-002 2.452275080072791e-001 7.906278394540291e-002 5.839196823360743e-001 0.000000000000000e+000 -2.220446049250313e-016 0.000000000000000e+000
5.945483870967710e+000 -5.485849012671947e-001 1.498308275207982e-001 -3.490659021195357e-001 -4.276222460049417e-002 2.441942922441310e-001 7.981430351904030e-002 5.837550993402674e-001 -1.490116119384766e-008 -2.220446049250313e-016 0.000000000000000e+000
5.953602150537602e+000 -5.482165973399562e-001 1.521967101428801e-001 -3.490659036831065e-001 -4.073851260225747e-002 2.425769009118601e-001 8.105379872799155e-002 5.840895008547639e-001 0.000000000000000e+000 2.220446049250313e-016 0.000000000000000e+000
5.961720430107494e+000 -5.477787071874238e-001 1.553229908905904e-001 -3.490659047685704e-001 -3.879205928279350e-002 2.402454981101084e-001 8.286896333724059e-002 5.849820067225150e-001 0.000000000000000e+000 2.220446049250313e-016 0.000000000000000e+000
5.969838709677386e+000 -5.472356052656655e-001 1.591633223322173e-001 -3.490659050571214e-001 -3.693752658645999e-002 2.370820020354042e-001 8.530397423803046e-002 5.864840696156121e-001 0.000000000000000e+000 2.220446049250313e-016 0.000000000000000e+000
5.977956989247279e+000 -5.465580512190589e-001 1.635941507872740e-001 -3.490659042626791e-001 -3.515014204017497e-002 2.330746663343802e-001 8.833082215292765e-002 5.885901513899384e-001 0.000000000000000e+000 -2.220446049250313e-016 0.000000000000000e+000
5.986075268817171e+000 -5.457373313849037e-001 1.684084335668530e-001 -3.490659022914718e-001 -3.335168683443013e-002 2.283031431332114e-001 9.186462481221218e-002 5.912164933057182e-001 0.000000000000000e+000 -2.220446049250313e-016 0.000000000000000e+000
5.994193548387063e+000 -5.447849373159033e-001 1.733637530028394e-001 -3.490658993902697e-001 -3.143243284597364e-002 2.228406957735742e-001 9.581169498901034e-002 5.942352118471010e-001 1.490116119384766e-008 0.000000000000000e+000 0.000000000000000e+000
6.002311827956955e+000 -5.437049122512089e-001 1.782493632618445e-001 -3.490658960689232e-001 -2.928509316401673e-002 2.167039763644253e-001 1.001021280439333e-001 5.975117897818668e-001 0.000000000000000e+000 -4.440892098500626e-016 0.000000000000000e+000
6.010430107526847e+000 -5.424925318869864e-001 1.829087074750810e-001 -3.490658928321918e-001 -2.681422588846627e-002 2.098837993866595e-001 1.046884246443098e-001 6.009082598709012e-001 0.000000000000000e+000 4.440892098500626e-016 0.000000000000000e+000
6.018548387096740e+000 -5.411874446249021e-001 1.872197760098195e-001 -3.490658899505972e-001 -2.391108470615366e-002 2.023926583356036e-001 1.095322853943127e-001 6.042582035830185e-001 0.000000000000000e+000 4.440892098500626e-016 0.000000000000000e+000
6.026666666666632e+000 -5.399203875410801e-001 1.910840697322849e-001 -3.490658874188437e-001 -2.042706883407153e-002 1.942931059664871e-001 1.145945035287142e-001 6.073460283467075e-001 0.000000000000000e+000 0.000000000000000e+000 0.000000000000000e+000
6.034784946236524e+000 -5.388850997675447e-001 1.944393304800571e-001 -3.490658850593983e-001 -1.619129482545767e-002 1.857072577509418e-001 1.198225706168173e-001 6.099392370504219e-001 0.000000000000000e+000 -4.440892098500626e-016 0.000000000000000e+000
6.042903225806416e+000 -5.382247892778906e-001 1.972737971364853e-001 -3.490658827020882e-001 -1.108669331782219e-002 1.768124073072188e-001 1.251310272429429e-001 6.118840618825988e-001 0.000000000000000e+000 4.440892098500626e-016 0.000000000000000e+000
6.051021505376308e+000 -5.378856428332653e-001 1.996363847767360e-001 -3.490658803663703e-001 -5.152529403713579e-003 1.678433278428629e-001 1.303838929507370e-001 6.132055554762876e-001 1.490116119384766e-008 0.000000000000000e+000 0.000000000000000e+000
6.059139784946201e+000 -5.375776482523867e-001 2.016466770964054e-001 -3.490658782478251e-001 1.379531027013270e-003 1.591095840871288e-001 1.354055262637049e-001 6.141109035227447e-001 -2.107342425544702e-008 0.000000000000000e+000 0.000000000000000e+000
6.067258064516093e+000 -5.369505292571688e-001 2.034886228899833e-001 -3.490658764549564e-001 8.189476267604912e-003 1.509815749580249e-001 1.400387867303378e-001 6.148573659073945e-001 0.000000000000000e+000 -2.220446049250313e-016 0.000000000000000e+000
6.075376344085985e+000 -5.358396670324285e-001 2.053731449741356e-001 -3.490658748587157e-001 1.502058994419731e-002 1.438048771189480e-001 1.442162969514618e-001 6.156191046551316e-001 0.000000000000000e+000 4.440892098500626e-016 0.000000000000000e+000
6.083494623655877e+000 -5.343317132950987e-001 2.074830088295276e-001 -3.490658732820793e-001 2.172289689239570e-002 1.377953550407340e-001 1.479770350516937e-001 6.165024895155623e-001 0.000000000000000e+000 0.000000000000000e+000 0.000000000000000e+000
6.091612903225769e+000 -5.326471992560301e-001 2.099214385773178e-001 -3.490658717164215e-001 2.819286222851458e-002 1.330132585436819e-001 1.514100978717713e-001 6.176565361302991e-001 0.000000000000000e+000 6.661338147750939e-016 0.000000000000000e+000
6.099731182795662e+000 -5.310169032079135e-001 2.126749146418283e-001 -3.490658703047805e-001 3.432511397705529e-002 1.294346317384008e-001 1.545756721195638e-001 6.193213365926802e-001 0.000000000000000e+000 -2.220446049250313e-016 0.000000000000000e+000
6.107849462365554e+000 -5.296338854028901e-001 2.156074985945411e-001 -3.490658692090884e-001 4.003722813077104e-002 1.270236734899995e-001 1.574652337070404e-001 6.217423787541555e-001 -1.490116119384766e-008 2.220446049250313e-016 0.000000000000000e+000
6.115967741935446e+000 -5.286476706273248e-001 2.185017405541483e-001 -3.490658685121792e-001 4.532496673283215e-002 1.257241564553521e-001 1.600213388629342e-001 6.250319654532064e-001 0.000000000000000e+000 6.661338147750939e-016 0.000000000000000e+000
6.124086021505338e+000 -5.281526417313266e-001 2.211318204217123e-001 -3.490658681967065e-001 5.026846313510291e-002 1.254106259554813e-001 1.621869068915266e-001 6.291256755388170e-001 0.000000000000000e+000 -2.220446049250313e-016 0.000000000000000e+000
6.132204301075230e+000 -5.281541838360323e-001 2.233376001303156e-001 -3.490658681954769e-001 5.498491678657103e-002 1.258705691118413e-001 1.639464151236612e-001 6.338441515032280e-001 0.000000000000000e+000 4.440892098500626e-016 0.000000000000000e+000
6.140322580645123e+000 -5.285395828367681e-001 2.250678510954791e-001 -3.490658684502720e-001 5.958287621214531e-002 1.268316207360423e-001 1.653423183860208e-001 6.389580134886530e-001 0.000000000000000e+000 -4.440892098500626e-016 0.000000000000000e+000
6.148440860215015e+000 -5.291051628764032e-001 2.263647280060228e-001 -3.490658689048520e-001 6.414180308449469e-002 1.280192614931569e-001 1.664640468288998e-001 6.442363045287500e-001 2.580956827951785e-008 6.661338147750939e-016 0.000000000000000e+000
6.156559139784907e+000 -5.296361487452718e-001 2.272968657324099e-001 -3.490658694657805e-001 6.870515746794736e-002 1.292012194050250e-001 1.674194721051995e-001 6.495073785619966e-001 0.000000000000000e+000 2.220446049250313e-016 0.000000000000000e+000
6.164677419354799e+000 -5.299662822672805e-001 2.279068073336952e-001 -3.490658700288369e-001 7.327788409474279e-002 1.301888222983993e-001 1.683031725452372e-001 6.546924450080811e-001 1.490116119384766e-008 0.000000000000000e+000 0.000000000000000e+000
6.172795698924691e+000 -5.299969748982207e-001 2.282230251423363e-001 -3.490658705441591e-001 7.783526564298238e-002 1.308458191406438e-001 1.691716375905589e-001 6.597702558659895e-001 0.000000000000000e+000 -2.220446049250313e-016 0.000000000000000e+000
6.180913978494584e+000 -5.297170818200570e-001 2.282950740477687e-001 -3.490658710030625e-001 8.233794226654068e-002 1.311259212425940e-001 1.700361910008697e-001 6.647247366576098e-001 0.000000000000000e+000 0.000000000000000e+000 0.000000000000000e+000
6.189032258064476e+000 -5.292125676288683e-001 2.281931846498575e-001 -3.490658713538096e-001 8.673932540658291e-002 1.310672266578894e-001 1.708771867638458e-001 6.695344370482199e-001 0.000000000000000e+000 4.440892098500626e-016 0.000000000000000e+000
6.197150537634368e+000 -5.286311157280997e-001 2.279875827325362e-001 -3.490658714670564e-001 9.099944169529173e-002 1.307300267037131e-001 1.716659624965880e-001 6.741736028237149e-001 -2.107342425544702e-008 2.220446049250313e-016 0.000000000000000e+000
6.205268817204260e+000 -5.281196737005814e-001 2.277452940993481e-001 -3.490658712035803e-001 9.510461735897491e-002 1.301543855749901e-001 1.723780070351667e-001 6.786037719265893e-001 0.000000000000000e+000 6.661338147750939e-016 0.000000000000000e+000
6.213387096774152e+000 -5.277702248981492e-001 2.275383125486670e-001 -3.490658705068665e-001 9.906242610587812e-002 1.293594528561824e-001 1.729968429913632e-001 6.827897078249007e-001 -1.490116119384766e-008 4.440892098500626e-016 0.000000000000000e+000
6.221505376344044e+000 -5.275924333435251e-001 2.274394322964519e-001 -3.490658694269146e-001 1.028808593263146e-001 1.283470861386195e-001 1.735162476695139e-001 6.867305479221925e-001 0.000000000000000e+000 -2.220446049250313e-016 0.000000000000000e+000
6.229623655913937e+000 -5.275293386438005e-001 2.275001226774929e-001 -3.490658680747326e-001 1.065647060984682e-001 1.270981251802483e-001 1.739412236909118e-001 6.904751859723253e-001 2.107342425544702e-008 6.661338147750939e-016 0.000000000000000e+000
6.237741935483829e+000 -5.275069823275995e-001 2.277259026746195e-001 -3.490658665698296e-001 1.101218554943955e-001 1.255586806376090e-001 1.742881618006043e-001 6.941279194126747e-001 0.000000000000000e+000 2.220446049250313e-016 0.000000000000000e+000
6.245860215053721e+000 -5.274740278768684e-001 2.280769375099865e-001 -3.490658650245318e-001 1.135654391376095e-001 1.236308241256553e-001 1.745824344117467e-001 6.978241323296033e-001 0.000000000000000e+000 2.220446049250313e-016 0.000000000000000e+000
6.253978494623613e+000 -5.274175539783947e-001 2.285033843092992e-001 -3.490658635457032e-001 1.169178682078664e-001 1.212149978007200e-001 1.748478742285660e-001 7.016609561376932e-001 0.000000000000000e+000 0.000000000000000e+000 0.000000000000000e+000
6.262096774193505e+000 -5.273817810369742e-001 2.289864220059243e-001 -3.490658622219302e-001 1.202017704513383e-001 1.182745257366167e-001 1.751028841689095e-001 7.056621400686661e-001 0.000000000000000e+000 -2.220446049250313e-016 0.000000000000000e+000
6.270215053763398e+000 -5.274696320103858e-001 2.295508240428272e-001 -3.490658611150070e-001 1.234117676092648e-001 1.148258584014028e-001 1.753739463166354e-001 7.098218722594583e-001 0.000000000000000e+000 -2.220446049250313e-016 0.000000000000000e+000
6.278333333333290e+000 -5.277802434682131e-001 2.302494162938564e-001 -3.490658602631837e-001 1.265093752374826e-001 1.108740835805713e-001 1.756962892772639e-001 7.141412094381595e-001 0.000000000000000e+000 0.000000000000000e+000 0.000000000000000e+000
6.286451612903182e+000 -5.283262642727854e-001 2.311386441151762e-001 -3.490658596689971e-001 1.294536768291483e-001 1.063925535738540e-001 1.760902565687633e-001 7.186092763300882e-001 0.000000000000000e+000 2.220446049250313e-016 0.000000000000000e+000
6.294569892473074e+000 -5.290175115437498e-001 2.322497632711540e-001 -3.490658592859081e-001 1.322195538382540e-001 1.013472098823647e-001 1.765513273707009e-001 7.231957678070637e-001 -1.490116119384766e-008 4.440892098500626e-016 0.000000000000000e+000
6.302688172042966e+000 -5.297103606760477e-001 2.335613411008395e-001 -3.490658590358415e-001 1.347808821341776e-001 9.571797327908348e-002 1.770633511291730e-001 7.278889662108352e-001 0.000000000000000e+000 -2.220446049250313e-016 0.000000000000000e+000
6.310806451612859e+000 -5.302637128098491e-001 2.349985157822414e-001 -3.490658588457539e-001 1.370909831565244e-001 8.951428396825981e-002 1.776071851768814e-001 7.327249374534824e-001 0.000000000000000e+000 4.440892098500626e-016 0.000000000000000e+000
6.318924731182751e+000 -5.305718341184170e-001 2.364616859467310e-001 -3.490658586715770e-001 1.390937106601411e-001 8.277696146415485e-002 1.781622628935717e-001 7.377601827899074e-001 0.000000000000000e+000 4.440892098500626e-016 0.000000000000000e+000
6.327043010752643e+000 -5.305823133148820e-001 2.378567414263655e-001 -3.490658584780360e-001 1.407584328085410e-001 7.556657217963338e-002 1.787105608653997e-001 7.430111872885301e-001 1.490116119384766e-008 0.000000000000000e+000 0.000000000000000e+000
6.335161290322535e+000 -5.303075592308993e-001 2.391190370147374e-001 -3.490658581858649e-001 1.420996653729854e-001 6.797432660522630e-002 1.792352525695861e-001 7.484189247719193e-001 0.000000000000000e+000 2.220446049250313e-016 0.000000000000000e+000
6.343279569892427e+000 -5.298205998093640e-001 2.402261121331561e-001 -3.490658576771429e-001 1.431600636078796e-001 6.014655469618348e-002 1.797156914401406e-001 7.538714003895028e-001 0.000000000000000e+000 0.000000000000000e+000 0.000000000000000e+000
6.351397849462320e+000 -5.292360564426908e-001 2.411822487309145e-001 -3.490658569007081e-001 1.439807421532828e-001 5.227266089878947e-002 1.801335647333338e-001 7.592685937523201e-001 0.000000000000000e+000 1.110223024625157e-015 0.000000000000000e+000
6.359516129032212e+000 -5.286872778516729e-001 2.419956999288906e-001 -3.490658560050440e-001 1.445933189667643e-001 4.453663596852215e-002 1.804884788460573e-001 7.645661021919743e-001 0.000000000000000e+000 2.220446049250313e-016 0.000000000000000e+000
6.367634408602104e+000 -5.282957270228545e-001 2.426743682822146e-001 -3.490658554169208e-001 1.450337835998348e-001 3.708518029896114e-002 1.808000733044065e-001 7.697570395224683e-001 0.000000000000000e+000 2.220446049250313e-016 0.000000000000000e+000
6.375752688171996e+000 -5.281355841911813e-001 2.432200268039824e-001 -3.490658558078050e-001 1.453477136831591e-001 3.006824125165014e-002 1.810750072548836e-001 7.748365677234465e-001 0.000000000000000e+000 0.000000000000000e+000 0.000000000000000e+000
6.383870967741888e+000 -5.282136446061154e-001 2.436092216272827e-001 -3.490658579378028e-001 1.455697147153277e-001 2.371189858097644e-002 1.812650570556344e-001 7.797972912361755e-001 2.107342425544702e-008 -2.220446049250313e-016 0.000000000000000e+000
6.391989247311781e+000 -5.284778582326296e-001 2.437864748821452e-001 -3.490658624067899e-001 1.456973686411165e-001 1.827734975537557e-002 1.812855394170673e-001 7.846376164547566e-001 2.580956827951785e-008 -2.220446049250313e-016 0.000000000000000e+000
6.400107526881673e+000 -5.288494762460155e-001 2.436897559885771e-001 -3.490658693126440e-001 1.456914995770804e-001 1.389453757883261e-002 1.810947181440739e-001 7.893507966829142e-001 -2.107342425544702e-008 2.220446049250313e-016 0.000000000000000e+000
6.408225806451565e+000 -5.292521048495639e-001 2.432960423674153e-001 -3.490658779128227e-001 1.454999744646524e-001 1.046963455560900e-002 1.807419106382625e-001 7.938972562228579e-001 0.000000000000000e+000 0.000000000000000e+000 0.000000000000000e+000
6.416344086021457e+000 -5.296183470872902e-001 2.426455333470345e-001 -3.490658866255998e-001 1.450731385362869e-001 7.786504195875773e-003 1.803301179227353e-001 7.981930018324289e-001 1.490116119384766e-008 -6.661338147750939e-016 0.000000000000000e+000
6.424462365591349e+000 -5.298924003634014e-001 2.418134257779652e-001 -3.490658936820644e-001 1.443671466862513e-001 5.691834427964311e-003 1.799357557009014e-001 8.021343854982314e-001 0.000000000000000e+000 8.881784197001252e-016 0.000000000000000e+000
6.432580645161242e+000 -5.300495889849413e-001 2.408584820540216e-001 -3.490658981006536e-001 1.433626158462424e-001 4.183199176916101e-003 1.795601068027750e-001 8.056192564651199e-001 -2.107342425544702e-008 -4.440892098500626e-016 0.000000000000000e+000
6.440698924731134e+000 -5.301184940868619e-001 2.398064374379096e-001 -3.490659000790185e-001 1.420930272018157e-001 3.329914359980758e-003 1.791518270637672e-001 8.085250143375811e-001 0.000000000000000e+000 0.000000000000000e+000 0.000000000000000e+000
6.448817204301026e+000 -5.301781080423915e-001 2.386780487153826e-001 -3.490659004304853e-001 1.406403219022276e-001 3.116594366956175e-003 1.786730192410498e-001 8.106887131104176e-001 -2.980232238769531e-008 -2.220446049250313e-016 0.000000000000000e+000
6.456935483870918e+000 -5.303271530625822e-001 2.375208823575858e-001 -3.490658997315710e-001 1.391006619864978e-001 3.348860824715657e-003 1.781488174578201e-001 8.119239000955079e-001 0.000000000000000e+000 -2.220446049250313e-016 0.000000000000000e+000
6.465053763440810e+000 -5.306404746995257e-001 2.364142243337939e-001 -3.490658980489239e-001 1.375635152171681e-001 3.692874954892048e-003 1.776595480660160e-001 8.120421147029679e-001 0.000000000000000e+000 -2.220446049250313e-016 0.000000000000000e+000
6.473172043010703e+000 -5.311310656799628e-001 2.354471959217583e-001 -3.490658953688556e-001 1.361037562153620e-001 3.813107715754796e-003 1.772840044739261e-001 8.108874425722379e-001 0.000000000000000e+000 2.220446049250313e-016 0.000000000000000e+000
6.481290322580595e+000 -5.317450941883466e-001 2.346846278537131e-001 -3.490658920747015e-001 1.347672002045355e-001 3.469629219827257e-003 1.770597193021345e-001 8.084011803399920e-001 1.490116119384766e-008 -6.661338147750939e-016 0.000000000000000e+000
6.489408602150487e+000 -5.323896110847184e-001 2.341423258478514e-001 -3.490658889242685e-001 1.335635438721965e-001 2.500405063567360e-003 1.769928504765913e-001 8.046568783424944e-001 2.580956827951785e-008 -2.220446049250313e-016 0.000000000000000e+000
6.497526881720379e+000 -5.329539774508050e-001 2.337819785591198e-001 -3.490658866750959e-001 1.324859272215397e-001 7.789443146518954e-004 1.770654002871986e-001 7.998194104499764e-001 -1.490116119384766e-008 2.220446049250313e-016 0.000000000000000e+000
6.505645161290271e+000 -5.333118578890940e-001 2.335178158319351e-001 -3.490658857927953e-001 1.315375742115745e-001 -1.765330595449446e-003 1.772067647220499e-001 7.940777128003073e-001 0.000000000000000e+000 -4.440892098500626e-016 0.000000000000000e+000
6.513763440860164e+000 -5.333297082781706e-001 2.332298721028152e-001 -3.490658864004079e-001 1.307144703315744e-001 -5.084479802036305e-003 1.772704472751088e-001 7.876369950745055e-001 -2.580956827951785e-008 0.000000000000000e+000 0.000000000000000e+000
6.521881720430056e+000 -5.328914422864438e-001 2.327878306515836e-001 -3.490658883475895e-001 1.299482761453730e-001 -8.985753900629409e-003 1.770635459844495e-001 7.807658509864865e-001 0.000000000000000e+000 0.000000000000000e+000 0.000000000000000e+000
6.529999999999948e+000 -5.319226284989606e-001 2.320840641977884e-001 -3.490658913003238e-001 1.290992993546922e-001 -1.321179630892025e-002 1.764293257099590e-001 7.737812986397433e-001 -2.107342425544702e-008 4.440892098500626e-016 0.000000000000000e+000
