---- AnyBody Output File ---------------------------------
Study: Main.Studies.MotionOptimization
Operation: Main.Studies.MotionOptimization.Kinematics
----------------------------------------------------------
Constants (Name = Value): 
Main.Studies.KinematicStudyForParameterIdentification.JointAngleOutputs.OutputFile1.FileName = "..\Input\Subjects\PS\Overground Gait Trials\PS_rightturn6\PS_rightturn6-output-euler-trunk.txt"
Main.Studies.KinematicStudyForParameterIdentification.JointAngleOutputs.OutputFile1.NumberFormat.Digits = 15
Main.Studies.KinematicStudyForParameterIdentification.JointAngleOutputs.OutputFile1.NumberFormat.Width = 22
Main.Studies.KinematicStudyForParameterIdentification.JointAngleOutputs.OutputFile1.NumberFormat.Style = ScientificNumber
Main.Studies.KinematicStudyForParameterIdentification.JointAngleOutputs.OutputFile1.NumberFormat.FormatStr = "%22.15e"
Main.Studies.KinematicStudyForParameterIdentification.JointAngleOutputs.OutputFile1.Search = 
Main.Studies.KinematicStudyForParameterIdentification.JointAngleOutputs.OutputFile1.Format = 0
Main.Studies.KinematicStudyForParameterIdentification.JointAngleOutputs.OutputFile1.SepSign = " "
Main.Studies.KinematicStudyForParameterIdentification.JointAngleOutputs.OutputFile1.LineSepSign = ""
Main.Studies.KinematicStudyForParameterIdentification.JointAngleOutputs.OutputFile1.Header.TitleSectionOnOff = On
Main.Studies.KinematicStudyForParameterIdentification.JointAngleOutputs.OutputFile1.Header.ConstSectionOnOff = On
Main.Studies.KinematicStudyForParameterIdentification.JointAngleOutputs.OutputFile1.Header.ConstSectionSaveOptionsOnOff = On
Main.Studies.KinematicStudyForParameterIdentification.JointAngleOutputs.OutputFile1.Header.VarSectionOnOff = On
Main.Studies.KinematicStudyForParameterIdentification.JointAngleOutputs.OutputFile1.Header.ColumnNamesOnOff = On
Main.Studies.KinematicStudyForParameterIdentification.JointAngleOutputs.OutputFile1.Header.LinePrefix = ""
Main.Studies.KinematicStudyForParameterIdentification.JointAngleOutputs.OutputFile1.ConstSectionSaveOptionsOnOff = On
----------------------------------------------------------
Variables (Column# Name): 
col0  Main.Studies.MotionOptimization.t
col1  Main.Studies.KinematicStudyForParameterIdentification.JointAngleOutputs.OutputFile1.PelvisPosX
col2  Main.Studies.KinematicStudyForParameterIdentification.JointAngleOutputs.OutputFile1.PelvisPosY
col3  Main.Studies.KinematicStudyForParameterIdentification.JointAngleOutputs.OutputFile1.PelvisPosZ
col4  Main.Studies.KinematicStudyForParameterIdentification.JointAngleOutputs.OutputFile1.PelvisRotX
col5  Main.Studies.KinematicStudyForParameterIdentification.JointAngleOutputs.OutputFile1.PelvisRotY
col6  Main.Studies.KinematicStudyForParameterIdentification.JointAngleOutputs.OutputFile1.PelvisRotZ
col7  Main.Studies.KinematicStudyForParameterIdentification.JointAngleOutputs.OutputFile1.PelvisThoraxExtension
col8  Main.Studies.KinematicStudyForParameterIdentification.JointAngleOutputs.OutputFile1.PelvisThoraxLateralBending
col9  Main.Studies.KinematicStudyForParameterIdentification.JointAngleOutputs.OutputFile1.PelvisThoraxRotation
col10  Main.Studies.KinematicStudyForParameterIdentification.JointAngleOutputs.OutputFile1.NeckExtension
----------------------------------------------------------
Main.Studies.MotionOptimization.t Main.Studies.KinematicStudyForParameterIdentification.JointAngleOutputs.OutputFile1.PelvisPosX Main.Studies.KinematicStudyForParameterIdentification.JointAngleOutputs.OutputFile1.PelvisPosY Main.Studies.KinematicStudyForParameterIdentification.JointAngleOutputs.OutputFile1.PelvisPosZ Main.Studies.KinematicStudyForParameterIdentification.JointAngleOutputs.OutputFile1.PelvisRotX Main.Studies.KinematicStudyForParameterIdentification.JointAngleOutputs.OutputFile1.PelvisRotY Main.Studies.KinematicStudyForParameterIdentification.JointAngleOutputs.OutputFile1.PelvisRotZ Main.Studies.KinematicStudyForParameterIdentification.JointAngleOutputs.OutputFile1.PelvisThoraxExtension Main.Studies.KinematicStudyForParameterIdentification.JointAngleOutputs.OutputFile1.PelvisThoraxLateralBending Main.Studies.KinematicStudyForParameterIdentification.JointAngleOutputs.OutputFile1.PelvisThoraxRotation Main.Studies.KinematicStudyForParameterIdentification.JointAngleOutputs.OutputFile1.NeckExtension
5.020000000000000e+000 -1.028174332167671e+000 3.277054534698978e-003 1.046195550386699e+000 1.479548293694747e+000 -2.893253401750218e-002 -2.533832927915115e-001 -2.790454473823388e-001 1.756169523996486e-001 1.915220547394122e-002 0.000000000000000e+000
5.028118279569892e+000 -1.021881999788644e+000 3.995887874233251e-003 1.045367087209628e+000 1.476758035172719e+000 -2.994045074172536e-002 -2.614691740970022e-001 -2.806086028772937e-001 1.787821234634303e-001 1.916882035046117e-002 0.000000000000000e+000
5.036236559139784e+000 -1.015556998584018e+000 4.747959230210441e-003 1.044519728272134e+000 1.474141447314415e+000 -3.094155966157097e-002 -2.693016978024153e-001 -2.822279656973089e-001 1.817101305802149e-001 1.900177872713416e-002 0.000000000000000e+000
5.044354838709676e+000 -1.009209658185137e+000 5.532828747817895e-003 1.043663198664911e+000 1.471724132746781e+000 -3.197398449414424e-002 -2.768077051968474e-001 -2.839794659913780e-001 1.843958414806799e-001 1.866538561707353e-002 0.000000000000000e+000
5.052473118279568e+000 -1.002849762140916e+000 6.355348504308090e-003 1.042804929427231e+000 1.469517722554031e+000 -3.302092151221325e-002 -2.839199421603904e-001 -2.858732448888874e-001 1.868648352821195e-001 1.818593438396658e-002 0.000000000000000e+000
5.060591397849461e+000 -9.964794363498609e-001 7.222878595208189e-003 1.041947059338481e+000 1.467538410525663e+000 -3.409966316007229e-002 -2.906649936448264e-001 -2.879411567005307e-001 1.891284960297145e-001 1.767296140557318e-002 0.000000000000000e+000
5.068709677419353e+000 -9.900898443353927e-001 8.141745025161183e-003 1.041085848677122e+000 1.465796821211176e+000 -3.527138707154398e-002 -2.971813965241746e-001 -2.902341291933971e-001 1.911872122446411e-001 1.731991780294482e-002 0.000000000000000e+000
5.076827956989245e+000 -9.836599359221598e-001 9.113965210711530e-003 1.040213093986412e+000 1.464283464487443e+000 -3.663541236299661e-002 -3.036965507293499e-001 -2.928039034969930e-001 1.930446736639058e-001 1.736400838513645e-002 0.000000000000000e+000
5.084946236559137e+000 -9.771583862028902e-001 1.013547642327459e-002 1.039319090530279e+000 1.462951194942979e+000 -3.830403655815884e-002 -3.104801220454269e-001 -2.956709654361256e-001 1.947286946758793e-001 1.802887432450807e-002 0.000000000000000e+000
5.093064516129029e+000 -9.705489399675114e-001 1.119722164642698e-002 1.038395615805031e+000 1.461707619683922e+000 -4.036219353630632e-002 -3.177852761062377e-001 -2.987908996795942e-001 1.963083384198751e-001 1.946832052447746e-002 0.000000000000000e+000
5.101182795698922e+000 -9.637976430953199e-001 1.228870856476694e-002 1.037438204117175e+000 1.460433659473828e+000 -4.282846825525910e-002 -3.257937318197950e-001 -3.020356754242619e-001 1.978841821469997e-001 2.172376851055819e-002 0.000000000000000e+000
5.109301075268814e+000 -9.568790071586558e-001 1.340097323267469e-002 1.036448597217119e+000 1.459025423182775e+000 -4.563180532425881e-002 -3.345875590034710e-001 -3.051924756132625e-001 1.995431214993088e-001 2.471014762715084e-002 0.000000000000000e+000
5.117419354838706e+000 -9.497788917836962e-001 1.452655177086304e-002 1.035436294923321e+000 1.457431914944364e+000 -4.861231585206460e-002 -3.441489488668150e-001 -3.079805305359184e-001 2.013100948703735e-001 2.822964198869931e-002 0.000000000000000e+000
5.125537634408598e+000 -9.424952577463450e-001 1.565843143660062e-002 1.034416419718590e+000 1.455659799019404e+000 -5.154651613277439e-002 -3.543731167161711e-001 -3.100903612766536e-001 2.031404638539460e-001 3.199731697831890e-002 0.000000000000000e+000
5.133655913978490e+000 -9.350381387126402e-001 1.679033606376314e-002 1.033405495858743e+000 1.453752434771526e+000 -5.418059356920502e-002 -3.650868082757455e-001 -3.112274819898217e-001 2.049460886235899e-001 3.566934889095339e-002 0.000000000000000e+000
5.141774193548383e+000 -9.274279889978121e-001 1.791577897439029e-002 1.032420026631982e+000 1.451779348839134e+000 -5.626047175336568e-002 -3.760709652541831e-001 -3.111418159048669e-001 2.066027073790241e-001 3.887812176825397e-002 0.000000000000000e+000
5.149892473118275e+000 -9.196935439508371e-001 1.902499113896030e-002 1.031478182769855e+000 1.449845294111358e+000 -5.756871809918462e-002 -3.870982302506902e-001 -3.096621571386515e-001 2.079286966511642e-001 4.129145264902721e-002 0.000000000000000e+000
5.158010752688167e+000 -9.118721779565289e-001 2.010496975332473e-002 1.030601458114003e+000 1.448095039942912e+000 -5.796350386488847e-002 -3.979954102631016e-001 -3.067450071227245e-001 2.086781420632262e-001 4.269535145147862e-002 0.000000000000000e+000
5.166129032258059e+000 -9.040121035300265e-001 2.114310503070591e-002 1.029815864215362e+000 1.446704840128606e+000 -5.739037677146253e-002 -4.086910843444386e-001 -3.024988646767639e-001 2.085600636722789e-001 4.304373101100093e-002 0.000000000000000e+000
5.174247311827951e+000 -8.961715610817004e-001 2.212765761989345e-002 1.029152719217011e+000 1.445865037529002e+000 -5.585998705421469e-002 -4.191873117452404e-001 -2.971557329106717e-001 2.072698352587458e-001 4.242484048912981e-002 0.000000000000000e+000
5.182365591397844e+000 -8.884117331427955e-001 2.304501647750960e-002 1.028646475183050e+000 1.445749305690865e+000 -5.342033423283787e-002 -4.294760094773143e-001 -2.910146768572224e-001 2.045419434226941e-001 4.098434981206123e-002 0.000000000000000e+000
5.190483870967736e+000 -8.807858250750270e-001 2.388079148426546e-002 1.028329076849358e+000 1.446475119579585e+000 -5.015528114493151e-002 -4.394901452965613e-001 -2.844031487318594e-001 2.002206573513522e-001 3.888111509608838e-002 0.000000000000000e+000
5.198602150537628e+000 -8.733299751628418e-001 2.462464224932302e-002 1.028223759325796e+000 1.448062540213472e+000 -4.622153496259829e-002 -4.491249978443896e-001 -2.776837934204054e-001 1.943261367511693e-001 3.628951754819718e-002 0.000000000000000e+000
5.206720430107520e+000 -8.660607353886789e-001 2.527256914856383e-002 1.028340241831497e+000 1.450386305289788e+000 -4.189682306389209e-002 -4.582886005144762e-001 -2.712880335878535e-001 1.871096602011542e-001 3.341556070485330e-002 0.000000000000000e+000
5.214838709677412e+000 -8.589795002791950e-001 2.582657838768083e-002 1.028672579909149e+000 1.453152246859230e+000 -3.757807243133260e-002 -4.669436035834560e-001 -2.657111595230315e-001 1.790657561970420e-001 3.050481521244992e-002 0.000000000000000e+000
5.222956989247304e+000 -8.520788023566270e-001 2.629620974802369e-002 1.029201580157035e+000 1.455963233232030e+000 -3.369849396870639e-002 -4.751331431534006e-001 -2.614261416680769e-001 1.708355786522290e-001 2.783573310577774e-002 0.000000000000000e+000
5.231075268817197e+000 -8.453452879417164e-001 2.670178704824404e-002 1.029901749034019e+000 1.458468690439554e+000 -3.059877269960754e-002 -4.829921899564595e-001 -2.587454820483311e-001 1.630119204706506e-001 2.569577315417831e-002 0.000000000000000e+000
5.239193548387089e+000 -8.387597994568655e-001 2.707431646547491e-002 1.030749280489952e+000 1.460496664391504e+000 -2.841969605162964e-002 -4.907293646272176e-001 -2.577036061134345e-001 1.559614560611088e-001 2.433332159363291e-002 0.000000000000000e+000
5.247311827956981e+000 -8.322985642569978e-001 2.744826658924518e-002 1.031727020085919e+000 1.462087885409479e+000 -2.706876426817773e-002 -4.985595714484036e-001 -2.580262669654088e-001 1.497590645357113e-001 2.388327919652967e-002 0.000000000000000e+000
5.255430107526873e+000 -8.259372328051777e-001 2.784992834797739e-002 1.032825777940485e+000 1.463439446088739e+000 -2.626522298321610e-002 -5.066194063337354e-001 -2.592007967702852e-001 1.442308501351893e-001 2.430108620331233e-002 0.000000000000000e+000
5.263548387096765e+000 -8.196560863455102e-001 2.828866867565255e-002 1.034043170589884e+000 1.464808172662370e+000 -2.563059128877532e-002 -5.149319141854546e-001 -2.606088011800602e-001 1.390531344295454e-001 2.535852201722879e-002 0.000000000000000e+000
5.271666666666658e+000 -8.134440262071612e-001 2.875491233515200e-002 1.035379499331534e+000 1.466419366372236e+000 -2.479498196600471e-002 -5.234302805559454e-001 -2.616781422036150e-001 1.338586768055348e-001 2.670560366899244e-002 0.000000000000000e+000
5.279784946236550e+000 -8.072998955004369e-001 2.922219726114636e-002 1.036830873736703e+000 1.468403458276278e+000 -2.349696584785410e-002 -5.319924892015032e-001 -2.620172258774792e-001 1.283262972182551e-001 2.795155669977500e-002 0.000000000000000e+000
5.287903225806442e+000 -8.012309092043012e-001 2.965098267282311e-002 1.038382911834052e+000 1.470758404994735e+000 -2.164933718854312e-002 -5.404662488027593e-001 -2.614926568396957e-001 1.222558000676833e-001 2.873313787121632e-002 0.000000000000000e+000
5.296021505376334e+000 -7.952484782424419e-001 2.999631019784159e-002 1.040008706329357e+000 1.473344521158497e+000 -1.934827869023947e-002 -5.487021747092058e-001 -2.602265788315061e-001 1.156175944587324e-001 2.877004837141836e-002 0.000000000000000e+000
5.304139784946226e+000 -7.893619912572181e-001 3.021956618095419e-002 1.041672079649874e+000 1.475933679246770e+000 -1.682449384280460e-002 -5.565944472465995e-001 -2.585200259489721e-001 1.085427330482091e-001 2.789940362771357e-002 0.000000000000000e+000
5.312258064516119e+000 -7.835731737323238e-001 3.029882006094896e-002 1.043334161202317e+000 1.478300953513824e+000 -1.435789031786916e-002 -5.641045501895730e-001 -2.567363294552000e-001 1.012496187894531e-001 2.607578921523690e-002 0.000000000000000e+000
5.320376344086011e+000 -7.778747833230328e-001 3.023259747108531e-002 1.044959947149710e+000 1.480308932280519e+000 -1.218880562855573e-002 -5.712599346068599e-001 -2.551890774976170e-001 9.394961873034255e-002 2.334692463821618e-002 0.000000000000000e+000
5.328494623655903e+000 -7.722537140892873e-001 3.003772881658440e-002 1.046522335193270e+000 1.481953653759655e+000 -1.045720348784029e-002 -5.781425994482337e-001 -2.540698072343191e-001 8.676955250356361e-002 1.982957467383518e-002 0.000000000000000e+000
5.336612903225795e+000 -7.666947018713726e-001 2.974557519477461e-002 1.048003052979847e+000 1.483377284854305e+000 -9.186540275465838e-003 -5.848817087608387e-001 -2.534313917395605e-001 7.970542005610937e-002 1.570071808979110e-002 0.000000000000000e+000
5.344731182795687e+000 -7.611823915049479e-001 2.939976773226607e-002 1.049391669622339e+000 1.484856022618357e+000 -8.301585342151752e-003 -5.916478384938121e-001 -2.532134875012038e-001 7.261657251810524e-002 1.119800266038336e-002 0.000000000000000e+000
5.352849462365580e+000 -7.557026048394344e-001 2.905429838038199e-002 1.050684349038506e+000 1.486755743806996e+000 -7.656312433962142e-003 -5.986402811640027e-001 -2.532770869087630e-001 6.526597074548646e-002 6.610438353206397e-003 0.000000000000000e+000
5.360967741935472e+000 -7.502439206091995e-001 2.876726773952631e-002 1.051882958516871e+000 1.489443145142101e+000 -7.062839502700147e-003 -6.060647587327290e-001 -2.534327805521862e-001 5.740352185243084e-002 2.248461437179677e-003 0.000000000000000e+000
5.369086021505364e+000 -7.448003729245303e-001 2.858744744256900e-002 1.052994449063875e+000 1.493160935931589e+000 -6.325134142165956e-003 -6.140942689827190e-001 -2.534711381999190e-001 4.887842517365127e-002 -1.608989955301277e-003 0.000000000000000e+000
5.377204301075256e+000 -7.393751364885133e-001 2.853810813552730e-002 1.054030513185473e+000 1.497914896213923e+000 -5.278502664463725e-003 -6.228121332362795e-001 -2.532024683432917e-001 3.974126412227354e-002 -4.782308124974241e-003 0.000000000000000e+000
5.385322580645148e+000 -7.339823133805150e-001 2.860780414931733e-002 1.055006927302856e+000 1.503438119006541e+000 -3.831414159970459e-003 -6.321709250854946e-001 -2.525051526466529e-001 3.027802915058705e-002 -7.237857243953855e-003 0.000000000000000e+000
5.393440860215041e+000 -7.286441015161447e-001 2.875408383346577e-002 1.055941407141691e+000 1.509259221383385e+000 -1.999233566123637e-003 -6.420038531025937e-001 -2.513734404788845e-001 2.094761377351731e-002 -9.079814950559491e-003 0.000000000000000e+000
5.401559139784933e+000 -7.233848296277632e-001 2.891747557680645e-002 1.056849785726971e+000 1.514841405876661e+000 9.073853097230078e-005 -6.520804615095514e-001 -2.499367834454653e-001 1.225020937545642e-002 -1.049713130439489e-002 0.000000000000000e+000
5.409677419354825e+000 -7.182255515368051e-001 2.903803297295238e-002 1.057742195048207e+000 1.519731268810609e+000 2.239982785873895e-003 -6.621712655405850e-001 -2.484188407674814e-001 4.584200149937484e-003 -1.169923800446205e-002 0.000000000000000e+000
5.417795698924717e+000 -7.131813852997841e-001 2.906744800512675e-002 1.058621783603244e+000 1.523659368601918e+000 4.254340227677345e-003 -6.720945619181380e-001 -2.470448610637752e-001 -1.851068567698571e-003 -1.286873838257151e-002 0.000000000000000e+000
5.425913978494609e+000 -7.082618368170257e-001 2.897452985034295e-002 1.059486786942013e+000 1.526560884160265e+000 6.012664021196379e-003 -6.817377445943967e-001 -2.459555142812030e-001 -7.072629936397384e-003 -1.414098960914842e-002 0.000000000000000e+000
5.434032258064502e+000 -7.034732378898878e-001 2.874602078924049e-002 1.060333649469681e+000 1.528527458403870e+000 7.485927849039564e-003 -6.910601240069350e-001 -2.451855589552852e-001 -1.125886919206488e-002 -1.559802141635549e-002 0.000000000000000e+000
5.442150537634394e+000 -6.988206169526716e-001 2.838409775336021e-002 1.061158430029971e+000 1.529733692281827e+000 8.701572643607047e-003 -7.000813406574820e-001 -2.447098113791284e-001 -1.466601293784597e-002 -1.726770103351433e-002 0.000000000000000e+000
5.450268817204286e+000 -6.943060287204442e-001 2.790090897648319e-002 1.061956625410883e+000 1.530382811692196e+000 9.696537883703504e-003 -7.088540551361553e-001 -2.444967267116686e-001 -1.756331969594376e-002 -1.913389712717026e-002 0.000000000000000e+000
5.458387096774178e+000 -6.899252688191252e-001 2.731305079795385e-002 1.062723104557476e+000 1.530678065520342e+000 1.050354005287524e-002 -7.174395585116161e-001 -2.445200860501761e-001 -2.019530015471173e-002 -2.115117214812974e-002 0.000000000000000e+000
5.466505376344070e+000 -6.856679866720002e-001 2.663937013056002e-002 1.063452155079884e+000 1.530795767953360e+000 1.115442118218857e-002 -7.259127027726098e-001 -2.447576453670127e-001 -2.275015346326503e-002 -2.324566838333944e-002 0.000000000000000e+000
5.474623655913963e+000 -6.815213259655905e-001 2.590116442371608e-002 1.064136834424446e+000 1.530862466446100e+000 1.166062396909107e-002 -7.343760515659479e-001 -2.452224801847226e-001 -2.533850705570922e-002 -2.531254916981078e-002 0.000000000000000e+000
5.482741935483855e+000 -6.774722019890412e-001 2.512046968997140e-002 1.064768850208848e+000 1.530963020213059e+000 1.199356928259010e-002 -7.429347011512012e-001 -2.459867241022688e-001 -2.800790188958912e-002 -2.724830864326521e-002 0.000000000000000e+000
5.490860215053747e+000 -6.735054355959086e-001 2.431392536892842e-002 1.065340763095427e+000 1.531169015580924e+000 1.211165733779618e-002 -7.516460361008577e-001 -2.471326525110075e-001 -3.078164283006478e-002 -2.900747774951901e-002 0.000000000000000e+000
5.498978494623639e+000 -6.696004087362689e-001 2.348583172686075e-002 1.065849212853633e+000 1.531549522486640e+000 1.200981843094562e-002 -7.605125522769359e-001 -2.486681811559315e-001 -3.368080336319352e-002 -3.061342351617141e-002 0.000000000000000e+000
5.507096774193531e+000 -6.657303978288576e-001 2.262723936934018e-002 1.066295830731801e+000 1.532163002066767e+000 1.173426599664329e-002 -7.695233898611726e-001 -2.504945808084130e-001 -3.672259316723187e-002 -3.210822920516760e-002 0.000000000000000e+000
5.515215053763424e+000 -6.618664297977912e-001 2.172148194407631e-002 1.066685047414921e+000 1.533058771628111e+000 1.136273589299486e-002 -7.786792583309348e-001 -2.524363161390967e-001 -3.992525029275629e-002 -3.351069063021350e-002 0.000000000000000e+000
5.523333333333316e+000 -6.579857056843618e-001 2.075028988647594e-002 1.067021608773972e+000 1.534289823614269e+000 1.098996816773790e-002 -7.879674942818307e-001 -2.542841687952639e-001 -4.332703547026405e-002 -3.482830497170845e-002 0.000000000000000e+000
5.531451612903208e+000 -6.540825504509837e-001 1.969827099945629e-002 1.067310388818389e+000 1.535905777953981e+000 1.073042323662765e-002 -7.973157159699718e-001 -2.558309339159957e-001 -4.698185809977536e-002 -3.609967325262915e-002 0.000000000000000e+000
5.539569892473100e+000 -6.501753851130173e-001 1.855708052301723e-002 1.067557247172811e+000 1.537918296854540e+000 1.071127584536691e-002 -8.065779533225836e-001 -2.569133463847210e-001 -5.091759768316861e-002 -3.741173887846578e-002 0.000000000000000e+000
5.547688172042992e+000 -6.463011785833996e-001 1.732799992794710e-002 1.067767172762749e+000 1.540280732634623e+000 1.102169281172727e-002 -8.155931787983461e-001 -2.574756557396824e-001 -5.510756440647078e-002 -3.885000603194532e-002 0.000000000000000e+000
5.555806451612884e+000 -6.424984406059013e-001 1.602052854269705e-002 1.067940060760916e+000 1.542908636671557e+000 1.164208411051448e-002 -8.242755188804072e-001 -2.576240390052008e-001 -5.948534352907953e-002 -4.041820609324753e-002 0.000000000000000e+000
5.563924731182777e+000 -6.387928736525016e-001 1.464717859807889e-002 1.068070184130936e+000 1.545711921049432e+000 1.243966729006063e-002 -8.326320539159591e-001 -2.575950376884545e-001 -6.396718644563729e-002 -4.202635643927018e-002 0.000000000000000e+000
5.572043010752669e+000 -6.351964476643797e-001 1.321749681791535e-002 1.068151666492552e+000 1.548608827788464e+000 1.326070993690953e-002 -8.406855995233603e-001 -2.576281423271960e-001 -6.845672138026757e-002 -4.357160193166361e-002 0.000000000000000e+000
5.580161290322561e+000 -6.317158995051490e-001 1.173495744518865e-002 1.068184068543854e+000 1.551530480472419e+000 1.404233542079081e-002 -8.483961758466845e-001 -2.578363352796825e-001 -7.285334728428490e-002 -4.502359717002570e-002 0.000000000000000e+000
5.588279569892453e+000 -6.283592688935970e-001 1.019738410427444e-002 1.068172761991699e+000 1.554431386736989e+000 1.484825488875874e-002 -8.556609130715335e-001 -2.581685877171255e-001 -7.707905036584598e-002 -4.643228740726112e-002 0.000000000000000e+000
5.596397849462345e+000 -6.251340738096528e-001 8.598943053811198e-003 1.068125318610895e+000 1.557302579271046e+000 1.580568373958613e-002 -8.623803489111935e-001 -2.584794351815699e-001 -8.110746071769023e-002 -4.786523330344825e-002 0.000000000000000e+000
5.604516129032238e+000 -6.220407569260821e-001 6.932930737686390e-003 1.068047658159874e+000 1.560178755203599e+000 1.700950644018606e-002 -8.685297663402837e-001 -2.586392138430274e-001 -8.497652128340093e-002 -4.933771829588699e-002 0.000000000000000e+000
5.612634408602130e+000 -6.190685413888099e-001 5.194780425541836e-003 1.067941806725480e+000 1.563133980564185e+000 1.846976644123166e-002 -8.741891119561123e-001 -2.586031363545659e-001 -8.877928390815207e-002 -5.078446886111766e-002 0.000000000000000e+000
5.620752688172022e+000 -6.161964282178680e-001 3.382572603429705e-003 1.067805343795279e+000 1.566259547623535e+000 2.011201326992973e-002 -8.795214008054306e-001 -2.584165330195186e-001 -9.263326837351772e-002 -5.208063079101941e-002 0.000000000000000e+000
5.628870967741914e+000 -6.133983431198966e-001 1.493859492665541e-003 1.067632153843797e+000 1.569628819491513e+000 2.180657910533213e-002 -8.847116336084192e-001 -2.581779977041167e-001 -9.663735210895619e-002 -5.309695551582652e-002 0.000000000000000e+000
5.636989247311806e+000 -6.106506134362774e-001 -4.778900648584104e-004 1.067414155332516e+000 1.573274467858264e+000 2.341869452217549e-002 -8.898887717824543e-001 -2.579805213494560e-001 -1.008414429288514e-001 -5.376784896339588e-002 0.000000000000000e+000
5.645107526881699e+000 -6.079388818877352e-001 -2.543751622134485e-003 1.067143652824790e+000 1.577197493621795e+000 2.486485082368284e-002 -8.950667857931192e-001 -2.578566429608916e-001 -1.052522914862909e-001 -5.414060389297401e-002 0.000000000000000e+000
5.653225806451591e+000 -6.052604958641240e-001 -4.716874555143748e-003 1.066815535432036e+000 1.581395051725607e+000 2.613968673397671e-002 -9.001433078258788e-001 -2.577632247094882e-001 -1.098656093167715e-001 -5.437010007312934e-002 0.000000000000000e+000
5.661344086021483e+000 -6.026195654568781e-001 -7.008354572656400e-003 1.066428434173035e+000 1.585874564408242e+000 2.729113475067369e-002 -9.049697154440102e-001 -2.576189162660995e-001 -1.146833193801024e-001 -5.464618839467278e-002 0.000000000000000e+000
5.669462365591375e+000 -6.000177220787828e-001 -9.422547834991954e-003 1.065984657367845e+000 1.590636834612043e+000 2.836382115487535e-002 -9.094563704573481e-001 -2.573680925764155e-001 -1.196910503458291e-001 -5.508930760401368e-002 0.000000000000000e+000
5.677580645161267e+000 -5.974507218666197e-001 -1.195507419835775e-002 1.065489373403450e+000 1.595651559993952e+000 2.936772444215552e-002 -9.136236260048610e-001 -2.570143908530258e-001 -1.248293300367242e-001 -5.569714995188985e-002 0.000000000000000e+000
5.685698924731160e+000 -5.949150867109633e-001 -1.459620288345697e-002 1.064949306446352e+000 1.600866429969448e+000 3.030319113118263e-002 -9.175429264204703e-001 -2.565908926109191e-001 -1.300104822813848e-001 -5.639422469946389e-002 0.000000000000000e+000
5.693817204301052e+000 -5.924127692319131e-001 -1.733665614982737e-002 1.064370778222917e+000 1.606246591707141e+000 3.118883990802801e-002 -9.212458985760517e-001 -2.561185894760039e-001 -1.351685705999794e-001 -5.712004050475217e-002 0.000000000000000e+000
5.701935483870944e+000 -5.899449835387929e-001 -2.017082353415917e-002 1.063757945089630e+000 1.611793773898702e+000 3.204405471594685e-002 -9.247102148221184e-001 -2.556069420944354e-001 -1.402787059433810e-001 -5.785930897089638e-002 0.000000000000000e+000
5.710053763440836e+000 -5.875057942605849e-001 -2.309706971487522e-002 1.063113173408724e+000 1.617520009137777e+000 3.287235698189162e-002 -9.279041720152232e-001 -2.550573253909015e-001 -1.453259172066910e-001 -5.861623340603877e-002 0.000000000000000e+000
5.718172043010728e+000 -5.850853393667763e-001 -2.611737519846960e-002 1.062439518704017e+000 1.623403802997151e+000 3.368040271712514e-002 -9.308191164091653e-001 -2.544397363877162e-001 -1.502632229048974e-001 -5.938579510157899e-002 0.000000000000000e+000
5.726290322580621e+000 -5.826770331813060e-001 -2.923658276570321e-002 1.061742700429805e+000 1.629357869875646e+000 3.448834068072104e-002 -9.334819127545465e-001 -2.536917408373780e-001 -1.549868518611314e-001 -6.013903170543117e-002 0.000000000000000e+000
5.734408602150513e+000 -5.802812147298804e-001 -3.246120921980400e-002 1.061030454722220e+000 1.635218891376527e+000 3.530658362493200e-002 -9.359620991125230e-001 -2.527618785106371e-001 -1.593309463420539e-001 -6.081984430439894e-002 0.000000000000000e+000
5.742526881720405e+000 -5.779046281339482e-001 -3.579863418760876e-002 1.060309844795516e+000 1.640773859976030e+000 3.611403413235048e-002 -9.383675637094604e-001 -2.516519476729809e-001 -1.630954029448375e-001 -6.135442213676925e-002 0.000000000000000e+000
5.750645161290297e+000 -5.755575686744783e-001 -3.925648751634695e-002 1.059585147742417e+000 1.645819579872123e+000 3.686552365542739e-002 -9.408185799177324e-001 -2.504194822524609e-001 -1.661028776114449e-001 -6.167520806877042e-002 0.000000000000000e+000
5.758763440860189e+000 -5.732503110612173e-001 -4.284136796616742e-002 1.058857761236015e+000 1.650213681947327e+000 3.751471383009641e-002 -9.434125653733474e-001 -2.491462447908078e-001 -1.682409450917966e-001 -6.174788530759500e-002 0.000000000000000e+000
5.766881720430082e+000 -5.709906640159097e-001 -4.655711432347063e-002 1.058127438483665e+000 1.653878836841217e+000 3.802977141701081e-002 -9.462177270263791e-001 -2.479016681938978e-001 -1.694588721698554e-001 -6.156899788845312e-002 0.000000000000000e+000
5.774999999999974e+000 -5.687837826048824e-001 -5.040369129716827e-002 1.057393887746294e+000 1.656766781090720e+000 3.839230814632466e-002 -9.493008878440049e-001 -2.467339975703474e-001 -1.697323046482629e-001 -6.113106486965388e-002 0.000000000000000e+000
5.783118279569866e+000 -5.666329725721728e-001 -5.437679093191622e-002 1.056658250138539e+000 1.658827676643949e+000 3.858328775555964e-002 -9.527368086884901e-001 -2.456948057567819e-001 -1.690326523627839e-001 -6.040750135826656e-002 0.000000000000000e+000
5.791236559139758e+000 -5.645393037195982e-001 -5.846750446205328e-002 1.055924543568980e+000 1.660018666436228e+000 3.857925354998959e-002 -9.565739872111125e-001 -2.448500296616037e-001 -1.673293993048274e-001 -5.938553534466646e-002 0.000000000000000e+000
5.799354838709650e+000 -5.625006224090200e-001 -6.266247561507549e-002 1.055200549024169e+000 1.660336940436598e+000 3.837336041463924e-002 -9.608068803098833e-001 -2.442458293303037e-001 -1.646236082809229e-001 -5.809912129516489e-002 0.000000000000000e+000
5.807473118279543e+000 -5.605126592668147e-001 -6.694599707570170e-002 1.054496690083324e+000 1.659844356080042e+000 3.799450402089022e-002 -9.653873038456516e-001 -2.438772755909510e-001 -1.609877871478815e-001 -5.662280873850057e-002 0.000000000000000e+000
5.815591397849435e+000 -5.585728481840748e-001 -7.130479873303346e-002 1.053823316670900e+000 1.658674688285927e+000 3.749659555865303e-002 -9.702308226862088e-001 -2.437063262384940e-001 -1.565890472458575e-001 -5.506371010497452e-002 0.000000000000000e+000
5.823709677419327e+000 -5.566849280080197e-001 -7.573361854988703e-002 1.053188935433055e+000 1.657032227435208e+000 3.693485628197291e-002 -9.751798834212400e-001 -2.436929821914386e-001 -1.516896923272225e-001 -5.359062665705415e-002 0.000000000000000e+000
5.831827956989219e+000 -5.548622235499822e-001 -8.023688424083114e-002 1.052600938720422e+000 1.655178903247393e+000 3.636151139311239e-002 -9.799607526394892e-001 -2.437916508124699e-001 -1.466240099518386e-001 -5.246922542811983e-002 0.000000000000000e+000
5.839946236559111e+000 -5.531278562178189e-001 -8.482372551904938e-002 1.052067991626647e+000 1.653388777329620e+000 3.583828019338786e-002 -9.842059705149376e-001 -2.439307437516544e-001 -1.417395534476664e-001 -5.203901080322182e-002 0.000000000000000e+000
5.848064516129004e+000 -5.515091446119476e-001 -8.950086875744853e-002 1.051600964602700e+000 1.651861561824656e+000 3.543387510065399e-002 -9.875884112128651e-001 -2.440160490517448e-001 -1.373040123863622e-001 -5.259088798147506e-002 0.000000000000000e+000
5.856182795698896e+000 -5.500239279932961e-001 -9.427181723285641e-002 1.051209081885788e+000 1.650622579633456e+000 3.518219995962024e-002 -9.900631809231233e-001 -2.439703000384273e-001 -1.334119467384080e-001 -5.414594680531348e-002 0.000000000000000e+000
5.864301075268788e+000 -5.486661302080623e-001 -9.914269227398817e-002 1.050893805712956e+000 1.649478824849736e+000 3.502612288994778e-002 -9.920653126532285e-001 -2.437846524928015e-001 -1.299524342585436e-001 -5.627382643018668e-002 0.000000000000000e+000
5.872419354838680e+000 -5.474074754713676e-001 -1.041240800438573e-001 1.050648562081167e+000 1.648112735846128e+000 3.482716728832092e-002 -9.943776545471379e-001 -2.435191283608246e-001 -1.266915494725407e-001 -5.821774181975680e-002 0.000000000000000e+000
5.880537634408572e+000 -5.462174864670971e-001 -1.092235566722186e-001 1.050465648320875e+000 1.646268682043550e+000 3.445859307676025e-002 -9.976732127149085e-001 -2.432343028454949e-001 -1.234162257831232e-001 -5.932268546202554e-002 0.000000000000000e+000
5.888655913978464e+000 -5.450807551720009e-001 -1.144381603319422e-001 1.050341674832463e+000 1.643854561845701e+000 3.387656617822477e-002 -1.002166198577216e+000 -2.429397496007969e-001 -1.199983090413259e-001 -5.936090368173392e-002 0.000000000000000e+000
5.896774193548357e+000 -5.439971294290544e-001 -1.197547222406993e-001 1.050276432511175e+000 1.640891119532868e+000 3.309816626204087e-002 -1.007649831213718e+000 -2.426223583070825e-001 -1.163457930784163e-001 -5.849508994515532e-002 0.000000000000000e+000
5.904892473118249e+000 -5.429726106467412e-001 -1.251539295412020e-001 1.050269321940783e+000 1.637423988495713e+000 3.214615059587245e-002 -1.013737940331477e+000 -2.422968765952638e-001 -1.123472645427010e-001 -5.704942346319637e-002 0.000000000000000e+000
5.913010752688141e+000 -5.420126210488372e-001 -1.306120024390892e-001 1.050318364705840e+000 1.633501205656390e+000 3.104028410724791e-002 -1.020053773048744e+000 -2.419985635761242e-001 -1.078885081886492e-001 -5.533180178655760e-002 0.000000000000000e+000
5.921129032258033e+000 -5.411191214168359e-001 -1.361002883394035e-001 1.050421764293941e+000 1.629198943091981e+000 2.982707327885326e-002 -1.026313579089379e+000 -2.417335487130883e-001 -1.029107421795018e-001 -5.356525973681156e-002 0.000000000000000e+000
5.929247311827925e+000 -5.402871111734330e-001 -1.415860048792443e-001 1.050578000649222e+000 1.624624541070165e+000 2.858753679583259e-002 -1.032354733438814e+000 -2.414595077192069e-001 -9.742591085897433e-002 -5.187987357950971e-002 0.000000000000000e+000
5.937365591397818e+000 -5.394993879452898e-001 -1.470355092164903e-001 1.050781802690058e+000 1.619872557894404e+000 2.740386889532576e-002 -1.038144039976787e+000 -2.411176141345241e-001 -9.145970211274179e-002 -5.031512195117033e-002 0.000000000000000e+000
5.945483870967710e+000 -5.387256786542505e-001 -1.524193545504285e-001 1.051019959391865e+000 1.614987671405434e+000 2.632825239984094e-002 -1.043761834214815e+000 -2.406671614481667e-001 -8.499819476740818e-002 -4.882921208098159e-002 0.000000000000000e+000
5.953602150537602e+000 -5.379304818544042e-001 -1.577164304565341e-001 1.051272217709555e+000 1.609984032132986e+000 2.538899233771108e-002 -1.049342591749827e+000 -2.400825008431680e-001 -7.800917988175239e-002 -4.734182470020654e-002 0.000000000000000e+000
5.961720430107494e+000 -5.370829363485623e-001 -1.629147576143001e-001 1.051515263934370e+000 1.604890782923972e+000 2.460245564372587e-002 -1.055006506824344e+000 -2.393409826315864e-001 -7.050202892077691e-002 -4.578507931692327e-002 0.000000000000000e+000
5.969838709677386e+000 -5.361612374192575e-001 -1.680113120920922e-001 1.051725751159392e+000 1.599772043594469e+000 2.394417006492700e-002 -1.060844378991004e+000 -2.384524599090527e-001 -6.256485598123697e-002 -4.410659796251847e-002 0.000000000000000e+000
5.977956989247279e+000 -5.351534568281873e-001 -1.730134005143597e-001 1.051883374532076e+000 1.594720153863363e+000 2.330507878431720e-002 -1.066942782744596e+000 -2.375110942374648e-001 -5.437107051593416e-002 -4.224086106957386e-002 0.000000000000000e+000
5.986075268817171e+000 -5.340570290909157e-001 -1.779368101320954e-001 1.051975221905426e+000 1.589842053377644e+000 2.250659360951079e-002 -1.073389447988774e+000 -2.366917737603368e-001 -4.615516954429493e-002 -4.010966224053025e-002 0.000000000000000e+000
5.994193548387063e+000 -5.328753163914939e-001 -1.827964310373637e-001 1.051999149730058e+000 1.585241152372414e+000 2.139140950527696e-002 -1.080247181027116e+000 -2.361607337585228e-001 -3.815359889789560e-002 -3.766485931516379e-002 0.000000000000000e+000
6.002311827956955e+000 -5.316133007720165e-001 -1.875958816799895e-001 1.051963996169086e+000 1.580997413031572e+000 1.991926660028476e-002 -1.087523886542444e+000 -2.359710347483209e-001 -3.054453202280128e-002 -3.493923105042044e-002 0.000000000000000e+000
6.010430107526847e+000 -5.302767146061100e-001 -1.923262329342365e-001 1.051886413867009e+000 1.577160227656982e+000 1.818762622737236e-002 -1.095160697410837e+000 -2.360399840786617e-001 -2.343328099444745e-002 -3.206270521788417e-002 0.000000000000000e+000
6.018548387096740e+000 -5.288740365821452e-001 -1.969739976115157e-001 1.051785669033957e+000 1.573755606710574e+000 1.637037981189282e-002 -1.103049476919316e+000 -2.362211841480182e-001 -1.687934181092394e-002 -2.922284842245609e-002 0.000000000000000e+000
6.026666666666632e+000 -5.274169795681369e-001 -2.015292015609488e-001 1.051679264050504e+000 1.570795250171774e+000 1.463472212750583e-002 -1.111075543498335e+000 -2.363952749346401e-001 -1.092458980470172e-002 -2.659333533876258e-002 0.000000000000000e+000
6.034784946236524e+000 -5.259176651559143e-001 -2.059872701770821e-001 1.051581492431045e+000 1.568287207966012e+000 1.309330232548112e-002 -1.119162866600967e+000 -2.365092165690991e-001 -5.609031138768231e-003 -2.427708155215487e-002 0.000000000000000e+000
6.042903225806416e+000 -5.243857400707604e-001 -2.103475820016121e-001 1.051503648108804e+000 1.566242170613311e+000 1.179674904591677e-002 -1.127291641990326e+000 -2.365635073444317e-001 -9.737606279954777e-004 -2.229482539896046e-002 0.000000000000000e+000
6.051021505376308e+000 -5.228283910821869e-001 -2.146138474598686e-001 1.051453386455379e+000 1.564651914013711e+000 1.073968153139071e-002 -1.135477942773808e+000 -2.365874368585303e-001 2.969654080435394e-003 -2.061156017885578e-002 0.000000000000000e+000
6.059139784946201e+000 -5.212508813369606e-001 -2.187964885236121e-001 1.051433416421756e+000 1.563449483837581e+000 9.863818251780732e-003 -1.143746115067804e+000 -2.366315528342733e-001 6.294193147783135e-003 -1.915578694202225e-002 0.000000000000000e+000
6.067258064516093e+000 -5.196548872025055e-001 -2.229139481286354e-001 1.051441630013402e+000 1.562493675084692e+000 9.055944002546168e-003 -1.152117876541009e+000 -2.367835256399539e-001 9.187122720131394e-003 -1.781454009755352e-002 0.000000000000000e+000
6.075376344085985e+000 -5.180370055264811e-001 -2.269906524269210e-001 1.051473190407762e+000 1.561595061009967e+000 8.148962806422855e-003 -1.160601944757911e+000 -2.371870302874786e-001 1.192665053214576e-002 -1.644352495038788e-002 0.000000000000000e+000
6.083494623655877e+000 -5.163908776032458e-001 -2.310516450178609e-001 1.051522964135409e+000 1.560572938901840e+000 6.949538761761298e-003 -1.169178228391238e+000 -2.380231275091763e-001 1.480763377349382e-002 -1.491148427333065e-002 0.000000000000000e+000
6.091612903225769e+000 -5.147132326404840e-001 -2.351165699844872e-001 1.051587153104756e+000 1.559319727070456e+000 5.305863446430026e-003 -1.177787824743598e+000 -2.394379346417402e-001 1.803970294942202e-002 -1.315060845101666e-002 0.000000000000000e+000
6.099731182795662e+000 -5.130117035775604e-001 -2.391958575074250e-001 1.051664354328346e+000 1.557832229341452e+000 3.192145087857146e-003 -1.186325482813801e+000 -2.414516335996689e-001 2.167512732743266e-002 -1.118500752581368e-002 0.000000000000000e+000
6.107849462365554e+000 -5.113096961613267e-001 -2.432896432509523e-001 1.051755760302554e+000 1.556190946618119e+000 7.601016926024329e-004 -1.194637624767557e+000 -2.439077257401347e-001 2.560949573589443e-002 -9.126523823854382e-003 0.000000000000000e+000
6.115967741935446e+000 -5.096424096847950e-001 -2.473889405612986e-001 1.051863686425380e+000 1.554515935486588e+000 -1.686126995040116e-003 -1.202554385419927e+000 -2.465036343965174e-001 2.963641032889881e-002 -7.129915675982954e-003 0.000000000000000e+000
6.124086021505338e+000 -5.080430928185487e-001 -2.514785171379341e-001 1.051988944691631e+000 1.552924857421372e+000 -3.796100192340557e-003 -1.209974323885968e+000 -2.489001515642934e-001 3.352258359247585e-002 -5.306400652656525e-003 0.000000000000000e+000
6.132204301075230e+000 -5.065266215234479e-001 -2.555410961624092e-001 1.052128984322833e+000 1.551496042698918e+000 -5.312802110827741e-003 -1.216946822592264e+000 -2.508566990081773e-001 3.708834384055630e-002 -3.649922894242990e-003 0.000000000000000e+000
6.140322580645123e+000 -5.050805616256137e-001 -2.595633923655611e-001 1.052278515206188e+000 1.550249137285316e+000 -6.169646669914597e-003 -1.223650891309535e+000 -2.523145885514828e-001 4.026553388470118e-002 -2.064700687162077e-003 0.000000000000000e+000
6.148440860215015e+000 -5.036699977407509e-001 -2.635421388640866e-001 1.052432321369107e+000 1.549156683920618e+000 -6.492464998256509e-003 -1.230269787914158e+000 -2.533892123802724e-001 4.309797424249735e-002 -4.798394787801162e-004 0.000000000000000e+000
6.156559139784907e+000 -5.022536462388832e-001 -2.674849243709224e-001 1.052587639232994e+000 1.548177851114249e+000 -6.519255337596563e-003 -1.236887346441832e+000 -2.542957046301286e-001 4.568303863599990e-002 1.076436140613696e-003 0.000000000000000e+000
6.164677419354799e+000 -5.008002420605668e-001 -2.714048744290042e-001 1.052743805444928e+000 1.547290398688412e+000 -6.497120096909725e-003 -1.243495449674287e+000 -2.552549575247589e-001 4.809794171948778e-002 2.515387062947081e-003 0.000000000000000e+000
6.172795698924691e+000 -4.992953256924136e-001 -2.753148155755745e-001 1.052900040117994e+000 1.546494442109525e+000 -6.602796730385663e-003 -1.250067571999371e+000 -2.564162564743568e-001 5.037202393152675e-002 3.778947088605273e-003 0.000000000000000e+000
6.180913978494584e+000 -4.977393852681163e-001 -2.792253904271617e-001 1.053053649610979e+000 1.545788328666604e+000 -6.897309964918996e-003 -1.256601209101483e+000 -2.578120822020117e-001 5.251418766323202e-002 4.886950806439161e-003 0.000000000000000e+000
6.189032258064476e+000 -4.961444562895682e-001 -2.831459423024598e-001 1.053199216994649e+000 1.545150401291190e+000 -7.320964333764390e-003 -1.263102029087805e+000 -2.593513403468842e-001 5.454039873480106e-002 5.916462435303879e-003 0.000000000000000e+000
6.197150537634368e+000 -4.945313344394932e-001 -2.870849401227089e-001 1.053328736331409e+000 1.544541284266351e+000 -7.737397083573017e-003 -1.269554575572418e+000 -2.608609473235977e-001 5.647624936857244e-002 6.956422422903162e-003 0.000000000000000e+000
6.205268817204260e+000 -4.929246040224150e-001 -2.910493905582228e-001 1.053433134580133e+000 1.543909876742344e+000 -8.008772229961103e-003 -1.275914222306087e+000 -2.621640169393534e-001 5.836050097928950e-002 8.073281638783144e-003 0.000000000000000e+000
6.213387096774152e+000 -4.913449356876499e-001 -2.950446571956783e-001 1.053504448763330e+000 1.543198877412331e+000 -8.064180829835621e-003 -1.282122001135445e+000 -2.631554916844260e-001 6.025077777429198e-002 9.293859408633363e-003 0.000000000000000e+000
6.221505376344044e+000 -4.898018049702169e-001 -2.990748334103892e-001 1.053537439029072e+000 1.542357365706626e+000 -7.934780252305540e-003 -1.288134587041618e+000 -2.638454076452856e-001 6.221244393393383e-002 1.060778515679732e-002 0.000000000000000e+000
6.229623655913937e+000 -4.882903874660144e-001 -3.031426916652601e-001 1.053530486404832e+000 1.541353509433560e+000 -7.745886226558696e-003 -1.293958182799096e+000 -2.643608268227046e-001 6.429761555963483e-002 1.199298387344942e-002 0.000000000000000e+000
6.237741935483829e+000 -4.867946641731870e-001 -3.072493567669057e-001 1.053485272277383e+000 1.540179060558017e+000 -7.670907024413864e-003 -1.299667018255567e+000 -2.649052529972489e-001 6.652741407704420e-002 1.344924537914592e-002 0.000000000000000e+000
6.245860215053721e+000 -4.852949620991668e-001 -3.113953349197604e-001 1.053404630550208e+000 1.538849760212403e+000 -7.872486452094929e-003 -1.305384468285672e+000 -2.656887528816774e-001 6.888149755596011e-002 1.500696274435417e-002 0.000000000000000e+000
6.253978494623613e+000 -4.837749279699873e-001 -3.155832132759699e-001 1.053290354328687e+000 1.537400698442520e+000 -8.459949873511841e-003 -1.311232177741584e+000 -2.668609749933003e-001 7.131068221386569e-002 1.670769762978115e-002 0.000000000000000e+000
6.262096774193505e+000 -4.822249344295799e-001 -3.198199584833668e-001 1.053143018834764e+000 1.535866144377385e+000 -9.470551829468210e-003 -1.317280465391086e+000 -2.684736572770382e-001 7.378278097111608e-002 1.858497857289982e-002 0.000000000000000e+000
6.270215053763398e+000 -4.806432523714151e-001 -3.241166715406848e-001 1.052962084391063e+000 1.534246510295273e+000 -1.087036238087769e-002 -1.323526822106530e+000 -2.704812536872616e-001 7.632753688640327e-002 2.064838603555468e-002 0.000000000000000e+000
6.278333333333290e+000 -4.790360759493077e-001 -3.284848942295908e-001 1.052743918067262e+000 1.532484910533102e+000 -1.257565668784877e-002 -1.329917886344608e+000 -2.727775873613155e-001 7.903472792159973e-002 2.286885602659078e-002 0.000000000000000e+000
6.286451612903182e+000 -4.774147494446447e-001 -3.329315997611654e-001 1.052480121556177e+000 1.530474981404756e+000 -1.448785435358468e-002 -1.336399238291489e+000 -2.752463225844690e-001 8.201358697755991e-002 2.518796151000606e-002 0.000000000000000e+000
6.294569892473074e+000 -4.757899936664372e-001 -3.374577312315789e-001 1.052159910925523e+000 1.528102220442504e+000 -1.652248135134271e-002 -1.342938411088912e+000 -2.777914002754217e-001 8.535217818522403e-002 2.754210931326572e-002 0.000000000000000e+000
6.302688172042966e+000 -4.741665912353937e-001 -3.420612107810426e-001 1.051775356134748e+000 1.525298262467971e+000 -1.861828260148934e-002 -1.349506933566643e+000 -2.803368174205120e-001 8.908608581324608e-002 2.986967951640119e-002 0.000000000000000e+000
6.310806451612859e+000 -4.725421623528974e-001 -3.467397500369166e-001 1.051324795784351e+000 1.522072801331507e+000 -2.072607167067386e-002 -1.356067942953533e+000 -2.828077406222411e-001 9.318025844715751e-002 3.211077316924375e-002 -8.326672684688677e-017
6.318924731182751e+000 -4.709108971799542e-001 -3.514908481225776e-001 1.050812067686204e+000 1.518500078193593e+000 -2.278920181871058e-002 -1.362585071663624e+000 -2.851110719026487e-001 9.754390047717383e-002 3.421507033891104e-002 -1.665334536937735e-016
6.327043010752643e+000 -4.692696354726938e-001 -3.563116591574906e-001 1.050243425655317e+000 1.514676365770742e+000 -2.473656347558184e-002 -1.369022005502449e+000 -2.871372997352849e-001 1.020712177521181e-001 3.614032815496166e-002 -2.220446049250313e-016
6.335161290322535e+000 -4.676214650811396e-001 -3.612012040813877e-001 1.049624909278808e+000 1.510683732875153e+000 -2.649839041370483e-002 -1.375326461007663e+000 -2.887868684277156e-001 1.066770771467574e-001 3.783818137397112e-002 0.000000000000000e+000
6.343279569892427e+000 -4.659743907310679e-001 -3.661627046630077e-001 1.048960928511201e+000 1.506572423051856e+000 -2.802923072473673e-002 -1.381425753030790e+000 -2.899977683401373e-001 1.113165975184982e-001 3.925372413457709e-002 0.000000000000000e+000
6.351397849462320e+000 -4.643370597888742e-001 -3.712024227897863e-001 1.048253908335896e+000 1.502355190086516e+000 -2.931555080060910e-002 -1.387243471235406e+000 -2.907565808485021e-001 1.159931231625451e-001 4.034421535489911e-002 0.000000000000000e+000
6.359516129032212e+000 -4.627148896808069e-001 -3.763253019900212e-001 1.047505194251678e+000 1.498014497402207e+000 -3.036619025775922e-002 -1.392712476470539e+000 -2.910926198754758e-001 1.207523002191060e-001 4.108573180275767e-002 0.000000000000000e+000
6.367634408602104e+000 -4.611093996381509e-001 -3.815301620558224e-001 1.046716976188318e+000 1.493529633725350e+000 -3.120178500676962e-002 -1.397768045103562e+000 -2.910663523451933e-001 1.256515895625548e-001 4.145655902038610e-002 -1.387778780781446e-016
6.375752688171996e+000 -4.595213304937054e-001 -3.868062686809111e-001 1.045894216545646e+000 1.488917194644343e+000 -3.185203124857017e-002 -1.402341015418252e+000 -2.907647195708498e-001 1.307049911177443e-001 4.142960860265823e-002 0.000000000000000e+000
6.383870967741888e+000 -4.579536797909521e-001 -3.921339021793865e-001 1.045045616308219e+000 1.484260880329630e+000 -3.235328033669549e-002 -1.406362793037284e+000 -2.902932849989717e-001 1.358360162107344e-001 4.098677342326974e-002 0.000000000000000e+000
6.391989247311781e+000 -4.564108790873089e-001 -3.974914458170102e-001 1.044182897586569e+000 1.479707546787853e+000 -3.274672701915793e-002 -1.409767558158578e+000 -2.897587016704635e-001 1.408796324064830e-001 4.012896357595520e-002 0.000000000000000e+000
6.400107526881673e+000 -4.548953384987007e-001 -4.028655869176813e-001 1.043318302762311e+000 1.475425179007427e+000 -3.309225662359516e-002 -1.412501377436410e+000 -2.892675427961426e-001 1.456356746728860e-001 3.888018591834448e-002 0.000000000000000e+000
6.408225806451565e+000 -4.534038386965811e-001 -4.082574925418753e-001 1.042461766677886e+000 1.471542179192637e+000 -3.349114387404195e-002 -1.414557066161691e+000 -2.889418483129839e-001 1.499443366794248e-001 3.730695783501679e-002 0.000000000000000e+000
6.416344086021457e+000 -4.519250876402836e-001 -4.136820275742564e-001 1.041619686249969e+000 1.468106565891797e+000 -3.408598767246951e-002 -1.416014798331707e+000 -2.889127551065969e-001 1.537395761888732e-001 3.554670861814632e-002 0.000000000000000e+000
6.424462365591349e+000 -4.504400338856834e-001 -4.191619137685586e-001 1.040795528088579e+000 1.465096654214190e+000 -3.502971758303719e-002 -1.417065313369410e+000 -2.892897308529248e-001 1.570364714336061e-001 3.382354969185462e-002 0.000000000000000e+000
6.432580645161242e+000 -4.489251262111176e-001 -4.247205062319748e-001 1.039991275405858e+000 1.462469147560731e+000 -3.644464658638102e-002 -1.418004979099771e+000 -2.901335339446555e-001 1.598660454745803e-001 3.243078189847995e-002 0.000000000000000e+000
6.440698924731134e+000 -4.473566680117903e-001 -4.303765307818657e-001 1.039209234795744e+000 1.460194806734749e+000 -3.838371845441402e-002 -1.419189993609496e+000 -2.914293973723531e-001 1.622305496900942e-001 3.167118147855277e-002 0.000000000000000e+000
6.448817204301026e+000 -4.457144739373554e-001 -4.361417705698364e-001 1.038453717830055e+000 1.458256778475760e+000 -4.079888971057399e-002 -1.420957067768232e+000 -2.930522389377207e-001 1.641168479435752e-001 3.177510645178484e-002 0.000000000000000e+000
6.456935483870918e+000 -4.439836860497455e-001 -4.420208672976963e-001 1.037731315520470e+000 1.456633677262178e+000 -4.353477810267847e-002 -1.423545022098890e+000 -2.947548909726595e-001 1.655311855854111e-001 3.283274133418184e-002 0.000000000000000e+000
6.465053763440810e+000 -4.421548570134369e-001 -4.480124042896906e-001 1.037049124504270e+000 1.455290525148304e+000 -4.636325934164121e-002 -1.427057469928850e+000 -2.962096299726643e-001 1.665144046634084e-001 3.477402425748450e-002 0.000000000000000e+000
6.473172043010703e+000 -4.402236722639321e-001 -4.541114861391756e-001 1.036411948312582e+000 1.454175281695729e+000 -4.905030094614071e-002 -1.431474217232100e+000 -2.970917075937085e-001 1.671400153986632e-001 3.739898512746098e-002 0.000000000000000e+000
6.481290322580595e+000 -4.381907551997449e-001 -4.603139038054969e-001 1.035820025231005e+000 1.453225607290270e+000 -5.142237899279500e-002 -1.436677643239700e+000 -2.971650448071688e-001 1.674990546553941e-001 4.042226518770071e-002 0.000000000000000e+000
6.489408602150487e+000 -4.360612914972318e-001 -4.666188508016279e-001 1.035268133921885e+000 1.452398518793785e+000 -5.339235819597477e-002 -1.442479111876099e+000 -2.963243068679931e-001 1.676572025141777e-001 4.351265015732438e-002 0.000000000000000e+000
6.497526881720379e+000 -4.338447005677195e-001 -4.730265795459189e-001 1.034746361905140e+000 1.451711626821501e+000 -5.493189379859964e-002 -1.448674428039269e+000 -2.945755962204562e-001 1.675896814218146e-001 4.635103343611543e-002 0.000000000000000e+000
6.505645161290271e+000 -4.315539975780719e-001 -4.795342028975130e-001 1.034242599161704e+000 1.451270995263551e+000 -5.602236036450625e-002 -1.455115586627521e+000 -2.919850969283016e-001 1.671312742780041e-001 4.869629828245711e-002 0.000000000000000e+000
6.513763440860164e+000 -4.292045701091521e-001 -4.861365305033820e-001 1.033746646051081e+000 1.451261060632511e+000 -5.662429755829135e-002 -1.461725534229618e+000 -2.886323890701736e-001 1.659916126321207e-001 5.040195992621637e-002 0.000000000000000e+000
6.521881720430056e+000 -4.268126926808946e-001 -4.928310603596356e-001 1.033254653757303e+000 1.451884335727428e+000 -5.667668871991549e-002 -1.468450663971203e+000 -2.845813834249434e-001 1.638523087505684e-001 5.138708109111562e-002 0.000000000000000e+000
6.529999999999948e+000 -4.243932086071205e-001 -4.996198745909909e-001 1.032770678214088e+000 1.453280064714275e+000 -5.611760682341882e-002 -1.475232008529187e+000 -2.798725801918673e-001 1.604915479000775e-001 5.162674612815232e-002 0.000000000000000e+000
