---- AnyBody Output File ---------------------------------
Study: Main.Studies.MotionOptimization
Operation: Main.Studies.MotionOptimization.Kinematics
----------------------------------------------------------
Constants (Name = Value): 
Main.Studies.KinematicStudyForParameterIdentification.JointAngleOutputs.OutputFile2c.FileName = "..\Input\Subjects\PS\Overground Gait Trials\PS_rightturn6\PS_rightturn6-output-euler-leftleganklepostd.txt"
Main.Studies.KinematicStudyForParameterIdentification.JointAngleOutputs.OutputFile2c.NumberFormat.Digits = 15
Main.Studies.KinematicStudyForParameterIdentification.JointAngleOutputs.OutputFile2c.NumberFormat.Width = 22
Main.Studies.KinematicStudyForParameterIdentification.JointAngleOutputs.OutputFile2c.NumberFormat.Style = ScientificNumber
Main.Studies.KinematicStudyForParameterIdentification.JointAngleOutputs.OutputFile2c.NumberFormat.FormatStr = "%22.15e"
Main.Studies.KinematicStudyForParameterIdentification.JointAngleOutputs.OutputFile2c.Search = 
Main.Studies.KinematicStudyForParameterIdentification.JointAngleOutputs.OutputFile2c.Format = 0
Main.Studies.KinematicStudyForParameterIdentification.JointAngleOutputs.OutputFile2c.SepSign = " "
Main.Studies.KinematicStudyForParameterIdentification.JointAngleOutputs.OutputFile2c.LineSepSign = ""
Main.Studies.KinematicStudyForParameterIdentification.JointAngleOutputs.OutputFile2c.Header.TitleSectionOnOff = On
Main.Studies.KinematicStudyForParameterIdentification.JointAngleOutputs.OutputFile2c.Header.ConstSectionOnOff = On
Main.Studies.KinematicStudyForParameterIdentification.JointAngleOutputs.OutputFile2c.Header.ConstSectionSaveOptionsOnOff = On
Main.Studies.KinematicStudyForParameterIdentification.JointAngleOutputs.OutputFile2c.Header.VarSectionOnOff = On
Main.Studies.KinematicStudyForParameterIdentification.JointAngleOutputs.OutputFile2c.Header.ColumnNamesOnOff = On
Main.Studies.KinematicStudyForParameterIdentification.JointAngleOutputs.OutputFile2c.Header.LinePrefix = ""
Main.Studies.KinematicStudyForParameterIdentification.JointAngleOutputs.OutputFile2c.ConstSectionSaveOptionsOnOff = On
----------------------------------------------------------
Variables (Column# Name): 
col0  Main.Studies.MotionOptimization.t
col1  Main.Studies.KinematicStudyForParameterIdentification.JointAngleOutputs.OutputFile2c.LeftAnklePosX
col2  Main.Studies.KinematicStudyForParameterIdentification.JointAngleOutputs.OutputFile2c.LeftAnklePosY
col3  Main.Studies.KinematicStudyForParameterIdentification.JointAngleOutputs.OutputFile2c.LeftAnklePosZ
----------------------------------------------------------
Main.Studies.MotionOptimization.t Main.Studies.KinematicStudyForParameterIdentification.JointAngleOutputs.OutputFile2c.LeftAnklePosX Main.Studies.KinematicStudyForParameterIdentification.JointAngleOutputs.OutputFile2c.LeftAnklePosY Main.Studies.KinematicStudyForParameterIdentification.JointAngleOutputs.OutputFile2c.LeftAnklePosZ
5.020000000000000e+000 -6.537684303115050e-001 1.280558379757217e-001 1.190936595934318e-001
5.028118279569892e+000 -6.372541972453441e-001 1.240979343003346e-001 1.208361218919713e-001
5.036236559139784e+000 -6.219798710589608e-001 1.201179249314852e-001 1.224684191116845e-001
5.044354838709676e+000 -6.080394985713699e-001 1.161865182887721e-001 1.238663800674419e-001
5.052473118279568e+000 -5.954921118900941e-001 1.123625382555752e-001 1.249292027925742e-001
5.060591397849461e+000 -5.843433430825953e-001 1.086933507271692e-001 1.255884937169043e-001
5.068709677419353e+000 -5.745409146634034e-001 1.052128559255197e-001 1.258106830921837e-001
5.076827956989245e+000 -5.659824923288780e-001 1.019389814706625e-001 1.255895660122313e-001
5.084946236559137e+000 -5.585347618662522e-001 9.887457459706613e-002 1.249330880372125e-001
5.093064516129029e+000 -5.520552513216253e-001 9.601255371580422e-002 1.238521895652114e-001
5.101182795698922e+000 -5.464077842006319e-001 9.334248063601837e-002 1.223580406666902e-001
5.109301075268814e+000 -5.414706065033144e-001 9.085424895224263e-002 1.204666861788142e-001
5.117419354838706e+000 -5.371394201328502e-001 8.853710304896414e-002 1.182045828916462e-001
5.125537634408598e+000 -5.333238036575666e-001 8.637916632479455e-002 1.156111111163447e-001
5.133655913978490e+000 -5.299360766565342e-001 8.437349034957334e-002 1.127404576379309e-001
5.141774193548383e+000 -5.268791307328103e-001 8.252429126070041e-002 1.096653927511176e-001
5.149892473118275e+000 -5.240458123237155e-001 8.084070610487273e-002 1.064788473391726e-001
5.158010752688167e+000 -5.213368747252132e-001 7.932445521058265e-002 1.032885270195349e-001
5.166129032258059e+000 -5.186887999190522e-001 7.797379602459276e-002 1.002079792692014e-001
5.174247311827951e+000 -5.160939878312499e-001 7.680350086446633e-002 9.734866978366617e-002
5.182365591397844e+000 -5.136024404110423e-001 7.585180426711706e-002 9.481104947787421e-002
5.190483870967736e+000 -5.113034372237539e-001 7.515820306061892e-002 9.267451445038673e-002
5.198602150537628e+000 -5.092909339553511e-001 7.472992556049073e-002 9.099035779599349e-002
5.206720430107520e+000 -5.076262081674574e-001 7.452577701509301e-002 8.977606153386014e-002
5.214838709677412e+000 -5.063184942984298e-001 7.446877953534978e-002 8.900701906772607e-002
5.222956989247304e+000 -5.053324013783056e-001 7.447494238368255e-002 8.861103341443240e-002
5.231075268817197e+000 -5.046119801168922e-001 7.447727160499845e-002 8.847551479432232e-002
5.239193548387089e+000 -5.041051671038995e-001 7.443538137387383e-002 8.846948043874015e-002
5.247311827956981e+000 -5.037767904455779e-001 7.433448797976779e-002 8.847340784290531e-002
5.255430107526873e+000 -5.036067784056540e-001 7.418043928947876e-002 8.840618301874992e-002
5.263548387096765e+000 -5.035787864995301e-001 7.399331811951869e-002 8.823860717611413e-002
5.271666666666658e+000 -5.036685968937905e-001 7.379948197572006e-002 8.798864319493045e-002
5.279784946236550e+000 -5.038401610428764e-001 7.362368614196625e-002 8.770227104727300e-002
5.287903225806442e+000 -5.040503611466041e-001 7.348463851112218e-002 8.742902524786933e-002
5.296021505376334e+000 -5.042567749109361e-001 7.339492217119678e-002 8.720221668733688e-002
5.304139784946226e+000 -5.044235129220722e-001 7.336307329005865e-002 8.703124527701038e-002
5.312258064516119e+000 -5.045248539401182e-001 7.339505000956767e-002 8.690647011278470e-002
5.320376344086011e+000 -5.045472104454600e-001 7.349366051437722e-002 8.680999742609653e-002
5.328494623655903e+000 -5.044889912662298e-001 7.365682767776453e-002 8.672475539615870e-002
5.336612903225795e+000 -5.043590345800593e-001 7.387678688914563e-002 8.663900684833518e-002
5.344731182795687e+000 -5.041751067405105e-001 7.414070976454255e-002 8.654805010776277e-002
5.352849462365580e+000 -5.039626309545331e-001 7.443118983062368e-002 8.645445155369966e-002
5.360967741935472e+000 -5.037520315722125e-001 7.472569103783139e-002 8.636543369800560e-002
5.369086021505364e+000 -5.035727729273392e-001 7.499731665669310e-002 8.628801584750070e-002
5.377204301075256e+000 -5.034447806171102e-001 7.522044920439458e-002 8.622639497096944e-002
5.385322580645148e+000 -5.033719901827269e-001 7.537944802276367e-002 8.618312210233163e-002
5.393440860215041e+000 -5.033429279714022e-001 7.547327548874452e-002 8.616013040494368e-002
5.401559139784933e+000 -5.033379846778179e-001 7.551331929585553e-002 8.615738182610233e-002
5.409677419354825e+000 -5.033376758738588e-001 7.551813308025696e-002 8.617181221247926e-002
5.417795698924717e+000 -5.033266142795982e-001 7.550722455065682e-002 8.619877213028220e-002
5.425913978494609e+000 -5.032939802831932e-001 7.549451750460574e-002 8.623461192073287e-002
5.434032258064502e+000 -5.032341889720500e-001 7.548513931120758e-002 8.627796622496388e-002
5.442150537634394e+000 -5.031477370604103e-001 7.547795232997966e-002 8.632887987930762e-002
5.450268817204286e+000 -5.030406754425170e-001 7.547073845389411e-002 8.638726736906813e-002
5.458387096774178e+000 -5.029228854875992e-001 7.546326545880421e-002 8.645212209237098e-002
5.466505376344070e+000 -5.028050690315757e-001 7.545712946828032e-002 8.652067618788274e-002
5.474623655913963e+000 -5.026952922720379e-001 7.545445095612119e-002 8.658744411201619e-002
5.482741935483855e+000 -5.025979632185446e-001 7.545672470019790e-002 8.664510175282265e-002
5.490860215053747e+000 -5.025156485068174e-001 7.546409304827462e-002 8.668712420114717e-002
5.498978494623639e+000 -5.024504239302579e-001 7.547577577081192e-002 8.670969071352933e-002
5.507096774193531e+000 -5.024032854975463e-001 7.549170668655622e-002 8.671184626043643e-002
5.515215053763424e+000 -5.023738041520950e-001 7.551369825694787e-002 8.669513416143496e-002
5.523333333333316e+000 -5.023608084141534e-001 7.554401795597357e-002 8.666401808394195e-002
5.531451612903208e+000 -5.023623503012068e-001 7.558118117329907e-002 8.662659681551825e-002
5.539569892473100e+000 -5.023754376535941e-001 7.561603751583915e-002 8.659333343437689e-002
5.547688172042992e+000 -5.023972546828356e-001 7.563275185448630e-002 8.657248656892411e-002
5.555806451612884e+000 -5.024261153245091e-001 7.561579560851843e-002 8.656528944681660e-002
5.563924731182777e+000 -5.024599374658345e-001 7.555868271370396e-002 8.656635748990289e-002
5.572043010752669e+000 -5.024943291644161e-001 7.546873285802361e-002 8.656954304632746e-002
5.580161290322561e+000 -5.025240907665628e-001 7.536400380094965e-002 8.657297947837769e-002
5.588279569892453e+000 -5.025475179293658e-001 7.526368679699694e-002 8.657906213677838e-002
5.596397849462345e+000 -5.025679183925369e-001 7.517926058753080e-002 8.659153051731743e-002
5.604516129032238e+000 -5.025905429267824e-001 7.511237330997364e-002 8.661338788941431e-002
5.612634408602130e+000 -5.026202221512466e-001 7.505879412676415e-002 8.664641141328670e-002
5.620752688172022e+000 -5.026616914771757e-001 7.501353278717445e-002 8.669071522623231e-002
5.628870967741914e+000 -5.027186375484074e-001 7.497235190948852e-002 8.674337677832453e-002
5.636989247311806e+000 -5.027914065333301e-001 7.492960007347431e-002 8.679758289025927e-002
5.645107526881699e+000 -5.028771803706711e-001 7.487715545662001e-002 8.684456305370611e-002
5.653225806451591e+000 -5.029727368282536e-001 7.480737929870608e-002 8.687771555554447e-002
5.661344086021483e+000 -5.030769852394907e-001 7.471699128284801e-002 8.689554299435777e-002
5.669462365591375e+000 -5.031913107906805e-001 7.460793888915855e-002 8.690133726620886e-002
5.677580645161267e+000 -5.033176214013770e-001 7.448611713974937e-002 8.690112004598664e-002
5.685698924731160e+000 -5.034563757294917e-001 7.435975949553825e-002 8.690218207200950e-002
5.693817204301052e+000 -5.036067831665764e-001 7.423602791071074e-002 8.691216095020315e-002
5.701935483870944e+000 -5.037679887692903e-001 7.411633017376573e-002 8.693761645559832e-002
5.710053763440836e+000 -5.039388491524335e-001 7.399486889728860e-002 8.698260444679455e-002
5.718172043010728e+000 -5.041165008256011e-001 7.386168828328302e-002 8.704821964316115e-002
5.726290322580621e+000 -5.042955493016272e-001 7.370716122529088e-002 8.713265017590341e-002
5.734408602150513e+000 -5.044686468428787e-001 7.352581384254606e-002 8.723082293794489e-002
5.742526881720405e+000 -5.046277802038419e-001 7.331891567456607e-002 8.733478900426139e-002
5.750645161290297e+000 -5.047652081226117e-001 7.309567964450159e-002 8.743666937267254e-002
5.758763440860189e+000 -5.048740260807214e-001 7.287249708750662e-002 8.753247707851221e-002
5.766881720430082e+000 -5.049488277207769e-001 7.266858821361413e-002 8.762306112639644e-002
5.774999999999974e+000 -5.049858286134306e-001 7.249874592522103e-002 8.771161363049587e-002
5.783118279569866e+000 -5.049826858588689e-001 7.236675284274341e-002 8.780136964511877e-002
5.791236559139758e+000 -5.049400102756440e-001 7.226264196907270e-002 8.789690059380244e-002
5.799354838709650e+000 -5.048634595549804e-001 7.216568124422246e-002 8.800750685703115e-002
5.807473118279543e+000 -5.047623187287407e-001 7.205169408265320e-002 8.814852497683012e-002
5.815591397849435e+000 -5.046448416269856e-001 7.189990439176311e-002 8.834011839440206e-002
5.823709677419327e+000 -5.045146021436656e-001 7.169574885951459e-002 8.860641624605699e-002
5.831827956989219e+000 -5.043692717488558e-001 7.142995440643303e-002 8.897545436366132e-002
5.839946236559111e+000 -5.042001156949219e-001 7.109678887410927e-002 8.947765884750301e-002
5.848064516129004e+000 -5.039925976708076e-001 7.069384603555609e-002 9.014161390949282e-002
5.856182795698896e+000 -5.037313111526044e-001 7.022287518737261e-002 9.098825676512140e-002
5.864301075268788e+000 -5.034077460013279e-001 6.968787584444175e-002 9.202818491096372e-002
5.872419354838680e+000 -5.030228317677815e-001 6.908652769476431e-002 9.326743499756537e-002
5.880537634408572e+000 -5.025811015878785e-001 6.839840088776644e-002 9.471769023361096e-002
5.888655913978464e+000 -5.020825587695555e-001 6.758044488617515e-002 9.639979270354131e-002
5.896774193548357e+000 -5.015167328796772e-001 6.657682243983093e-002 9.833928334315384e-002
5.904892473118249e+000 -5.008560312487802e-001 6.534343394538533e-002 1.005643162514469e-001
5.913010752688141e+000 -5.000474206347731e-001 6.388008043995511e-002 1.031131866133310e-001
5.921129032258033e+000 -4.990135435306664e-001 6.224520291924765e-002 1.060456899640461e-001
5.929247311827925e+000 -4.976756134890307e-001 6.051696666406542e-002 1.094382183569611e-001
5.937365591397818e+000 -4.959876697595281e-001 5.870681366165241e-002 1.133484817095624e-001
5.945483870967710e+000 -4.939516951621944e-001 5.670843840171991e-002 1.177761289857328e-001
5.953602150537602e+000 -4.915995306064264e-001 5.434782699639464e-002 1.226631987536154e-001
5.961720430107494e+000 -4.889643955672530e-001 5.147566533788686e-002 1.279281596257732e-001
5.969838709677386e+000 -4.860711619705679e-001 4.800782938198626e-002 1.334884302773130e-001
5.977956989247279e+000 -4.829447249046820e-001 4.391392681482064e-002 1.392581575553312e-001
5.986075268817171e+000 -4.796184545218697e-001 3.920059242986757e-002 1.451425674872525e-001
5.994193548387063e+000 -4.761341722818202e-001 3.390400599638471e-002 1.510443327826678e-001
6.002311827956955e+000 -4.725346393447831e-001 2.808676793186692e-002 1.568805670396886e-001
6.010430107526847e+000 -4.688525600501191e-001 2.183214886403562e-002 1.625965710653611e-001
6.018548387096740e+000 -4.651016980032180e-001 1.522702656490285e-002 1.681616726520803e-001
6.026666666666632e+000 -4.612734998144550e-001 8.332424054808725e-003 1.735458272604382e-001
6.034784946236524e+000 -4.573381502385877e-001 1.151906569636499e-003 1.786874722521060e-001
6.042903225806416e+000 -4.532499006128999e-001 -6.383053703187688e-003 1.834703684447791e-001
6.051021505376308e+000 -4.489617117492286e-001 -1.439526098404354e-002 1.877304233102977e-001
6.059139784946201e+000 -4.444493717966636e-001 -2.302118384269349e-002 1.912953030825962e-001
6.067258064516093e+000 -4.397302872675690e-001 -3.237509251044977e-002 1.940304755870244e-001
6.075376344085985e+000 -4.348593229011041e-001 -4.253068772082823e-002 1.958650003433335e-001
6.083494623655877e+000 -4.299025106107445e-001 -5.351415551917054e-002 1.967937240438633e-001
6.091612903225769e+000 -4.249076261629706e-001 -6.530648583593687e-002 1.968636454926568e-001
6.099731182795662e+000 -4.198888973039254e-001 -7.785946237215805e-002 1.961510543735143e-001
6.107849462365554e+000 -4.148296243491803e-001 -9.111848780765425e-002 1.947390746458945e-001
6.115967741935446e+000 -4.096964116434058e-001 -1.050371136946718e-001 1.927050512666998e-001
6.124086021505338e+000 -4.044563709094604e-001 -1.195788426224234e-001 1.901179960763978e-001
6.132204301075230e+000 -3.990910700395205e-001 -1.347116914222171e-001 1.870411347560736e-001
6.140322580645123e+000 -3.936031759827293e-001 -1.504030876786560e-001 1.835370240920701e-001
6.148440860215015e+000 -3.880146064110714e-001 -1.666216000519243e-001 1.796738689166793e-001
6.156559139784907e+000 -3.823614500101947e-001 -1.833426105506112e-001 1.755287033403369e-001
6.164677419354799e+000 -3.766918849543572e-001 -2.005488673715582e-001 1.711831140403848e-001
6.172795698924691e+000 -3.710639224813909e-001 -2.182245566437760e-001 1.667148473988852e-001
6.180913978494584e+000 -3.655361786616683e-001 -2.363492308379954e-001 1.621924321369777e-001
6.189032258064476e+000 -3.601552042291147e-001 -2.548965818668319e-001 1.576737509791433e-001
6.197150537634368e+000 -3.549501143293852e-001 -2.738374784555014e-001 1.532059383539230e-001
6.205268817204260e+000 -3.499369215962900e-001 -2.931430088107000e-001 1.488265379651245e-001
6.213387096774152e+000 -3.451235700666542e-001 -3.127846029554047e-001 1.445661184273301e-001
6.221505376344044e+000 -3.405087330030542e-001 -3.327318543176508e-001 1.404507993030995e-001
6.229623655913937e+000 -3.360794153197394e-001 -3.529502353164821e-001 1.365035480060295e-001
6.237741935483829e+000 -3.318150584597409e-001 -3.734002967679351e-001 1.327445786162023e-001
6.245860215053721e+000 -3.276950703295712e-001 -3.940392411249260e-001 1.291918617971066e-001
6.253978494623613e+000 -3.237023023435452e-001 -4.148247365245851e-001 1.258622656335579e-001
6.262096774193505e+000 -3.198231265806649e-001 -4.357185959528181e-001 1.227725641369316e-001
6.270215053763398e+000 -3.160493915795887e-001 -4.566879152935472e-001 1.199391506690544e-001
6.278333333333290e+000 -3.123830150367964e-001 -4.777037219282649e-001 1.173775043353258e-001
6.286451612903182e+000 -3.088389017207062e-001 -4.987369968378113e-001 1.151042630910436e-001
6.294569892473074e+000 -3.054419457935305e-001 -5.197522086314181e-001 1.131413753305514e-001
6.302688172042966e+000 -3.022182104421574e-001 -5.407033588108759e-001 1.115180002842250e-001
6.310806451612859e+000 -2.991854326654554e-001 -5.615366070243615e-001 1.102684935309801e-001
6.318924731182751e+000 -2.963499027012485e-001 -5.821941708884552e-001 1.094286126268969e-001
6.327043010752643e+000 -2.937127850815642e-001 -6.026129215646375e-001 1.090309839468646e-001
6.335161290322535e+000 -2.912818497989440e-001 -6.227192342189302e-001 1.090984711582902e-001
6.343279569892427e+000 -2.890803000439035e-001 -6.424237944203307e-001 1.096347159806058e-001
6.351397849462320e+000 -2.871478142443688e-001 -6.616172417349707e-001 1.106141847646614e-001
6.359516129032212e+000 -2.855391815211153e-001 -6.801689449315232e-001 1.119755617538049e-001
6.367634408602104e+000 -2.843270086411966e-001 -6.979323401649885e-001 1.136209799799616e-001
6.375752688171996e+000 -2.835998049078327e-001 -7.147534614700840e-001 1.154213590798844e-001
6.383870967741888e+000 -2.834405827239740e-001 -7.304746517962651e-001 1.172265001057368e-001
6.391989247311781e+000 -2.838912513137818e-001 -7.449367333340522e-001 1.188801398043056e-001
6.400107526881673e+000 -2.849276721688302e-001 -7.579933674939754e-001 1.202412542842641e-001
6.408225806451565e+000 -2.864594412767393e-001 -7.695419522973297e-001 1.212075657906128e-001
6.416344086021457e+000 -2.883458777650918e-001 -7.795583566271511e-001 1.217314374481575e-001
6.424462365591349e+000 -2.904182365636107e-001 -7.881104875147037e-001 1.218177609253417e-001
6.432580645161242e+000 -2.925074166153251e-001 -7.953355996773598e-001 1.215030280573431e-001
6.440698924731134e+000 -2.944732470735470e-001 -8.014003537478310e-001 1.208311578249084e-001
6.448817204301026e+000 -2.962261417132045e-001 -8.064718079785423e-001 1.198406957162369e-001
6.456935483870918e+000 -2.977355819231436e-001 -8.107047017538754e-001 1.185623385924817e-001
6.465053763440810e+000 -2.990237228010844e-001 -8.142394935558519e-001 1.170203285437325e-001
6.473172043010703e+000 -3.001462355317249e-001 -8.172075827561262e-001 1.152345559635088e-001
6.481290322580595e+000 -3.011689637666876e-001 -8.197380544813224e-001 1.132230113266623e-001
6.489408602150487e+000 -3.021492666012297e-001 -8.219604570147825e-001 1.110065972229590e-001
6.497526881720379e+000 -3.031242618489572e-001 -8.240029124008070e-001 1.086167761578618e-001
6.505645161290271e+000 -3.041047990495377e-001 -8.259857307047268e-001 1.061014444949914e-001
6.513763440860164e+000 -3.050753791265766e-001 -8.280089254319757e-001 1.035240095759324e-001
6.521881720430056e+000 -3.060007278943071e-001 -8.301367011451910e-001 1.009549170381330e-001
6.529999999999948e+000 -3.068382356914889e-001 -8.323897133914393e-001 9.845822498823220e-002
