---- AnyBody Output File ---------------------------------
Study: Main.Studies.MotionOptimization
Operation: Main.Studies.MotionOptimization.Kinematics
----------------------------------------------------------
Constants (Name = Value): 
Main.Studies.KinematicStudyForParameterIdentification.JointAngleOutputs.OutputFile2a.FileName = "..\Input\Subjects\PS\Overground Gait Trials\PS_rightturn6\PS_rightturn6-output-euler-leftlegtd-2dofstj.txt"
Main.Studies.KinematicStudyForParameterIdentification.JointAngleOutputs.OutputFile2a.NumberFormat.Digits = 15
Main.Studies.KinematicStudyForParameterIdentification.JointAngleOutputs.OutputFile2a.NumberFormat.Width = 22
Main.Studies.KinematicStudyForParameterIdentification.JointAngleOutputs.OutputFile2a.NumberFormat.Style = ScientificNumber
Main.Studies.KinematicStudyForParameterIdentification.JointAngleOutputs.OutputFile2a.NumberFormat.FormatStr = "%22.15e"
Main.Studies.KinematicStudyForParameterIdentification.JointAngleOutputs.OutputFile2a.Search = 
Main.Studies.KinematicStudyForParameterIdentification.JointAngleOutputs.OutputFile2a.SepSign = " "
Main.Studies.KinematicStudyForParameterIdentification.JointAngleOutputs.OutputFile2a.LineSepSign = ""
Main.Studies.KinematicStudyForParameterIdentification.JointAngleOutputs.OutputFile2a.Header.TitleSectionOnOff = On
Main.Studies.KinematicStudyForParameterIdentification.JointAngleOutputs.OutputFile2a.Header.ConstSectionOnOff = On
Main.Studies.KinematicStudyForParameterIdentification.JointAngleOutputs.OutputFile2a.Header.VarSectionOnOff = On
Main.Studies.KinematicStudyForParameterIdentification.JointAngleOutputs.OutputFile2a.Header.ColumnNamesOnOff = On
Main.Studies.KinematicStudyForParameterIdentification.JointAngleOutputs.OutputFile2a.Header.LinePrefix = ""
Main.Studies.KinematicStudyForParameterIdentification.JointAngleOutputs.OutputFile2a.ConstSectionSaveOptionsOnOff = On
----------------------------------------------------------
Variables (Column# Name): 
col0  Main.Studies.MotionOptimization.t
col1  Main.Studies.KinematicStudyForParameterIdentification.JointAngleOutputs.OutputFile2a.HipFlexion
col2  Main.Studies.KinematicStudyForParameterIdentification.JointAngleOutputs.OutputFile2a.HipAbduction
col3  Main.Studies.KinematicStudyForParameterIdentification.JointAngleOutputs.OutputFile2a.HipExternalRotation
col4  Main.Studies.KinematicStudyForParameterIdentification.JointAngleOutputs.OutputFile2a.KneeFlexion
col5  Main.Studies.KinematicStudyForParameterIdentification.JointAngleOutputs.OutputFile2a.AnklePlantarFlexion
col6  Main.Studies.KinematicStudyForParameterIdentification.JointAngleOutputs.OutputFile2a.SubTalarEversion
col7  Main.Studies.KinematicStudyForParameterIdentification.JointAngleOutputs.OutputFile2a.SubTalarRotation
----------------------------------------------------------
Main.Studies.MotionOptimization.t Main.Studies.KinematicStudyForParameterIdentification.JointAngleOutputs.OutputFile2a.HipFlexion Main.Studies.KinematicStudyForParameterIdentification.JointAngleOutputs.OutputFile2a.HipAbduction Main.Studies.KinematicStudyForParameterIdentification.JointAngleOutputs.OutputFile2a.HipExternalRotation Main.Studies.KinematicStudyForParameterIdentification.JointAngleOutputs.OutputFile2a.KneeFlexion Main.Studies.KinematicStudyForParameterIdentification.JointAngleOutputs.OutputFile2a.AnklePlantarFlexion Main.Studies.KinematicStudyForParameterIdentification.JointAngleOutputs.OutputFile2a.SubTalarEversion Main.Studies.KinematicStudyForParameterIdentification.JointAngleOutputs.OutputFile2a.SubTalarRotation
5.020000000000000e+000 4.113254649278498e-001 2.421954036726963e-001 1.048350913418098e-002 9.033647662296376e-002 -6.630904742980968e-003 2.637762915601697e-001 6.091511599681576e-003
5.028118279569892e+000 4.090925868406007e-001 2.470416342411448e-001 1.266799550268375e-002 6.572848852267534e-002 -7.790265706229783e-003 2.536400660975196e-001 -4.116390638246426e-003
5.036236559139784e+000 4.083260004445451e-001 2.511741519835784e-001 1.405280306461024e-002 4.657784086986411e-002 -7.569959270559600e-003 2.418667745581642e-001 -1.512902448501530e-002
5.044354838709676e+000 4.090687871265669e-001 2.544895877273650e-001 1.380779845984732e-002 3.327461686911746e-002 -6.352117751479276e-003 2.295951874448729e-001 -2.630258618244530e-002
5.052473118279568e+000 4.113250999697255e-001 2.569155900435673e-001 1.125838487553838e-002 2.592845598452538e-002 -4.593592582264436e-003 2.181495317676484e-001 -3.703334271095304e-002
5.060591397849461e+000 4.148933387075929e-001 2.584252695942142e-001 6.078578989519716e-003 2.425895308425214e-002 -2.777479897513870e-003 2.086495091219656e-001 -4.674767388230228e-002
5.068709677419353e+000 4.193610179683334e-001 2.590530554251729e-001 -1.662815041999563e-003 2.761200681935987e-002 -1.275731686324102e-003 2.016799142739764e-001 -5.490697711433601e-002
5.076827956989245e+000 4.241231241919394e-001 2.589114366373440e-001 -1.152450060892406e-002 3.499449263934350e-002 -1.921573142046635e-004 1.972240977160117e-001 -6.111372812283644e-002
5.084946236559137e+000 4.284568424489940e-001 2.582042956861570e-001 -2.278911000994619e-002 4.517830602190340e-002 7.204305824673872e-004 1.947806270679575e-001 -6.522846993140585e-002
5.093064516129029e+000 4.316581604819809e-001 2.572127573024772e-001 -3.464416782755950e-002 5.687762477816937e-002 1.953285460284129e-003 1.935340069487089e-001 -6.740192284171465e-002
5.101182795698922e+000 4.331837086169814e-001 2.562416526791154e-001 -4.637019556457900e-002 6.892556613760403e-002 3.925808913283975e-003 1.925358396538446e-001 -6.803873408444705e-002
5.109301075268814e+000 4.327321938104776e-001 2.555460558127236e-001 -5.743991381798883e-002 8.037635300753854e-002 6.602116902506585e-003 1.908771085329601e-001 -6.772030524491823e-002
5.117419354838706e+000 4.302501407189881e-001 2.552712418464456e-001 -6.753033378210446e-002 9.052742269762101e-002 9.246741486853949e-003 1.878154214953426e-001 -6.708264606478132e-002
5.125537634408598e+000 4.258979088148570e-001 2.554379460351979e-001 -7.651491895563249e-002 9.891095634714335e-002 1.045570680697251e-002 1.828533308611153e-001 -6.668644070258800e-002
5.133655913978490e+000 4.200153347797423e-001 2.559723942291139e-001 -8.447417326419546e-002 1.052889001193859e-001 8.511039084185332e-003 1.758272648411770e-001 -6.692512896669012e-002
5.141774193548383e+000 4.130880438437269e-001 2.567364126925664e-001 -9.168926618041697e-002 1.096521085091917e-001 2.008365207326845e-003 1.670509428181058e-001 -6.793428674668589e-002
5.149892473118275e+000 4.056956570178209e-001 2.575313813534566e-001 -9.854236685953909e-002 1.122319352616286e-001 -9.499251271518025e-003 1.574182683910371e-001 -6.944545848580908e-002
5.158010752688167e+000 3.984526021712086e-001 2.581002100265017e-001 -1.053326322338334e-001 1.135369386515922e-001 -2.523340219856365e-002 1.482638017371556e-001 -7.065709536160836e-002
5.166129032258059e+000 3.919781378074543e-001 2.581451384242992e-001 -1.121431094764765e-001 1.143970172119606e-001 -4.344753114493028e-002 1.408923060130791e-001 -7.031089783297384e-002
5.174247311827951e+000 3.868967232518154e-001 2.573555942973052e-001 -1.188424514630182e-001 1.159563187437513e-001 -6.192227615201677e-002 1.359651557928806e-001 -6.708145146345990e-002
5.182365591397844e+000 3.838132655947296e-001 2.554534227659218e-001 -1.251330189323629e-001 1.195414474170882e-001 -7.835194665129441e-002 1.331653497147343e-001 -6.018481089043704e-002
5.190483870967736e+000 3.832053917192736e-001 2.522620218291407e-001 -1.305525186546392e-001 1.263755507596219e-001 -9.065767869632198e-002 1.314781172676929e-001 -4.991559755986130e-002
5.198602150537628e+000 3.852393078691568e-001 2.477860336147553e-001 -1.344989342378473e-001 1.372075714747743e-001 -9.742013507751357e-002 1.298968343098672e-001 -3.771482366733880e-002
5.206720430107520e+000 3.896058732471939e-001 2.422801324117547e-001 -1.363813512069072e-001 1.520197204645291e-001 -9.827503636457373e-002 1.279428886752939e-001 -2.558663058596933e-002
5.214838709677412e+000 3.954992808835655e-001 2.362512868763260e-001 -1.358459542371192e-001 1.699653843703254e-001 -9.392196657185981e-002 1.256748409676468e-001 -1.520167921834337e-002
5.222956989247304e+000 4.017750496346220e-001 2.303296939646335e-001 -1.329133865838879e-001 1.895634666853026e-001 -8.572998128187680e-002 1.234277395438000e-001 -7.301885004713959e-003
5.231075268817197e+000 4.072201629777282e-001 2.250488434949514e-001 -1.279239952341100e-001 2.090520751664225e-001 -7.523610820208143e-002 1.216163999354938e-001 -1.713039140378347e-003
5.239193548387089e+000 4.108319544585397e-001 2.206690739993114e-001 -1.213568988322214e-001 2.267678014743802e-001 -6.377216606409646e-002 1.206535651734157e-001 2.247748122171211e-003
5.247311827956981e+000 4.120158280681244e-001 2.171248703234465e-001 -1.136838243695755e-001 2.414440524341415e-001 -5.228593939969797e-002 1.208861792835044e-001 5.363054221852126e-003
5.255430107526873e+000 4.106530573975921e-001 2.140841372822402e-001 -1.053261078537845e-001 2.523651689745897e-001 -4.133677945405905e-002 1.225207335726842e-001 8.294833101266663e-003
5.263548387096765e+000 4.070405959495164e-001 2.110821291561080e-001 -9.665112188682663e-002 2.593654586238389e-001 -3.120281424167009e-002 1.255722736778716e-001 1.151072305334644e-002
5.271666666666658e+000 4.017381440855889e-001 2.076782609469134e-001 -8.795441114113592e-002 2.627198444332313e-001 -2.201309153191898e-002 1.298657247886005e-001 1.526636838823992e-002
5.279784946236550e+000 3.953747647213107e-001 2.035800930896712e-001 -7.944421447455770e-002 2.629920029856626e-001 -1.383149368958061e-002 1.350845744445213e-001 1.961183781732467e-002
5.287903225806442e+000 3.884733098717496e-001 1.987160032647934e-001 -7.124057948839613e-002 2.608793292460387e-001 -6.671900390291134e-003 1.408287322031836e-001 2.442623446976255e-002
5.296021505376334e+000 3.813412355547082e-001 1.932489021634642e-001 -6.337777437733015e-002 2.570742950657284e-001 -4.777900277330203e-004 1.466597763822346e-001 2.947947250437855e-002
5.304139784946226e+000 3.740526869992590e-001 1.875075133819624e-001 -5.582134124654360e-002 2.521677317708114e-001 4.886455566931068e-003 1.521511568334986e-001 3.451117795562331e-002
5.312258064516119e+000 3.665146556214194e-001 1.818527393920497e-001 -4.851340637601456e-002 2.466135980467290e-001 9.610229826741441e-003 1.569520778462775e-001 3.930677259855453e-002
5.320376344086011e+000 3.585765087681794e-001 1.765513723985572e-001 -4.142009747353999e-002 2.407390163632031e-001 1.388643123136585e-002 1.608443278657916e-001 4.374385345978227e-002
5.328494623655903e+000 3.501225553647777e-001 1.717115805733001e-001 -3.454686612523004e-002 2.347613172944227e-001 1.786569107796185e-002 1.637687257932749e-001 4.780110986432429e-002
5.336612903225795e+000 3.411101263742717e-001 1.672825475493436e-001 -2.792220095502192e-002 2.287999718965150e-001 2.164397887097307e-002 1.658145621965463e-001 5.154387367587088e-002
5.344731182795687e+000 3.315725580277311e-001 1.630956158260704e-001 -2.157187485749819e-002 2.229031935187081e-001 2.528475700038328e-002 1.671841935468255e-001 5.509671215185530e-002
5.352849462365580e+000 3.216235525870794e-001 1.589282198246997e-001 -1.549462847436996e-002 2.170918920550105e-001 2.884356381231250e-002 1.681513449183873e-001 5.860781564629436e-002
5.360967741935472e+000 3.114606130395853e-001 1.545835766524228e-001 -9.639274634845495e-003 2.113886044165540e-001 3.237096353091304e-002 1.690207588099580e-001 6.221416021094739e-002
5.369086021505364e+000 3.013496631021442e-001 1.499696034508444e-001 -3.897067121992980e-003 2.058168361555145e-001 3.589790845197383e-002 1.700830012560836e-001 6.600588338471813e-002
5.377204301075256e+000 2.915899713642789e-001 1.451375366650940e-001 1.878049562328764e-003 2.004018932471596e-001 3.942259845333555e-002 1.715578749812515e-001 6.998183341439890e-002
5.385322580645148e+000 2.824539017529742e-001 1.402562223429797e-001 7.838258563438663e-003 1.951873579701927e-001 4.291117785479229e-002 1.735430072416452e-001 7.401841016099486e-002
5.393440860215041e+000 2.741014354044606e-001 1.355484430378819e-001 1.411529153080474e-002 1.902348968525045e-001 4.631528786621086e-002 1.759991905474524e-001 7.789923818566980e-002
5.401559139784933e+000 2.665156605742728e-001 1.312303592583186e-001 2.079391441206355e-002 1.855964837380611e-001 4.959598866503872e-002 1.787786896838447e-001 8.140495729310082e-002
5.409677419354825e+000 2.595190000196834e-001 1.274654530488042e-001 2.789297053302359e-002 1.812917340628498e-001 5.273700855916128e-002 1.816742055677806e-001 8.439657283219559e-002
5.417795698924717e+000 2.528680618016869e-001 1.243314055861939e-001 3.536772689549950e-002 1.773062032417298e-001 5.574239391673039e-002 1.844743961718688e-001 8.684308100469762e-002
5.425913978494609e+000 2.463599272179859e-001 1.218098460400146e-001 4.312795370402525e-002 1.735986627444051e-001 5.862469487467305e-002 1.870228642338601e-001 8.880177776635811e-002
5.434032258064502e+000 2.398822819855823e-001 1.198101539208374e-001 5.106341212812077e-002 1.701124085571101e-001 6.139245442742353e-002 1.892582490937288e-001 9.037759529709133e-002
5.442150537634394e+000 2.333910954908512e-001 1.182144868994171e-001 5.907145231330874e-002 1.667872959662229e-001 6.404758619207697e-002 1.912061691719075e-001 9.168759649784608e-002
5.450268817204286e+000 2.268623666422241e-001 1.169053893201604e-001 6.707130387806154e-002 1.635664969075777e-001 6.659378837659000e-002 1.929350683423273e-001 9.285014671943070e-002
5.458387096774178e+000 2.202763372507135e-001 1.157672965579899e-001 7.500730748969113e-002 1.604028544252683e-001 6.904582805867655e-002 1.945162043019833e-001 9.398421572687155e-002
5.466505376344070e+000 2.136221007084325e-001 1.146994323960151e-001 8.286423884419794e-002 1.572642680940603e-001 7.143268110574959e-002 1.960004126906824e-001 9.519310342362641e-002
5.474623655913963e+000 2.068762062300181e-001 1.136416980273107e-001 9.067464526617118e-002 1.541295855367232e-001 7.379611412293975e-002 1.974081619542054e-001 9.654635105225307e-002
5.482741935483855e+000 1.999804743939352e-001 1.125653391456358e-001 9.846600563642893e-002 1.509785358207590e-001 7.618535330501891e-002 1.987445465437774e-001 9.809264921087024e-002
5.490860215053747e+000 1.928668768317727e-001 1.114281444115406e-001 1.061773790592305e-001 1.477815887404251e-001 7.864783986990277e-002 2.000307570462045e-001 9.990074216810352e-002
5.498978494623639e+000 1.854983984381030e-001 1.101522298609923e-001 1.136456622914889e-001 1.444910521190599e-001 8.122220997793819e-002 2.013159764716614e-001 1.020883231408052e-001
5.507096774193531e+000 1.778752022909231e-001 1.086422517625358e-001 1.206746399224274e-001 1.410423364515868e-001 8.393674465732275e-002 2.026621796792540e-001 1.048107274734116e-001
5.515215053763424e+000 1.700221619697543e-001 1.068011031368252e-001 1.271063731065194e-001 1.373718887177077e-001 8.680715426294708e-002 2.041283207586923e-001 1.082158806066798e-001
5.523333333333316e+000 1.620007940533132e-001 1.045251230022350e-001 1.328592918838831e-001 1.334455707614257e-001 8.982919866601737e-002 2.057657542681201e-001 1.123768563588168e-001
5.531451612903208e+000 1.539513856096553e-001 1.017254812776343e-001 1.379702310715867e-001 1.292936232746591e-001 9.297294234032857e-002 2.076057954223546e-001 1.171990235733240e-001
5.539569892473100e+000 1.461133952277481e-001 9.839396530640654e-002 1.426514740638472e-001 1.250375844482492e-001 9.619089476039150e-002 2.096315556007182e-001 1.223466663270125e-001
5.547688172042992e+000 1.387429434630962e-001 9.463630657645550e-002 1.472782387816475e-001 1.208621454536795e-001 9.944221556551568e-002 2.117692073519489e-001 1.273149876646658e-001
5.555806451612884e+000 1.319562120585837e-001 9.061754952260248e-002 1.522362398636503e-001 1.169267298143945e-001 1.027148845264380e-001 2.139211393042573e-001 1.316674438705450e-001
5.563924731182777e+000 1.256724645641521e-001 8.648271220239945e-002 1.577215583089560e-001 1.133064508701853e-001 1.060219826259130e-001 2.160005141657648e-001 1.352347642841028e-001
5.572043010752669e+000 1.197399272131433e-001 8.233106031121995e-002 1.636523135514531e-001 1.100275298894559e-001 1.093760989024867e-001 2.179304803329599e-001 1.381084853113448e-001
5.580161290322561e+000 1.141168625557271e-001 7.823446372534848e-002 1.697376087014394e-001 1.071442259517859e-001 1.127724558293389e-001 2.196336927271022e-001 1.405012240942334e-001
5.588279569892453e+000 1.089331947505342e-001 7.425089993169753e-002 1.756338279054842e-001 1.047636328674698e-001 1.161995200229825e-001 2.210434887911927e-001 1.426242866108156e-001
5.596397849462345e+000 1.043869653066378e-001 7.041352491483122e-002 1.810881449639822e-001 1.029893539135343e-001 1.196616067975059e-001 2.221280569880400e-001 1.446369935313816e-001
5.604516129032238e+000 1.005884893347395e-001 6.670733199928658e-002 1.860023792676031e-001 1.018445608004147e-001 1.231870995421222e-001 2.229061547679027e-001 1.466470438389411e-001
5.612634408602130e+000 9.748390885679260e-002 6.305818849868317e-002 1.904173404987559e-001 1.012490716965033e-001 1.268098614658001e-001 2.234423805015645e-001 1.487306423472687e-001
5.620752688172022e+000 9.487121141907957e-002 5.935347001523050e-002 1.944551947700048e-001 1.010485761558762e-001 1.305375095104142e-001 2.238221484500560e-001 1.509509002563840e-001
5.628870967741914e+000 9.246095932862750e-002 5.548630344458427e-002 1.982456281568124e-001 1.010499961551957e-001 1.343420180000407e-001 2.241230072197703e-001 1.533664634186804e-001
5.636989247311806e+000 8.996727304613106e-002 5.138981252624109e-002 2.018508602950397e-001 1.010566554224732e-001 1.381837608508116e-001 2.244072995678177e-001 1.560284191123398e-001
5.645107526881699e+000 8.720798119400773e-002 4.703732523207060e-002 2.052188804743859e-001 1.009166061547906e-001 1.420373266007118e-001 2.247384621899808e-001 1.589651300337858e-001
5.653225806451591e+000 8.415102461870483e-002 4.241839105542433e-002 2.081990439083218e-001 1.005608249795304e-001 1.458964193162946e-001 2.251878010993358e-001 1.621697072280612e-001
5.661344086021483e+000 8.086643983644337e-002 3.752134608561275e-002 2.106265338420358e-001 9.999725970778470e-002 1.497686281593240e-001 2.258105782128438e-001 1.656091799380650e-001
5.669462365591375e+000 7.742564634447524e-002 3.234509139419650e-002 2.124338442852196e-001 9.927233674828410e-002 1.536734993438592e-001 2.266155016828356e-001 1.692439880021932e-001
5.677580645161267e+000 7.385318185063945e-002 2.692564423574795e-002 2.136950821956635e-001 9.845068831672561e-002 1.576418083350277e-001 2.275580671387521e-001 1.730342830812637e-001
5.685698924731160e+000 7.017471601669263e-002 2.133143582824526e-002 2.145430715487154e-001 9.762604921138043e-002 1.617067840576975e-001 2.285681507964125e-001 1.769394467217256e-001
5.693817204301052e+000 6.645652456608292e-002 1.561455161517245e-002 2.150499745289494e-001 9.690963073831151e-002 1.658855939679572e-001 2.296042645628083e-001 1.809249834455677e-001
5.701935483870944e+000 6.275891391146962e-002 9.770818836423834e-003 2.151990161334743e-001 9.637966450608737e-002 1.701650459044643e-001 2.306951752632452e-001 1.849731762628963e-001
5.710053763440836e+000 5.909572530973432e-002 3.755904371255614e-003 2.149294666890701e-001 9.605585141690588e-002 1.745037496136642e-001 2.319275782406845e-001 1.890928987211815e-001
5.718172043010728e+000 5.546484646704510e-002 -2.459093717063654e-003 2.141835461922300e-001 9.592512911039698e-002 1.788476345928431e-001 2.333911519009442e-001 1.933199815849360e-001
5.726290322580621e+000 5.187676094692161e-002 -8.828879215510677e-003 2.129502216982022e-001 9.597419606736124e-002 1.831508583740828e-001 2.351229834567735e-001 1.976969791078735e-001
5.734408602150513e+000 4.833279189966181e-002 -1.519854255296704e-002 2.113018455422547e-001 9.620016684953307e-002 1.873968924750438e-001 2.370771582180922e-001 2.022463652678317e-001
5.742526881720405e+000 4.479608014697097e-002 -2.132416735535347e-002 2.093931067270254e-001 9.660978473890759e-002 1.916067241178792e-001 2.391282701524670e-001 2.069606879634107e-001
5.750645161290297e+000 4.120008254575373e-002 -2.694650256555087e-002 2.074167216966839e-001 9.722580144529251e-002 1.958288216798103e-001 2.410990346859010e-001 2.118063265885120e-001
5.758763440860189e+000 3.748448640217818e-002 -3.186012942725647e-002 2.055545671859918e-001 9.810249886977701e-002 2.001229870292699e-001 2.427914281675246e-001 2.167249383581626e-001
5.766881720430082e+000 3.361954839592523e-002 -3.593444996324813e-002 2.039728107272942e-001 9.932838016965917e-002 2.045484821246969e-001 2.440171689298639e-001 2.216374465830897e-001
5.774999999999974e+000 2.959782681363798e-002 -3.909405205018546e-002 2.028435321585204e-001 1.009995884245301e-001 2.091520742509568e-001 2.446314014124376e-001 2.264644479076248e-001
5.783118279569866e+000 2.541478349591267e-002 -4.129483929197142e-002 2.023175629138962e-001 1.031879414108384e-001 2.139532830604981e-001 2.445683807841656e-001 2.311618999853513e-001
5.791236559139758e+000 2.108403914830234e-002 -4.252024122652975e-002 2.024453332985566e-001 1.059466285384099e-001 2.189356749759631e-001 2.438688659378894e-001 2.357547719405619e-001
5.799354838709650e+000 1.668428298335931e-002 -4.278697571941659e-002 2.031407811932809e-001 1.093479093064727e-001 2.240513970990340e-001 2.426718252812368e-001 2.403417565672523e-001
5.807473118279543e+000 1.237325018560493e-002 -4.214506772070248e-002 2.042301023322285e-001 1.134970494175390e-001 2.292352017370083e-001 2.411593252989103e-001 2.450620954200722e-001
5.815591397849435e+000 8.342611446002042e-003 -4.067963407675990e-002 2.055105770380684e-001 1.185052557161269e-001 2.344151804024977e-001 2.394863206510126e-001 2.500483002882703e-001
5.823709677419327e+000 4.768021043738180e-003 -3.852610134377166e-002 2.067481584111302e-001 1.244649479232909e-001 2.395077101653416e-001 2.377409875376192e-001 2.553874909412317e-001
5.831827956989219e+000 1.806459757212899e-003 -3.588776002279515e-002 2.076314171080831e-001 1.314556699707030e-001 2.444006394972751e-001 2.359583699580466e-001 2.611025692912203e-001
5.839946236559111e+000 -3.750513396603397e-004 -3.301614033947153e-002 2.077711047367219e-001 1.395673606268626e-001 2.489530981035900e-001 2.341567998716991e-001 2.671574718796790e-001
5.848064516129004e+000 -1.603555682205778e-003 -3.012655616713822e-002 2.068489468088644e-001 1.489143502986826e-001 2.530347596863986e-001 2.323325503460753e-001 2.734633931201194e-001
5.856182795698896e+000 -1.793316242025711e-003 -2.727332331046917e-002 2.049379533709579e-001 1.596132047175468e-001 2.565911604470251e-001 2.303859148982696e-001 2.798659626874869e-001
5.864301075268788e+000 -1.067175189903160e-003 -2.427133450009156e-002 2.027628615217466e-001 1.717407388269296e-001 2.596816640642308e-001 2.280512156362246e-001 2.861511183366128e-001
5.872419354838680e+000 2.875559763848204e-004 -2.077544773078421e-002 2.014905745565818e-001 1.853481000859502e-001 2.624295664844834e-001 2.249693814083964e-001 2.921166642319100e-001
5.880537634408572e+000 2.059248349933744e-003 -1.648568913093795e-002 2.020893195023933e-001 2.005438688733139e-001 2.649039446274991e-001 2.209005579322371e-001 2.976581358459887e-001
5.888655913978464e+000 4.288731298298510e-003 -1.127209262101636e-002 2.048774906456396e-001 2.175446881765840e-001 2.670410784877164e-001 2.158729942630112e-001 3.027699684047935e-001
5.896774193548357e+000 7.212864519089144e-003 -5.121283612974592e-003 2.095951057423220e-001 2.366338500603950e-001 2.686651861566713e-001 2.101449746117272e-001 3.074690387540255e-001
5.904892473118249e+000 1.110660104841128e-002 1.971424513781184e-003 2.156836000655883e-001 2.580905198635078e-001 2.695525418323604e-001 2.040641692478842e-001 3.117170247030137e-001
5.913010752688141e+000 1.620427463605950e-002 1.003548331369375e-002 2.224363838348363e-001 2.821695883799508e-001 2.694598101377465e-001 1.979173066059043e-001 3.153705475827215e-001
5.921129032258033e+000 2.271568743877120e-002 1.908243801841292e-002 2.290531939410277e-001 3.091281145047139e-001 2.681017638855459e-001 1.918007790261374e-001 3.181872969733623e-001
5.929247311827925e+000 3.084219557274485e-002 2.905201976337679e-002 2.347817050682534e-001 3.391976880161123e-001 2.651248960364738e-001 1.856325442953053e-001 3.199353340809927e-001
5.937365591397818e+000 4.073125559391610e-002 3.979760271828758e-002 2.391651084152693e-001 3.724285606367592e-001 2.601245324336284e-001 1.794284015124081e-001 3.205453623333465e-001
5.945483870967710e+000 5.241675313126279e-002 5.111388901647418e-002 2.421608739983929e-001 4.085397571910238e-001 2.526996016934537e-001 1.736336667761902e-001 3.201411566343300e-001
5.953602150537602e+000 6.582522783867029e-002 6.277667827568934e-002 2.439537111219386e-001 4.469800968289048e-001 2.425065085566453e-001 1.691425624520241e-001 3.188766409168362e-001
5.961720430107494e+000 8.081447912668063e-002 7.457028301806767e-002 2.446889887463961e-001 4.871253178224822e-001 2.293008207924200e-001 1.670560428459064e-001 3.166947922618593e-001
5.969838709677386e+000 9.714128264454398e-002 8.630235659621532e-002 2.444396966914153e-001 5.283614890300034e-001 2.129899445531109e-001 1.685011294002364e-001 3.131864057727223e-001
5.977956989247279e+000 1.143821971669862e-001 9.780937118081368e-002 2.433312332548017e-001 5.700264886885006e-001 1.937157811517983e-001 1.745161225892771e-001 3.076581997989225e-001
5.986075268817171e+000 1.319528530599503e-001 1.089456516504936e-001 2.415776089843056e-001 6.113848397732937e-001 1.719527270067644e-001 1.858203710740696e-001 2.993941542154903e-001
5.994193548387063e+000 1.492804615973461e-001 1.195623272183521e-001 2.393874634703714e-001 6.517298890600479e-001 1.485734598551254e-001 2.024905300554482e-001 2.879590862938912e-001
6.002311827956955e+000 1.660064183668618e-001 1.294930502775629e-001 2.368417884910741e-001 6.905373775540060e-001 1.248434168263493e-001 2.236474094624276e-001 2.733797987358770e-001
6.010430107526847e+000 1.820595291970843e-001 1.385482885744140e-001 2.338368206313263e-001 7.275356429101512e-001 1.023461125892291e-001 2.472314554133685e-001 2.561577958376891e-001
6.018548387096740e+000 1.975705881259228e-001 1.465198150712070e-001 2.301342094746443e-001 7.626413736213022e-001 8.283234197641927e-002 2.700584271505162e-001 2.371392094638831e-001
6.026666666666632e+000 2.127283541838425e-001 1.532013551014340e-001 2.254862090512887e-001 7.958168456577179e-001 6.791894816244769e-002 2.884241638201632e-001 2.172583782112203e-001
6.034784946236524e+000 2.276776749003416e-001 1.584146794752817e-001 2.197591503314854e-001 8.269244319620845e-001 5.859752674231256e-002 2.992957331899734e-001 1.972075478951267e-001
6.042903225806416e+000 2.424812794637578e-001 1.620329093985578e-001 2.129848408752582e-001 8.556424082306625e-001 5.477796412921923e-002 3.015423375062241e-001 1.772173929258316e-001
6.051021505376308e+000 2.571210799625476e-001 1.640073851147843e-001 2.053171929594049e-001 8.815035142155174e-001 5.529089729427016e-002 2.962981047194709e-001 1.571990187277206e-001
6.059139784946201e+000 2.715111223480534e-001 1.643922362488142e-001 1.969621504060808e-001 9.040412591033592e-001 5.846945436504836e-002 2.861775189353106e-001 1.372430204765942e-001
6.067258064516093e+000 2.854991920906841e-001 1.633520709957934e-001 1.881570836889510e-001 9.229290544147082e-001 6.289945173200805e-002 2.740712554208461e-001 1.180730422936325e-001
6.075376344085985e+000 2.988655184260171e-001 1.611427703360324e-001 1.791675759876921e-001 9.380292963059498e-001 6.784078698410669e-002 2.623391025551142e-001 1.010361771240269e-001
6.083494623655877e+000 3.113581979945732e-001 1.580602786794210e-001 1.702463311882640e-001 9.493734612046243e-001 7.317922285968376e-002 2.525825837599016e-001 8.760413112355137e-002
6.091612903225769e+000 3.227852655264803e-001 1.543757881870733e-001 1.615734426155797e-001 9.571200030318990e-001 7.909849293839877e-002 2.457313779877428e-001 7.873829151019707e-002
6.099731182795662e+000 3.331343900445843e-001 1.502944465826448e-001 1.532129167643949e-001 9.615074732116113e-001 8.574957350946268e-002 2.421432174502497e-001 7.452935455650134e-002
6.107849462365554e+000 3.426483286252994e-001 1.459491735457870e-001 1.450989191735582e-001 9.628104298506622e-001 9.308775489942681e-002 2.416616984921452e-001 7.422423284255064e-002
6.115967741935446e+000 3.517804286358603e-001 1.414121280305876e-001 1.370729573861536e-001 9.613017545770760e-001 1.008838004210114e-001 2.437216983807556e-001 7.649758026491260e-002
6.124086021505338e+000 3.610205986997614e-001 1.367248568261652e-001 1.289868024367733e-001 9.572172520005039e-001 1.088115397333873e-001 2.474696716929531e-001 7.984421185131252e-002
6.132204301075230e+000 3.706802916819026e-001 1.319455268516203e-001 1.208134364973788e-001 9.507286064703420e-001 1.165253255613805e-001 2.518477844876979e-001 8.298163438548167e-002
6.140322580645123e+000 3.807706724835015e-001 1.271622897071372e-001 1.126550132587285e-001 9.419439567483694e-001 1.237083792956155e-001 2.557490449133267e-001 8.509982426625040e-002
6.148440860215015e+000 3.910455380567782e-001 1.224472539671653e-001 1.046378907025627e-001 9.309427991412390e-001 1.300937308450643e-001 2.582881691654592e-001 8.588906233041183e-002
6.156559139784907e+000 4.011508029789213e-001 1.178054516872935e-001 9.681890834235700e-002 9.178176419074147e-001 1.354618487554058e-001 2.590219930124518e-001 8.542944730777258e-002
6.164677419354799e+000 4.107614188032297e-001 1.131754619151559e-001 8.918782786551503e-002 9.026870131074536e-001 1.396358314063615e-001 2.579943209367665e-001 8.403167629243602e-002
6.172795698924691e+000 4.196571972693436e-001 1.084832950975874e-001 8.172000799541432e-002 8.856867707996623e-001 1.424868400910640e-001 2.556230846268450e-001 8.206473744699050e-002
6.180913978494584e+000 4.277646375499181e-001 1.037046202990657e-001 7.440046625271031e-002 8.669672074462378e-001 1.439492776406977e-001 2.524767275870632e-001 7.981488156994865e-002
6.189032258064476e+000 4.351665672895735e-001 9.888642375337442e-002 6.721216095023427e-002 8.466907476850674e-001 1.440335099705981e-001 2.490390361638467e-001 7.741975286584024e-002
6.197150537634368e+000 4.420507303289631e-001 9.412936088168222e-002 6.012812032388185e-002 8.250143100692555e-001 1.428137675929838e-001 2.455973767842155e-001 7.487663888217999e-002
6.205268817204260e+000 4.486103055391185e-001 8.956169062342489e-002 5.312162606604518e-002 8.020646738839659e-001 1.404002732838833e-001 2.422795444104314e-001 7.210015060880792e-002
6.213387096774152e+000 4.549462752329398e-001 8.531425819377336e-002 4.618429945045377e-002 7.779195891232879e-001 1.369313020730429e-001 2.391363068799567e-001 6.900931615027051e-002
6.221505376344044e+000 4.610092860318644e-001 8.149727902780746e-002 3.934118163474131e-002 7.525958728708557e-001 1.325815368892589e-001 2.361820418589153e-001 6.560529274528770e-002
6.229623655913937e+000 4.665989086802651e-001 7.819171153778970e-002 3.265855217581069e-002 7.260472938767201e-001 1.275423108307133e-001 2.334057110971713e-001 6.198479191029316e-002
6.237741935483829e+000 4.714211402506170e-001 7.545682114152474e-002 2.624590263622537e-002 6.981797225664351e-001 1.219676667685927e-001 2.307904539621989e-001 5.828901180298884e-002
6.245860215053721e+000 4.751755420055631e-001 7.333325555157177e-002 2.023923134453425e-002 6.688807982501217e-001 1.159433254554733e-001 2.283368727944986e-001 5.465564963087610e-002
6.253978494623613e+000 4.776276942076142e-001 7.183489015500144e-002 1.475491687742217e-002 6.380467455403406e-001 1.095116713060158e-001 2.260736968535737e-001 5.122124292152508e-002
6.262096774193505e+000 4.786455682710844e-001 7.094964780816637e-002 9.836335173115570e-003 6.055937451754051e-001 1.027059161454625e-001 2.240599415231356e-001 4.814596184850539e-002
6.270215053763398e+000 4.782055814563982e-001 7.066440928620521e-002 5.435782083417173e-003 5.714627471686076e-001 9.554930402023461e-002 2.223889143051579e-001 4.560553147738400e-002
6.278333333333290e+000 4.763773961135066e-001 7.100581738507539e-002 1.463875941842561e-003 5.356364723467622e-001 8.804429978499651e-002 2.211928353261964e-001 4.373813761643342e-002
6.286451612903182e+000 4.732956495231738e-001 7.206286819749308e-002 -2.121007429272130e-003 4.981711214657633e-001 8.018392919848437e-002 2.206422900423264e-001 4.257694439232718e-002
6.294569892473074e+000 4.691271507849979e-001 7.395319805176337e-002 -5.266367547730684e-003 4.592165455739778e-001 7.196292327612631e-002 2.209415969761627e-001 4.199908904016581e-002
6.302688172042966e+000 4.640402643777216e-001 7.674652993032538e-002 -7.854797436334845e-003 4.189947208233267e-001 6.335748034783686e-002 2.223148470124918e-001 4.171722230650254e-002
6.310806451612859e+000 4.581916977781054e-001 8.041171871296560e-002 -9.756132960024193e-003 3.777520813093643e-001 5.429477235281737e-002 2.249657296148271e-001 4.132924913087965e-002
6.318924731182751e+000 4.517430381251410e-001 8.482843326953748e-002 -1.085231008086485e-002 3.357419768966123e-001 4.467139645802540e-002 2.289696826535695e-001 4.042173979633157e-002
6.327043010752643e+000 4.448865178701003e-001 8.983315903714262e-002 -1.103289316790359e-002 2.932600065707416e-001 3.444064283933007e-002 2.340546665831864e-001 3.872226544329527e-002
6.335161290322535e+000 4.378485462204808e-001 9.525097279630979e-002 -1.017919691137063e-002 2.507001509469424e-001 2.370999100567672e-002 2.394085457768452e-001 3.623943039457056e-002
6.343279569892427e+000 4.308778365615077e-001 1.009098970851245e-001 -8.149759704774407e-003 2.086040239910231e-001 1.277855867522685e-002 2.438347930418181e-001 3.323789563432222e-002
6.351397849462320e+000 4.242508558030387e-001 1.066533738483249e-001 -4.773138018707427e-003 1.677065516081540e-001 2.126363947424547e-003 2.462704536643022e-001 3.001677160429006e-002
6.359516129032212e+000 4.183023055921567e-001 1.123346801983478e-001 1.493598327714368e-004 1.289793302540046e-001 -7.589214505717258e-003 2.462012614135604e-001 2.671186840462170e-002
6.367634408602104e+000 4.134520411133236e-001 1.177770541034906e-001 6.827617711556458e-003 9.364559369533847e-002 -1.555991075745975e-002 2.436675721187800e-001 2.332205972572021e-002
6.375752688171996e+000 4.101942713143382e-001 1.227363967772377e-001 1.542683448847708e-002 6.312829874994513e-002 -2.096605320401120e-002 2.390672463643098e-001 1.988902892599942e-002
6.383870967741888e+000 4.090294568511143e-001 1.269208274922051e-001 2.591929844587899e-002 3.889449520484829e-002 -2.324561679833512e-002 2.330422041295401e-001 1.663543187021199e-002
6.391989247311781e+000 4.103318505501264e-001 1.300715657419866e-001 3.787992667212861e-002 2.217816265359578e-002 -2.240557630521823e-002 2.264831603781064e-001 1.397165539526823e-002
6.400107526881673e+000 4.141825252672327e-001 1.320617691882229e-001 5.042848881966417e-002 1.364902990806657e-002 -1.921062977603892e-002 2.205328239567726e-001 1.236017562815039e-002
6.408225806451565e+000 4.202559712040192e-001 1.329564300553907e-001 6.244455347546336e-002 1.317585220541329e-002 -1.506740304653672e-002 2.164473512740215e-001 1.208293439975350e-002
6.416344086021457e+000 4.278428383681369e-001 1.329940038172732e-001 7.289814903251571e-002 1.979412970534251e-002 -1.155246731338565e-002 2.152562123341894e-001 1.308641741922667e-002
6.424462365591349e+000 4.360030460024159e-001 1.325006110485936e-001 8.108981790881036e-002 3.190227810869948e-002 -9.785840442667415e-003 2.173451733460739e-001 1.507842289534267e-002
6.432580645161242e+000 4.437732410533721e-001 1.317919130782386e-001 8.675069857080868e-002 4.762544932487520e-002 -1.001068449685707e-002 2.222297398492412e-001 1.783074579857669e-002
6.440698924731134e+000 4.503534298326641e-001 1.311151440240053e-001 9.002472566647006e-002 6.518451514829426e-002 -1.160806947058637e-002 2.287047973328585e-001 2.138338545001672e-002
6.448817204301026e+000 4.552231597544948e-001 1.306379029202875e-001 9.135428755048161e-002 8.311721355191719e-002 -1.347326733188660e-002 2.353236145482531e-001 2.586043162727347e-002
6.456935483870918e+000 4.581619725044487e-001 1.304512581741699e-001 9.131308627344030e-002 1.003315552714456e-001 -1.451248085091648e-002 2.410035729110308e-001 3.102732939925534e-002
6.465053763440810e+000 4.591831977075389e-001 1.305744620414016e-001 9.045609594206333e-002 1.160565312500631e-001 -1.407437891321374e-002 2.454703184874339e-001 3.605156270114951e-002
6.473172043010703e+000 4.584196890660013e-001 1.309731154687974e-001 8.922376800596722e-002 1.297521053839355e-001 -1.221841866436333e-002 2.492828220947977e-001 3.970310111918218e-002
6.481290322580595e+000 4.560156802297961e-001 1.315710503626244e-001 8.788465217455295e-002 1.410268849208884e-001 -9.745875175427568e-003 2.534554713436598e-001 4.081398081785914e-002
6.489408602150487e+000 4.520877629512589e-001 1.322362539759348e-001 8.651526481081906e-002 1.496109604527743e-001 -7.975167031599114e-003 2.589499937897757e-001 3.870576932013692e-002
6.497526881720379e+000 4.467745780786028e-001 1.327741858791500e-001 8.503937584531782e-002 1.553926944116966e-001 -8.329080052464973e-003 2.662870366133288e-001 3.342442419693459e-002
6.505645161290271e+000 4.403128018455792e-001 1.329477328176978e-001 8.329332818920444e-002 1.584719031877371e-001 -1.187002648399902e-002 2.753749887554695e-001 2.575558791037169e-002
6.513763440860164e+000 4.330712054906075e-001 1.325032841891776e-001 8.105375612205507e-002 1.591918285965681e-001 -1.897620676807381e-002 2.856001481515693e-001 1.702663507081881e-002
6.521881720430056e+000 4.255274259487619e-001 1.312083080961553e-001 7.804285984352113e-002 1.581342538709616e-001 -2.931630150566086e-002 2.961745686318564e-001 8.740487207672842e-003
6.529999999999948e+000 4.181911817670582e-001 1.289109481527513e-001 7.397957703348233e-002 1.560411708678725e-001 -4.210487979018858e-002 3.065327821375437e-001 2.200981475119157e-003
