---- AnyBody Output File ---------------------------------
Study: Main.Studies.MotionOptimization
Operation: Main.Studies.MotionOptimization.Kinematics
----------------------------------------------------------
Constants (Name = Value): 
Main.Studies.KinematicStudyForParameterIdentification.JointAngleOutputs.OutputFile2d.FileName = "..\Input\Subjects\PS\Overground Gait Trials\PS_rightturn6\PS_rightturn6-output-euler-leftlateralepicondylepostd.txt"
Main.Studies.KinematicStudyForParameterIdentification.JointAngleOutputs.OutputFile2d.NumberFormat.Digits = 15
Main.Studies.KinematicStudyForParameterIdentification.JointAngleOutputs.OutputFile2d.NumberFormat.Width = 22
Main.Studies.KinematicStudyForParameterIdentification.JointAngleOutputs.OutputFile2d.NumberFormat.Style = ScientificNumber
Main.Studies.KinematicStudyForParameterIdentification.JointAngleOutputs.OutputFile2d.NumberFormat.FormatStr = "%22.15e"
Main.Studies.KinematicStudyForParameterIdentification.JointAngleOutputs.OutputFile2d.Search = 
Main.Studies.KinematicStudyForParameterIdentification.JointAngleOutputs.OutputFile2d.Format = 0
Main.Studies.KinematicStudyForParameterIdentification.JointAngleOutputs.OutputFile2d.SepSign = " "
Main.Studies.KinematicStudyForParameterIdentification.JointAngleOutputs.OutputFile2d.LineSepSign = ""
Main.Studies.KinematicStudyForParameterIdentification.JointAngleOutputs.OutputFile2d.Header.TitleSectionOnOff = On
Main.Studies.KinematicStudyForParameterIdentification.JointAngleOutputs.OutputFile2d.Header.ConstSectionOnOff = On
Main.Studies.KinematicStudyForParameterIdentification.JointAngleOutputs.OutputFile2d.Header.ConstSectionSaveOptionsOnOff = On
Main.Studies.KinematicStudyForParameterIdentification.JointAngleOutputs.OutputFile2d.Header.VarSectionOnOff = On
Main.Studies.KinematicStudyForParameterIdentification.JointAngleOutputs.OutputFile2d.Header.ColumnNamesOnOff = On
Main.Studies.KinematicStudyForParameterIdentification.JointAngleOutputs.OutputFile2d.Header.LinePrefix = ""
Main.Studies.KinematicStudyForParameterIdentification.JointAngleOutputs.OutputFile2d.ConstSectionSaveOptionsOnOff = On
----------------------------------------------------------
Variables (Column# Name): 
col0  Main.Studies.MotionOptimization.t
col1  Main.Studies.KinematicStudyForParameterIdentification.JointAngleOutputs.OutputFile2d.LeftEpicondylusPosX
col2  Main.Studies.KinematicStudyForParameterIdentification.JointAngleOutputs.OutputFile2d.LeftEpicondylusPosY
col3  Main.Studies.KinematicStudyForParameterIdentification.JointAngleOutputs.OutputFile2d.LeftEpicondylusPosZ
----------------------------------------------------------
Main.Studies.MotionOptimization.t Main.Studies.KinematicStudyForParameterIdentification.JointAngleOutputs.OutputFile2d.LeftEpicondylusPosX Main.Studies.KinematicStudyForParameterIdentification.JointAngleOutputs.OutputFile2d.LeftEpicondylusPosY Main.Studies.KinematicStudyForParameterIdentification.JointAngleOutputs.OutputFile2d.LeftEpicondylusPosZ
5.020000000000000e+000 -2.005929816181322e-001 4.811064275155287e-001 2.290313087269128e-001
5.028118279569892e+000 -1.994701525682728e-001 4.809653079085269e-001 2.306106095688456e-001
5.036236559139784e+000 -1.989793064953299e-001 4.806490166922576e-001 2.319287099076790e-001
5.044354838709676e+000 -1.991600865333694e-001 4.801569574731748e-001 2.329571642721037e-001
5.052473118279568e+000 -2.000318035231573e-001 4.794921269013772e-001 2.336699455644522e-001
5.060591397849461e+000 -2.015227922500203e-001 4.786869099752759e-001 2.340547314638544e-001
5.068709677419353e+000 -2.034682780702806e-001 4.778019424172076e-001 2.341238559102467e-001
5.076827956989245e+000 -2.056200642093807e-001 4.769230166499633e-001 2.339222576416059e-001
5.084946236559137e+000 -2.076781608491483e-001 4.761495400847486e-001 2.335321868779949e-001
5.093064516129029e+000 -2.093463345948420e-001 4.755740167267916e-001 2.330663550814507e-001
5.101182795698922e+000 -2.103899895329510e-001 4.752628562492078e-001 2.326441802038918e-001
5.109301075268814e+000 -2.106702839044621e-001 4.752483553608826e-001 2.323602874389117e-001
5.117419354838706e+000 -2.101483851458317e-001 4.755315206344385e-001 2.322616146865061e-001
5.125537634408598e+000 -2.088737464773835e-001 4.760869327888299e-001 2.323449554386199e-001
5.133655913978490e+000 -2.069719772581540e-001 4.768643546695477e-001 2.325710820310550e-001
5.141774193548383e+000 -2.046333464796317e-001 4.777925778157374e-001 2.328783356836491e-001
5.149892473118275e+000 -2.020924631134258e-001 4.787905238171408e-001 2.331896273426109e-001
5.158010752688167e+000 -1.996009244908306e-001 4.797790906713568e-001 2.334215684931284e-001
5.166129032258059e+000 -1.974103739087184e-001 4.806855296899548e-001 2.334938873792180e-001
5.174247311827951e+000 -1.957703621292317e-001 4.814428130123171e-001 2.333292097026161e-001
5.182365591397844e+000 -1.949173042734516e-001 4.819922957241839e-001 2.328489218152492e-001
5.190483870967736e+000 -1.950294177470056e-001 4.822940776380836e-001 2.319804982598460e-001
5.198602150537628e+000 -1.961527198233813e-001 4.823413041634075e-001 2.306851311900859e-001
5.206720430107520e+000 -1.981384987285269e-001 4.821683021686410e-001 2.290017481836382e-001
5.214838709677412e+000 -2.006409454485548e-001 4.818485308392464e-001 2.270761341709799e-001
5.222956989247304e+000 -2.031893629424625e-001 4.814886089735300e-001 2.251320081821657e-001
5.231075268817197e+000 -2.053034677196214e-001 4.812186630260826e-001 2.233872693150673e-001
5.239193548387089e+000 -2.066039170331197e-001 4.811707469959824e-001 2.219716033113503e-001
5.247311827956981e+000 -2.068834400144671e-001 4.814478685995829e-001 2.208913989472527e-001
5.255430107526873e+000 -2.061249586279388e-001 4.820988562718470e-001 2.200468941287575e-001
5.263548387096765e+000 -2.044699542041352e-001 4.831108264838461e-001 2.192847283076269e-001
5.271666666666658e+000 -2.021533116671538e-001 4.844209833609513e-001 2.184585619054059e-001
5.279784946236550e+000 -1.994279079839899e-001 4.859405611388400e-001 2.174735746936574e-001
5.287903225806442e+000 -1.964994105148898e-001 4.875785202449901e-001 2.163111630748905e-001
5.296021505376334e+000 -1.934864068636685e-001 4.892574638539269e-001 2.150336481243709e-001
5.304139784946226e+000 -1.904163877264195e-001 4.909226634888301e-001 2.137582872490836e-001
5.312258064516119e+000 -1.872558428381960e-001 4.925451157326405e-001 2.126053807148365e-001
5.320376344086011e+000 -1.839557749565790e-001 4.941177558098351e-001 2.116490554213243e-001
5.328494623655903e+000 -1.804869971469510e-001 4.956489876201112e-001 2.108914161867238e-001
5.336612903225795e+000 -1.768519334474884e-001 4.971596736919376e-001 2.102576143532157e-001
5.344731182795687e+000 -1.730818538981609e-001 4.986823541270642e-001 2.096032192797762e-001
5.352849462365580e+000 -1.692327173641154e-001 5.002565654839859e-001 2.087352685589028e-001
5.360967741935472e+000 -1.653777224579381e-001 5.019176014287763e-001 2.074553466755031e-001
5.369086021505364e+000 -1.615935794484400e-001 5.036803615268222e-001 2.056227756343962e-001
5.377204301075256e+000 -1.579484181285924e-001 5.055245082446351e-001 2.032147623661519e-001
5.385322580645148e+000 -1.544925807730309e-001 5.073925847090010e-001 2.003507718769292e-001
5.393440860215041e+000 -1.512445277773000e-001 5.092075497484221e-001 1.972642001376964e-001
5.401559139784933e+000 -1.481778168101819e-001 5.109001019633463e-001 1.942332985341896e-001
5.409677419354825e+000 -1.452275949438198e-001 5.124283010361835e-001 1.915025595068537e-001
5.417795698924717e+000 -1.423198916371266e-001 5.137805892603402e-001 1.892271223670523e-001
5.425913978494609e+000 -1.394037966944753e-001 5.149667205840458e-001 1.874576413049954e-001
5.434032258064502e+000 -1.364632327358377e-001 5.160067271584764e-001 1.861612788095538e-001
5.442150537634394e+000 -1.335026110304712e-001 5.169247662442856e-001 1.852581850492018e-001
5.450268817204286e+000 -1.305257158509096e-001 5.177476237614329e-001 1.846495647749478e-001
5.458387096774178e+000 -1.275306992698853e-001 5.185026727518972e-001 1.842327367718547e-001
5.466505376344070e+000 -1.245133603745799e-001 5.192137852262221e-001 1.839166804553241e-001
5.474623655913963e+000 -1.214591904732779e-001 5.199000042092221e-001 1.836353986870746e-001
5.482741935483855e+000 -1.183372877241576e-001 5.205781750705721e-001 1.833414478315940e-001
5.490860215053747e+000 -1.151154883257642e-001 5.212641045075703e-001 1.829876049714358e-001
5.498978494623639e+000 -1.117793708823303e-001 5.219700187481683e-001 1.825231241473779e-001
5.507096774193531e+000 -1.083327238597942e-001 5.227025938087967e-001 1.819039837936555e-001
5.515215053763424e+000 -1.047898409723579e-001 5.234641213888974e-001 1.810959439630069e-001
5.523333333333316e+000 -1.011800127373360e-001 5.242536571403104e-001 1.800687121100179e-001
5.531451612903208e+000 -9.756405844094604e-002 5.250643619065083e-001 1.788002248833311e-001
5.539569892473100e+000 -9.403904531478838e-002 5.258800898095468e-001 1.772953581674751e-001
5.547688172042992e+000 -9.070148560161669e-002 5.266798280213715e-001 1.755948509614767e-001
5.555806451612884e+000 -8.758627349987436e-002 5.274487277181869e-001 1.737589379171526e-001
5.563924731182777e+000 -8.465140609456723e-002 5.281824797827078e-001 1.718447538336029e-001
5.572043010752669e+000 -8.183587182806293e-002 5.288804059717031e-001 1.698988361929237e-001
5.580161290322561e+000 -7.913380967062214e-002 5.295374270287716e-001 1.679595353264076e-001
5.588279569892453e+000 -7.661389974222611e-002 5.301443926553099e-001 1.660555615204748e-001
5.596397849462345e+000 -7.436928968298567e-002 5.306953638240722e-001 1.641990774083737e-001
5.604516129032238e+000 -7.244890032136581e-002 5.311939086861006e-001 1.623791002644271e-001
5.612634408602130e+000 -7.082560091251108e-002 5.316535174992330e-001 1.605606441775542e-001
5.620752688172022e+000 -6.940525754686910e-002 5.320931178562295e-001 1.586944747798037e-001
5.628870967741914e+000 -6.805591833232486e-002 5.325308073255711e-001 1.567353415923621e-001
5.636989247311806e+000 -6.665048985092438e-002 5.329786582926148e-001 1.546554670758922e-001
5.645107526881699e+000 -6.511242931630111e-002 5.334406813038789e-001 1.524434836505996e-001
5.653225806451591e+000 -6.343591659925588e-002 5.339143993826926e-001 1.500946007290936e-001
5.661344086021483e+000 -6.166189484655463e-002 5.343943639122376e-001 1.476050637996002e-001
5.669462365591375e+000 -5.982880194026437e-002 5.348746487769390e-001 1.449778790629438e-001
5.677580645161267e+000 -5.794824606634282e-002 5.353487448058134e-001 1.422325313076192e-001
5.685698924731160e+000 -5.602896875926933e-002 5.358091422833280e-001 1.394014504070036e-001
5.693817204301052e+000 -5.409997892415118e-002 5.362495472105375e-001 1.365098334905949e-001
5.701935483870944e+000 -5.219225800981625e-002 5.366673846131853e-001 1.335610850818422e-001
5.710053763440836e+000 -5.031922727718192e-002 5.370623931910339e-001 1.305472207171929e-001
5.718172043010728e+000 -4.848778470371763e-002 5.374329075153896e-001 1.274747157697254e-001
5.726290322580621e+000 -4.670812817132330e-002 5.377739981080629e-001 1.243860486585912e-001
5.734408602150513e+000 -4.498171629142053e-002 5.380783424591831e-001 1.213668942924370e-001
5.742526881720405e+000 -4.328914662640879e-002 5.383387246220351e-001 1.185325019052082e-001
5.750645161290297e+000 -4.159759508700531e-002 5.385506192183159e-001 1.159970509537004e-001
5.758763440860189e+000 -3.987951250999590e-002 5.387131776152145e-001 1.138469821992788e-001
5.766881720430082e+000 -3.812314942303881e-002 5.388281880602370e-001 1.121365397102251e-001
5.774999999999974e+000 -3.632712554888054e-002 5.388980939350416e-001 1.109021035110277e-001
5.783118279569866e+000 -3.448985491321464e-002 5.389246205041200e-001 1.101733992330213e-001
5.791236559139758e+000 -3.261327071817280e-002 5.389088522615271e-001 1.099663703267115e-001
5.799354838709650e+000 -3.072011964118841e-002 5.388523781425911e-001 1.102675965713601e-001
5.807473118279543e+000 -2.885994979657101e-002 5.387584448378469e-001 1.110275048729587e-001
5.815591397849435e+000 -2.709510413925180e-002 5.386324720438412e-001 1.121646826441521e-001
5.823709677419327e+000 -2.548939770062467e-002 5.384823087719857e-001 1.135740512770878e-001
5.831827956989219e+000 -2.411723906022992e-002 5.383187151711120e-001 1.151373696040324e-001
5.839946236559111e+000 -2.307844392529431e-002 5.381549254663474e-001 1.167444372420178e-001
5.848064516129004e+000 -2.248482971595454e-002 5.380029972753803e-001 1.183287100807161e-001
5.856182795698896e+000 -2.239482498458935e-002 5.378662485404493e-001 1.199043882177000e-001
5.864301075268788e+000 -2.273705781364229e-002 5.377326872282735e-001 1.215771717031397e-001
5.872419354838680e+000 -2.333388237698228e-002 5.375787367274399e-001 1.235000013787817e-001
5.880537634408572e+000 -2.404169374195390e-002 5.373824046983481e-001 1.257943831714319e-001
5.888655913978464e+000 -2.485938387356650e-002 5.371317651465379e-001 1.285100461646768e-001
5.896774193548357e+000 -2.590465791662584e-002 5.368215822628286e-001 1.316506553806856e-001
5.904892473118249e+000 -2.732993559856159e-002 5.364453738704210e-001 1.352154513523702e-001
5.913010752688141e+000 -2.927892620892343e-002 5.359914641250703e-001 1.392100550050701e-001
5.921129032258033e+000 -3.189061779202020e-002 5.354438576345193e-001 1.436287255845491e-001
5.929247311827925e+000 -3.529620114102089e-002 5.347841194269836e-001 1.484335594144544e-001
5.937365591397818e+000 -3.957966672459482e-002 5.339922576233106e-001 1.535486419181791e-001
5.945483870967710e+000 -4.474067342391970e-002 5.330483576502936e-001 1.588697139821549e-001
5.953602150537602e+000 -5.071087188370338e-002 5.319359812198031e-001 1.642783453276052e-001
5.961720430107494e+000 -5.739527747889173e-002 5.306453496721723e-001 1.696510256046926e-001
5.969838709677386e+000 -6.466794026896316e-002 5.291764143209506e-001 1.748647158441374e-001
5.977956989247279e+000 -7.233180009309687e-002 5.275443407039626e-001 1.798047607842471e-001
5.986075268817171e+000 -8.012256846687973e-002 5.257846634837766e-001 1.843733167808195e-001
5.994193548387063e+000 -8.778641681129679e-002 5.239496329118001e-001 1.884938983689537e-001
6.002311827956955e+000 -9.517220523690156e-002 5.220935256652609e-001 1.921113597893402e-001
6.010430107526847e+000 -1.022631613730368e-001 5.202573449357614e-001 1.951874529558327e-001
6.018548387096740e+000 -1.091344892537661e-001 5.184637802579232e-001 1.976952936874275e-001
6.026666666666632e+000 -1.158836460822957e-001 5.167224926271000e-001 1.996153605840917e-001
6.034784946236524e+000 -1.225810089852520e-001 5.150398042629026e-001 2.009287541821636e-001
6.042903225806416e+000 -1.292522701776439e-001 5.134259322721009e-001 2.016128203486150e-001
6.051021505376308e+000 -1.358807164541620e-001 5.118937672999019e-001 2.016554351666237e-001
6.059139784946201e+000 -1.424141723524318e-001 5.104516238731071e-001 2.010846433981905e-001
6.067258064516093e+000 -1.487673171122284e-001 5.090996724572138e-001 1.999893693213276e-001
6.075376344085985e+000 -1.548267315470874e-001 5.078340501210550e-001 1.985136102602412e-001
6.083494623655877e+000 -1.604740317336055e-001 5.066534130642943e-001 1.968222993336752e-001
6.091612903225769e+000 -1.656284716184723e-001 5.055597287980309e-001 1.950541900936027e-001
6.099731182795662e+000 -1.702936162763175e-001 5.045482751768664e-001 1.932899759603516e-001
6.107849462365554e+000 -1.745822336490954e-001 5.035931865403370e-001 1.915495235288867e-001
6.115967741935446e+000 -1.786927833185416e-001 5.026443537095285e-001 1.898080685740446e-001
6.124086021505338e+000 -1.828336808225003e-001 5.016427240215277e-001 1.880242068126106e-001
6.132204301075230e+000 -1.871320903629832e-001 5.005448920550752e-001 1.861739828714882e-001
6.140322580645123e+000 -1.915865334992331e-001 4.993421188486443e-001 1.842664181566066e-001
6.148440860215015e+000 -1.960923160878574e-001 4.980626198577561e-001 1.823274585977493e-001
6.156559139784907e+000 -2.005080553490140e-001 4.967577430484497e-001 1.803738336494204e-001
6.164677419354799e+000 -2.047098677712599e-001 4.954839731383438e-001 1.784013910951240e-001
6.172795698924691e+000 -2.086165412646885e-001 4.942875768153393e-001 1.763950378296478e-001
6.180913978494584e+000 -2.122019404812979e-001 4.931906998217389e-001 1.743496738487430e-001
6.189032258064476e+000 -2.154977560339490e-001 4.921842366403470e-001 1.722817734726747e-001
6.197150537634368e+000 -2.185740591986841e-001 4.912354218990264e-001 1.702257526458723e-001
6.205268817204260e+000 -2.215014169789179e-001 4.903067102611952e-001 1.682257694943782e-001
6.213387096774152e+000 -2.243140490243114e-001 4.893755452273149e-001 1.663294109723617e-001
6.221505376344044e+000 -2.269886532541880e-001 4.884476173382110e-001 1.645826105324446e-001
6.229623655913937e+000 -2.294449340506043e-001 4.875593875843640e-001 1.630268530245107e-001
6.237741935483829e+000 -2.315674818918848e-001 4.867686739901466e-001 1.616989211003898e-001
6.245860215053721e+000 -2.332391143216031e-001 4.861382274748553e-001 1.606280210218877e-001
6.253978494623613e+000 -2.343696961537163e-001 4.857203800967893e-001 1.598299695774843e-001
6.262096774193505e+000 -2.349111398089537e-001 4.855468564406080e-001 1.593073043174413e-001
6.270215053763398e+000 -2.348588583305216e-001 4.856239839949756e-001 1.590604127589053e-001
6.278333333333290e+000 -2.342422585066001e-001 4.859337230486914e-001 1.591042128233730e-001
6.286451612903182e+000 -2.331097529612884e-001 4.864403988631714e-001 1.594753985732354e-001
6.294569892473074e+000 -2.315161362416711e-001 4.871013219503119e-001 1.602156212331323e-001
6.302688172042966e+000 -2.295155465677718e-001 4.878776845139041e-001 1.613389467053819e-001
6.310806451612859e+000 -2.271612876871229e-001 4.887393706183478e-001 1.628134599570678e-001
6.318924731182751e+000 -2.245136390516779e-001 4.896601835937470e-001 1.645727177725792e-001
6.327043010752643e+000 -2.216484277593780e-001 4.906101910728476e-001 1.665407937012499e-001
6.335161290322535e+000 -2.186563377260796e-001 4.915543998720878e-001 1.686476850009741e-001
6.343279569892427e+000 -2.156363623793407e-001 4.924563932058411e-001 1.708317166004317e-001
6.351397849462320e+000 -2.126965614243807e-001 4.932788790018480e-001 1.730377090111134e-001
6.359516129032212e+000 -2.099662371764727e-001 4.939797579225169e-001 1.752114168562849e-001
6.367634408602104e+000 -2.076084773658291e-001 4.945100504355885e-001 1.772865165599754e-001
6.375752688171996e+000 -2.058187214282838e-001 4.948173130988953e-001 1.791733319980165e-001
6.383870967741888e+000 -2.048019146297587e-001 4.948523005400972e-001 1.807653189190410e-001
6.391989247311781e+000 -2.047247604891601e-001 4.945782598142364e-001 1.819668358378745e-001
6.400107526881673e+000 -2.056498117142658e-001 4.939842639223794e-001 1.827300191282331e-001
6.408225806451565e+000 -2.074838705952091e-001 4.930983180978241e-001 1.830799633896415e-001
6.416344086021457e+000 -2.099788406173221e-001 4.919921078841187e-001 1.831106375513049e-001
6.424462365591349e+000 -2.127872435099617e-001 4.907739722224365e-001 1.829531385020795e-001
6.432580645161242e+000 -2.155412381461867e-001 4.895715258475658e-001 1.827373734128366e-001
6.440698924731134e+000 -2.179245598748164e-001 4.885070615777101e-001 1.825678527493657e-001
6.448817204301026e+000 -2.197197808477896e-001 4.876737006175683e-001 1.825146624535155e-001
6.456935483870918e+000 -2.208220347350490e-001 4.871237499422688e-001 1.826075929599110e-001
6.465053763440810e+000 -2.212197205755606e-001 4.868732482760508e-001 1.828343105746621e-001
6.473172043010703e+000 -2.209536980002185e-001 4.869165763709881e-001 1.831519964903751e-001
6.481290322580595e+000 -2.200765768725231e-001 4.872424862022304e-001 1.835022813471645e-001
6.489408602150487e+000 -2.186373548837161e-001 4.878414830027040e-001 1.838150843066380e-001
6.497526881720379e+000 -2.166973673277698e-001 4.886989233215526e-001 1.840097210885201e-001
6.505645161290271e+000 -2.143552855464492e-001 4.897831356381121e-001 1.840006131583170e-001
6.513763440860164e+000 -2.117593749104589e-001 4.910405554805009e-001 1.837027828986829e-001
6.521881720430056e+000 -2.091001052995428e-001 4.923988055403805e-001 1.830429488383394e-001
6.529999999999948e+000 -2.065799696842429e-001 4.937762334023899e-001 1.819813646678403e-001
