---- AnyBody Output File ---------------------------------
Study: Main.Studies.InverseDynamicStudy
Operation: Main.Studies.InverseDynamicStudy.InverseDynamics
----------------------------------------------------------
Constants (Name = Value): 
Main.Studies.InverseDynamicStudy.OutputFile.FileName = "..\Input\Subjects\PS\Overground Gait Trials\PS_rightturn6\Results.txt"
Main.Studies.InverseDynamicStudy.OutputFile.NumberFormat.Digits = 15
Main.Studies.InverseDynamicStudy.OutputFile.NumberFormat.Width = 22
Main.Studies.InverseDynamicStudy.OutputFile.NumberFormat.Style = ScientificNumber
Main.Studies.InverseDynamicStudy.OutputFile.NumberFormat.FormatStr = "%22.15e"
Main.Studies.InverseDynamicStudy.OutputFile.Search = 
Main.Studies.InverseDynamicStudy.OutputFile.SepSign = " "
Main.Studies.InverseDynamicStudy.OutputFile.LineSepSign = ""
Main.Studies.InverseDynamicStudy.OutputFile.Header.TitleSectionOnOff = On
Main.Studies.InverseDynamicStudy.OutputFile.Header.ConstSectionOnOff = On
Main.Studies.InverseDynamicStudy.OutputFile.Header.VarSectionOnOff = On
Main.Studies.InverseDynamicStudy.OutputFile.Header.ColumnNamesOnOff = On
Main.Studies.InverseDynamicStudy.OutputFile.Header.LinePrefix = ""
Main.Studies.InverseDynamicStudy.OutputFile.ConstSectionSaveOptionsOnOff = On
----------------------------------------------------------
Variables (Column# Name): 
col0  Main.Studies.InverseDynamicStudy.t
col1  Main.Studies.InverseDynamicStudy.OutputFile.eTibiaForceEst[0]
col2  Main.Studies.InverseDynamicStudy.OutputFile.eTibiaForceEst[1]
col3  Main.Studies.InverseDynamicStudy.OutputFile.eTibiaForceEst[2]
col4  Main.Studies.InverseDynamicStudy.OutputFile.eTibiaMomentEst[0]
col5  Main.Studies.InverseDynamicStudy.OutputFile.eTibiaMomentEst[1]
col6  Main.Studies.InverseDynamicStudy.OutputFile.eTibiaMomentEst[2]
col7  Main.Studies.InverseDynamicStudy.OutputFile.eTibiaForceMeas[0]
col8  Main.Studies.InverseDynamicStudy.OutputFile.eTibiaForceMeas[1]
col9  Main.Studies.InverseDynamicStudy.OutputFile.eTibiaForceMeas[2]
col10  Main.Studies.InverseDynamicStudy.OutputFile.eTibiaMomentMeas[0]
col11  Main.Studies.InverseDynamicStudy.OutputFile.eTibiaMomentMeas[1]
col12  Main.Studies.InverseDynamicStudy.OutputFile.eTibiaMomentMeas[2]
----------------------------------------------------------
Main.Studies.InverseDynamicStudy.t Main.Studies.InverseDynamicStudy.OutputFile.eTibiaForceEst[0] Main.Studies.InverseDynamicStudy.OutputFile.eTibiaForceEst[1] Main.Studies.InverseDynamicStudy.OutputFile.eTibiaForceEst[2] Main.Studies.InverseDynamicStudy.OutputFile.eTibiaMomentEst[0] Main.Studies.InverseDynamicStudy.OutputFile.eTibiaMomentEst[1] Main.Studies.InverseDynamicStudy.OutputFile.eTibiaMomentEst[2] Main.Studies.InverseDynamicStudy.OutputFile.eTibiaForceMeas[0] Main.Studies.InverseDynamicStudy.OutputFile.eTibiaForceMeas[1] Main.Studies.InverseDynamicStudy.OutputFile.eTibiaForceMeas[2] Main.Studies.InverseDynamicStudy.OutputFile.eTibiaMomentMeas[0] Main.Studies.InverseDynamicStudy.OutputFile.eTibiaMomentMeas[1] Main.Studies.InverseDynamicStudy.OutputFile.eTibiaMomentMeas[2]
5.000000000000000e+000 9.692698201333062e+000 1.174065489650101e+001 1.650655947037609e+002 -2.355141715973351e-001 -4.839804998189853e-001 -4.798484917411922e-002 1.250667766081112e+002 4.080834531199310e+001 3.232247194885007e+002 1.889260194726001e+000 -3.813975106206425e-001 -5.698304140601938e-002
5.008333333333334e+000 1.433850597862440e+001 1.909420436947804e+001 2.646797701328729e+002 -3.367743497934372e-001 -2.510739335737112e+000 5.716693019607944e-002 1.045684727065757e+002 3.367430885424287e+001 3.538461139511647e+002 1.777668105877841e+000 -8.176817245551009e-001 5.118370005886438e-002
5.016666666666668e+000 1.945034083860251e+001 1.899474668035882e+001 3.197045627738177e+002 -6.800644731939265e-001 -3.389228533990432e+000 1.320095763338210e-001 8.252220762559587e+001 2.424934637736581e+001 3.873939569794413e+002 1.608745140021648e+000 -9.142200317987538e-001 1.366260058761784e-001
5.025000000000001e+000 2.796866925283632e+001 2.115574598332425e+001 4.319507865907930e+002 -1.229165143062457e+000 -5.058328395942419e+000 2.680197173691110e-001 5.982946391734620e+001 7.827294703218271e+000 4.235899327996801e+002 1.427800476807653e+000 -7.135131940019018e-001 1.376215471620936e-001
5.033333333333335e+000 3.445186867971556e+001 1.914471466628169e+001 4.857836722107988e+002 -1.704835878931363e+000 -5.339823049086751e+000 3.101687188145494e-001 3.880146441286721e+001 -1.220056195158759e+001 4.632639708415505e+002 1.322572791374415e+000 -2.583356648042164e-001 9.231313871222824e-002
5.041666666666669e+000 4.022772848689810e+001 1.811425245895526e+001 5.486553341338420e+002 -2.172237435558067e+000 -5.743833793803498e+000 3.505692687185218e-001 2.591585965985228e+001 -1.945505098518055e+001 5.127780350308264e+002 1.347003616155367e+000 4.087198341728072e-001 1.402366358436650e-001
5.050000000000003e+000 4.477652838946320e+001 1.672800337633296e+001 5.918742564904683e+002 -2.535986954556768e+000 -5.803829730304364e+000 3.538604047807978e-001 2.424742471704674e+001 -5.127380201980396e+000 5.734881002018408e+002 1.476490891906254e+000 1.263547088673149e+000 3.433016031275910e-001
5.058333333333336e+000 4.708719234185651e+001 1.539879013818589e+001 6.047682190826540e+002 -2.703820563077152e+000 -5.479315100586842e+000 3.166094293519204e-001 2.946955465719715e+001 1.952812277769460e+001 6.262435399929578e+002 1.542262475827483e+000 2.136863205346233e+000 5.179099541699821e-001
5.066666666666670e+000 4.684634415238071e+001 1.470943754848594e+001 5.843810126423093e+002 -2.613845363749070e+000 -4.855689810247066e+000 2.240068563987434e-001 3.886234517632881e+001 4.637764061165895e+001 6.642170340937676e+002 1.202821854537714e+000 2.825437237669468e+000 4.403402465436728e-001
5.075000000000004e+000 4.460321014992353e+001 1.332950236756233e+001 5.435247898486015e+002 -2.450868892565744e+000 -3.951841713657029e+000 1.384427677061575e-001 5.075374187243867e+001 7.429741799789103e+001 6.918956505374537e+002 5.628505739997995e-001 3.329319933725025e+000 1.834932941837872e-001
5.083333333333338e+000 4.085222734023662e+001 1.197557821581148e+001 4.906104922852836e+002 -2.212965107654255e+000 -3.072040795705050e+000 5.050596127067975e-002 6.014804900384273e+001 9.867865269456704e+001 7.104139174058289e+002 9.287276313079781e-002 3.665864522669015e+000 -1.705445220023488e-002
5.091666666666671e+000 3.670500209339903e+001 1.064699998751600e+001 4.378462615192940e+002 -1.974040672614005e+000 -2.345832896712074e+000 -1.535857741127189e-002 6.509092088832361e+001 1.166240582481029e+002 7.174570578066441e+002 -1.095334362160385e-001 3.822353536944195e+000 -1.269488638530506e-001
5.100000000000005e+000 3.311473062692656e+001 9.669762015297238e+000 3.937523290546252e+002 -1.767621884920103e+000 -1.796972301555725e+000 -5.117937070441492e-002 6.514929043797265e+001 1.246723069216279e+002 7.078027823851392e+002 -3.312083195552710e-001 3.765831240350308e+000 -3.108152526132638e-001
5.108333333333339e+000 3.076537448124070e+001 9.202079510037265e+000 3.623781477332756e+002 -1.607355876943079e+000 -1.427504587249410e+000 -5.810317084092675e-002 5.737111260383441e+001 1.167557522928705e+002 6.785281392738837e+002 -7.026461438745674e-001 3.515279363097734e+000 -6.533470632159951e-001
5.116666666666673e+000 2.944380201132871e+001 9.192275214294000e+000 3.422823689784411e+002 -1.486744624900555e+000 -1.147117228618476e+000 -5.131595711032810e-002 3.780757193749497e+001 9.114683512996969e+001 6.321245730149670e+002 -1.190663686818225e+000 3.064470380347941e+000 -1.125649549508479e+000
5.125000000000006e+000 2.985327397072197e+001 9.246386787236816e+000 3.247183007601593e+002 -1.374716129954245e+000 -6.683005317756080e-001 -3.494754463265543e-002 7.076599249874547e+000 5.678393078286977e+001 5.853964159642814e+002 -1.673448947852448e+000 2.491635910444125e+000 -1.566537248122662e+000
5.133333333333340e+000 3.167825421859268e+001 8.864945111626994e+000 2.975001741079120e+002 -1.234607077967845e+000 4.196495982108373e-001 -3.102428467576233e-002 -2.832781746354924e+001 2.112868709487728e+001 5.443165764810395e+002 -2.037891667752731e+000 1.886685581142044e+000 -1.857096665504239e+000
5.141666666666674e+000 1.345869775419980e+001 5.726817596565049e+000 1.981161969823257e+002 -8.276464582371628e-001 -3.885329363926838e+000 2.102380645014550e-001 -5.890331786774500e+001 -1.016081089894989e+001 5.044522108655421e+002 -2.249959208182753e+000 1.311599584938730e+000 -1.966550649385360e+000
5.150000000000008e+000 8.716490457595590e+000 8.140059380160729e+000 2.232962064453103e+002 -7.965254522715553e-001 -5.673026243531433e+000 2.722459192995950e-001 -8.226046407967837e+001 -3.668169384769841e+001 4.619044771612270e+002 -2.452493997379323e+000 7.159715714022179e-001 -2.009997828228730e+000
5.158333333333341e+000 3.887082543872275e+000 1.362692096735692e+001 2.898318693380333e+002 -8.003281405950575e-001 -8.201531011271046e+000 4.037451710735744e-001 -9.726847081415819e+001 -5.445150293758425e+001 4.359565565645527e+002 -2.703150359154174e+000 7.094923188210921e-002 -2.049355123625620e+000
5.166666666666675e+000 -5.319090239168958e-001 2.136616938382903e+001 3.925100427703454e+002 -8.803009518641454e-001 -1.153504518073944e+001 6.012104147050676e-001 -1.049205020761046e+002 -6.204728523954429e+001 4.389450928356282e+002 -2.794760090266206e+000 -5.794475253160445e-001 -1.984407607186382e+000
5.175000000000009e+000 -2.579325815865886e+000 2.962169336308818e+001 5.210813468569851e+002 -1.126820701754974e+000 -1.495675296706762e+001 8.000126556755109e-001 -1.066158825040311e+002 -6.217543801093115e+001 4.681413723648300e+002 -2.686983510098391e+000 -1.255352774428954e+000 -1.796852157570246e+000
5.183333333333343e+000 -5.740287981866118e+000 3.569504383381310e+001 6.432354472803139e+002 -1.485046907328660e+000 -1.779629226002215e+001 9.222462972184142e-001 -1.000869519332222e+002 -5.572768629947721e+001 5.189127707732798e+002 -2.422848239480243e+000 -1.945587456002307e+000 -1.506186795907347e+000
5.191666666666676e+000 -1.276013421463171e+001 3.627567472934831e+001 7.217323054335838e+002 -1.894644042310165e+000 -1.949473797602599e+001 8.952612156444473e-001 -8.295246354109878e+001 -4.057659289012634e+001 5.928748775246697e+002 -2.151641003452208e+000 -2.545230630520957e+000 -1.156081021230603e+000
5.200000000000010e+000 -1.716325083257817e+001 2.930363010784166e+001 7.737494857149036e+002 -2.669665584828831e+000 -2.050330395521283e+001 6.652053170353582e-001 -6.417462681784801e+001 -2.007639774465594e+001 6.966084865496557e+002 -2.385286672433129e+000 -2.827948644441806e+000 -9.231297068940568e-001
5.208333333333344e+000 -9.049814408381707e+000 1.741612797539733e+001 8.867724169435542e+002 -4.188694789463662e+000 -2.160426538536026e+001 3.643145114377209e-001 -5.315674258774163e+001 -1.513816293528464e+000 8.298998585389062e+002 -3.351743450045038e+000 -2.772344637579892e+000 -9.514373617014241e-001
5.216666666666677e+000 2.079077756925898e+000 7.141562360029298e+000 1.022054962335116e+003 -5.740335395907567e+000 -1.904157871952457e+001 1.800018327303592e-001 -4.629545886224657e+001 9.499466708763052e+000 9.828605428164669e+002 -4.635558790771789e+000 -2.346011198597055e+000 -1.133270857795164e+000
5.225000000000011e+000 1.443874778118507e+001 -3.773539465762553e+000 1.136950597692608e+003 -7.225827565858008e+000 -1.538407281219202e+001 5.818881632548356e-002 -3.828309065062229e+001 5.713625062413302e+000 1.133228340076026e+003 -5.706701605632973e+000 -1.464402487848008e+000 -1.273355426326580e+000
5.233333333333345e+000 2.607851571703662e+001 -1.383129104524247e+001 1.223345251265382e+003 -8.477938893389784e+000 -1.152083338431071e+001 -3.524215745145387e-003 -3.016931488550441e+001 -1.401434252710529e+001 1.266037920757725e+003 -6.482798140165079e+000 -1.396240726961468e-001 -1.320578833695260e+000
5.241666666666679e+000 3.547527823126910e+001 -2.200274696261948e+001 1.277812597414414e+003 -9.399836042498416e+000 -8.058462494423319e+000 -2.270439716868333e-002 -2.906078401038480e+001 -4.203532786278453e+001 1.365838345659602e+003 -7.199056974772375e+000 1.478429893607294e+000 -1.306372233437488e+000
5.250000000000012e+000 4.185020266289592e+001 -2.764169154080342e+001 1.302629256199429e+003 -9.959459248111655e+000 -5.383142218524506e+000 -1.678946244463742e-002 -3.414332657662136e+001 -7.180021967584365e+001 1.437290591812429e+003 -7.942920351485006e+000 3.383601477724382e+000 -1.237511751575786e+000
5.258333333333346e+000 4.596733982204754e+001 -2.985518537968373e+001 1.313597272294918e+003 -1.019653916510329e+001 -3.610234134288747e+000 -9.598832293447046e-004 -3.973949132518574e+001 -9.687863774084038e+001 1.489918753206871e+003 -8.704394518590320e+000 5.414179494895688e+000 -1.136513580744678e+000
5.266666666666680e+000 4.762924922415445e+001 -2.923073512074066e+001 1.310629430541273e+003 -1.014721876466391e+001 -2.799302410829966e+000 -2.908766255151019e-003 -3.777657814321201e+001 -1.125801228866220e+002 1.526445994364338e+003 -9.147076091874816e+000 7.193028419612617e+000 -9.510768764404707e-001
5.275000000000014e+000 4.710174189982820e+001 -2.561201837955402e+001 1.303044784264087e+003 -9.860973110338092e+000 -2.876200159557426e+000 -2.741545050493421e-002 -2.704659028558126e+001 -1.182318798228791e+002 1.544979820320484e+003 -9.148597802437871e+000 8.603952368013717e+000 -6.661486836955057e-001
5.283333333333347e+000 4.506073273742865e+001 -1.915653073048880e+001 1.296541195285297e+003 -9.386376889528034e+000 -3.628874012358385e+000 -7.050338457596506e-002 -1.341360666825438e+001 -1.128523898249827e+002 1.540375339082317e+003 -8.869269447955441e+000 9.559959962353744e+000 -3.729598112712988e-001
5.291666666666681e+000 4.218020055277216e+001 -1.081208067972601e+001 1.290698246404115e+003 -8.786408567318288e+000 -4.713071130178629e+000 -1.149105642169335e-001 -4.393459565705278e+000 -9.535894978511102e+001 1.516858635490372e+003 -8.741149788379522e+000 1.000283042329514e+001 -2.018186563275877e-001
5.300000000000015e+000 3.918665764387043e+001 -1.992116849199142e+000 1.280973713329495e+003 -8.128891300389004e+000 -5.717321560089502e+000 -1.450776957600746e-001 -3.452477306058303e+000 -7.183747389450446e+001 1.487284429330147e+003 -8.950176721770216e+000 9.942171339426512e+000 -1.963295296763507e-001
5.308333333333349e+000 3.692887272925808e+001 6.401272888418355e+000 1.267127395405910e+003 -7.479620875916426e+000 -6.269104649856030e+000 -1.519265465834807e-001 -3.220065389611245e+000 -4.843426673130237e+001 1.472780234133883e+003 -9.307273599084905e+000 9.554227034307926e+000 -3.291393489215620e-001
5.316666666666682e+000 3.659033970445100e+001 1.394265681576621e+001 1.250882289415026e+003 -6.886140219293214e+000 -6.195263241037281e+000 -1.222776712053251e-001 -1.294102281652493e+000 -2.622819985341456e+001 1.470979074354673e+003 -9.753193045434760e+000 9.003124469938960e+000 -6.096685576482702e-001
5.325000000000016e+000 3.770417153566845e+001 2.013910358670058e+001 1.230837265010783e+003 -6.363677539577977e+000 -5.447312110269549e+000 -7.302436061955508e-002 -6.471415729911523e-001 -8.049521002251247e+000 1.463177779554351e+003 -1.024261097093027e+001 8.501548117235991e+000 -1.042013108316231e+000
5.333333333333350e+000 4.043159707442487e+001 2.513507124850035e+001 1.210496573013750e+003 -5.927906680503584e+000 -4.090182603694343e+000 -7.406662071810399e-003 -4.406828001511769e+000 9.958183346621410e-001 1.443543620004993e+003 -1.066194835324290e+001 8.180292900514788e+000 -1.564574146045848e+000
5.341666666666684e+000 4.447886840170767e+001 2.925710143287711e+001 1.191707875462799e+003 -5.567037138308121e+000 -2.295793554999402e+000 7.131786790347972e-002 -1.235888630099086e+001 -3.396408767177838e+000 1.434243445800354e+003 -1.089056230550661e+001 8.139638851396203e+000 -2.057478606794396e+000
5.350000000000017e+000 4.911960796625448e+001 3.283620051571008e+001 1.176952720424728e+003 -5.266752011192076e+000 -3.829924849550215e-001 1.505985250466377e-001 -2.367557163466762e+001 -1.972025459284279e+001 1.450415124848307e+003 -1.111649298541127e+001 8.432854955616598e+000 -2.505829490159358e+000
5.358333333333351e+000 5.375973121262601e+001 3.647990151004149e+001 1.167373615894820e+003 -4.992831249854087e+000 1.483393501088468e+000 2.227161857373304e-001 -3.439977084448561e+001 -4.081276354230590e+001 1.479390465668677e+003 -1.137974866156236e+001 9.068269879007795e+000 -2.894750269340984e+000
5.366666666666685e+000 5.804277191160000e+001 4.060521911481389e+001 1.164790789107194e+003 -4.725212425868302e+000 3.167175225844411e+000 2.750976605969071e-001 -3.676712581000287e+001 -5.435313486369950e+001 1.497061554537658e+003 -1.154928342868445e+001 1.005675441680445e+001 -3.185512206193234e+000
5.375000000000019e+000 6.144855317508686e+001 4.520821058549581e+001 1.164674962719022e+003 -4.434965796835086e+000 4.509235162044263e+000 3.087789014724049e-001 -2.974550529775194e+001 -5.773319317895818e+001 1.497760285555372e+003 -1.156821758152664e+001 1.139636450091170e+001 -3.358465229943767e+000
5.383333333333352e+000 6.735607972982518e+001 4.605184296347318e+001 1.182549033318255e+003 -4.508039863203305e+000 5.737894040223425e+000 4.223294596021252e-001 -1.893484677608576e+001 -5.435331100666312e+001 1.484627370152446e+003 -1.140108908632998e+001 1.296709490253168e+001 -3.358686857140062e+000
5.391666666666686e+000 7.263184628139356e+001 4.622576553171496e+001 1.201086111164675e+003 -4.623463448633157e+000 6.539196876134259e+000 5.491215295944509e-001 -7.640081640914898e+000 -4.805549588513743e+001 1.467645535829843e+003 -1.101238012180709e+001 1.456764389580923e+001 -3.159305607898415e+000
5.400000000000020e+000 7.529088637785677e+001 4.728609778371215e+001 1.221176459581988e+003 -4.681964056413812e+000 6.655351058427971e+000 6.261303263698596e-001 1.410277673526095e+000 -4.214957874552221e+001 1.452820962148967e+003 -1.046235069408848e+001 1.592985962243454e+001 -2.897250005637808e+000
5.408333333333354e+000 7.801534460651402e+001 4.859815327507137e+001 1.230252838318445e+003 -4.652643302838649e+000 6.643334506051070e+000 7.323967529081219e-001 6.406538921574426e+000 -3.448461216530634e+001 1.423952702907732e+003 -9.948088499884777e+000 1.684695972891709e+001 -2.749628644555757e+000
5.416666666666687e+000 8.028352797715482e+001 4.980974919405021e+001 1.233125165980928e+003 -4.593648333499682e+000 6.599062775869335e+000 8.529381596934775e-001 8.779964243534140e+000 -2.374113042151189e+001 1.376505833264004e+003 -9.536625215328492e+000 1.733965779870810e+001 -2.729263374084644e+000
5.425000000000021e+000 8.243465482887467e+001 5.040927510954119e+001 1.231583033403078e+003 -4.548797491446448e+000 6.551726284989367e+000 9.888893326452802e-001 1.059105913225628e+001 -1.312537509101048e+001 1.324556971409615e+003 -9.191094385142119e+000 1.755726371519344e+001 -2.755534036914785e+000
5.433333333333355e+000 8.448458255272803e+001 5.065942220450636e+001 1.226638676191059e+003 -4.505448423687203e+000 6.526661563548450e+000 1.134275608302321e+000 9.930555427802599e+000 -8.114776700696570e+000 1.285366337870364e+003 -8.889613088751238e+000 1.755013428410583e+001 -2.800825306866880e+000
5.441666666666689e+000 8.673986814891509e+001 5.069810791844659e+001 1.218998809340454e+003 -4.460740861671364e+000 6.612097191738468e+000 1.292682537151592e+000 8.421537567308262e+000 -7.801226520335682e+000 1.263817525042039e+003 -8.654322194359763e+000 1.737287370528822e+001 -2.813560251999555e+000
5.450000000000022e+000 8.943523146275531e+001 5.071061908619371e+001 1.210001503129637e+003 -4.411225656706703e+000 6.921151535238201e+000 1.469300163538555e+000 1.095391361271300e+001 -9.640286218529875e+000 1.261900541449359e+003 -8.491858401164384e+000 1.707153877472468e+001 -2.794014208080801e+000
5.458333333333356e+000 9.199328406321583e+001 5.068315545219083e+001 1.200155546366327e+003 -4.359712911255787e+000 7.186928439930480e+000 1.647422377655326e+000 1.673506841687100e+001 -1.426696285627340e+001 1.275229937403559e+003 -8.409174946210856e+000 1.672080565001608e+001 -2.766707932342584e+000
5.466666666666690e+000 9.441915994895722e+001 5.077573413626795e+001 1.191517605638101e+003 -4.305560600450684e+000 7.414442295001613e+000 1.828741548523969e+000 2.334077281144372e+001 -2.133430610160910e+001 1.289261909180699e+003 -8.393193327743861e+000 1.657686129181409e+001 -2.686030197008131e+000
5.475000000000024e+000 9.649319841775949e+001 5.100223059081708e+001 1.184675935869977e+003 -4.253325792559169e+000 7.554341737895870e+000 2.014410757582955e+000 3.215867435236046e+001 -2.751822645445754e+001 1.301946902371624e+003 -8.363695728049651e+000 1.678894980952446e+001 -2.478064749306069e+000
5.483333333333357e+000 9.812352231102068e+001 5.155168456175256e+001 1.180884742550985e+003 -4.199887841816948e+000 7.591547021550110e+000 2.199180867545490e+000 4.688119804391380e+001 -2.379430045821633e+001 1.328407160451842e+003 -8.041553672415791e+000 1.743907994153923e+001 -2.049814551893868e+000
5.491666666666691e+000 9.922166346063423e+001 5.237064399387417e+001 1.177620217386261e+003 -4.129118094780048e+000 7.509255498272975e+000 2.378940166304229e+000 6.401909968538334e+001 -9.649403334608184e+000 1.370620677068981e+003 -7.402223198121598e+000 1.838817258702389e+001 -1.474136122385093e+000
5.500000000000025e+000 9.980059607208469e+001 5.353207749977413e+001 1.174654360058912e+003 -4.035458537757963e+000 7.339212461785148e+000 2.547230406236630e+000 7.952821943027007e+001 1.006410089284744e+001 1.419345712725313e+003 -6.692105330565093e+000 1.939046245931728e+001 -8.945631747108650e-001
5.508333333333359e+000 9.992360688101712e+001 5.505578823149656e+001 1.171421051546045e+003 -3.913817431275267e+000 7.072554911381602e+000 2.693614355106854e+000 8.836912015254954e+001 2.772670050752968e+001 1.461707288331972e+003 -6.207164720730946e+000 2.012037355747352e+001 -5.147857575174799e-001
5.516666666666692e+000 9.962057752778895e+001 5.694198978500022e+001 1.167790922301331e+003 -3.762445190963771e+000 6.714898036189663e+000 2.815552345882460e+000 9.003047310088262e+001 4.066133394243286e+001 1.497798516155422e+003 -5.875831927139316e+000 2.052365696388830e+001 -3.266468386447851e-001
5.525000000000026e+000 1.014351481119663e+002 5.832002723515429e+001 1.191369341664472e+003 -3.814268761248510e+000 5.998624005448068e+000 2.960537897172759e+000 8.806740688022725e+001 4.930803343346450e+001 1.536565451376875e+003 -5.426941891973856e+000 2.064691727589615e+001 -1.702042792083661e-001
5.533333333333360e+000 1.030801792824004e+002 5.961761014979638e+001 1.217791683677787e+003 -3.891471437541057e+000 5.276433590629300e+000 3.052645349358450e+000 8.759796909242188e+001 5.734931396545888e+001 1.581058154085470e+003 -4.813479661215903e+000 2.051133762864859e+001 4.492367036882272e-002
5.541666666666694e+000 1.041974783277112e+002 6.093702822656542e+001 1.241800765724920e+003 -3.951160781361440e+000 4.467543657249174e+000 3.106920890171640e+000 8.931518323232761e+001 6.621006081411190e+001 1.614599896809178e+003 -4.246138071606889e+000 2.019277974566823e+001 2.498044559011406e-001
5.550000000000027e+000 1.055811758532548e+002 6.197375010272391e+001 1.265485936614184e+003 -4.026247287383988e+000 3.882850143440909e+000 3.124134750703044e+000 8.788952560462984e+001 6.814317002322069e+001 1.614201595538190e+003 -4.081250657902124e+000 1.961722496183102e+001 2.865050512335003e-001
5.558333333333361e+000 1.078655094935059e+002 6.248485757577049e+001 1.289615431173503e+003 -4.138412596287123e+000 3.548930487946031e+000 3.137769785448614e+000 8.258565448761812e+001 6.138230849067622e+001 1.581831573035830e+003 -4.349708661150873e+000 1.877574348084860e+001 1.337352585921879e-001
5.566666666666695e+000 1.111437040086346e+002 6.287812576910318e+001 1.314920054238856e+003 -4.268067098798773e+000 3.503482711317784e+000 3.152831411779476e+000 7.741978259742973e+001 5.080783523223359e+001 1.538400017999159e+003 -4.737668567833913e+000 1.786491312188817e+001 -7.838180998169896e-002
5.575000000000029e+000 1.151534715913617e+002 6.318857837768941e+001 1.342241606001504e+003 -4.417378433035297e+000 3.662433964769664e+000 3.170580239824857e+000 7.635604412188751e+001 4.249658024332402e+001 1.497874614727043e+003 -4.929326813894663e+000 1.715503354418902e+001 -2.040192895764443e-001
5.583333333333362e+000 1.189806052911082e+002 6.354859171554030e+001 1.369172615613781e+003 -4.561118488752231e+000 3.873324069934948e+000 3.175976488447812e+000 7.973135176407583e+001 3.986856029897000e+001 1.460794666702751e+003 -5.024699049955289e+000 1.673117473797765e+001 -2.588054443639357e-001
5.591666666666696e+000 1.222713617336480e+002 6.393177903888656e+001 1.393278988221197e+003 -4.684725566284716e+000 4.065647456057773e+000 3.159442360112757e+000 8.640582911354251e+001 4.486959078480004e+001 1.422603699437219e+003 -5.282596482525459e+000 1.654551059466611e+001 -3.465687796074911e-001
5.600000000000030e+000 1.251116924449502e+002 6.422013556141485e+001 1.413101258085100e+003 -4.786607136109994e+000 4.249657093136157e+000 3.115411636961951e+000 9.358988415408389e+001 5.485071249587503e+001 1.386361378802474e+003 -5.654675991900756e+000 1.647170357927412e+001 -4.652563827938774e-001
5.608333333333364e+000 1.275126871578468e+002 6.440577368749807e+001 1.427897733899665e+003 -4.862129470081308e+000 4.427765324295125e+000 3.039077614937250e+000 9.695474080867957e+001 6.355887568072859e+001 1.368069032638656e+003 -5.892857883788764e+000 1.628486832370163e+001 -5.420602545463102e-001
5.616666666666697e+000 1.296795191366125e+002 6.479023025706412e+001 1.438362162258198e+003 -4.894890155003097e+000 4.535830805720676e+000 2.946720120659726e+000 9.645601526601146e+001 6.975998963744513e+001 1.373250190642630e+003 -5.892338835341402e+000 1.594464064498150e+001 -5.270170448061297e-001
5.625000000000031e+000 1.311857324387202e+002 6.514122666978831e+001 1.443535220552811e+003 -4.894486346190647e+000 4.590993070512666e+000 2.824547108556062e+000 9.688394785519077e+001 7.829933020355111e+001 1.388970273159246e+003 -5.654172253045214e+000 1.563639718184878e+001 -3.574743143788052e-001
5.633333333333365e+000 1.317400788856891e+002 6.535640378114567e+001 1.442776375560618e+003 -4.867538656268097e+000 4.576067732933884e+000 2.729905748299891e+000 9.919671112396890e+001 8.985295380209732e+001 1.402771746231769e+003 -5.249196625438546e+000 1.544025020152374e+001 -4.586577839313015e-002
5.641666666666699e+000 1.324253552746597e+002 6.589358431721232e+001 1.436040544577185e+003 -4.768094057946492e+000 4.477842474610878e+000 2.490665751217017e+000 1.029644609649712e+002 1.008947761631815e+002 1.418421960379694e+003 -4.800447263719772e+000 1.528838906363968e+001 2.912827129099402e-001
5.650000000000032e+000 1.326179304107552e+002 6.624926575797277e+001 1.430192185024292e+003 -4.691801849096185e+000 4.345646700444704e+000 2.330195244649452e+000 1.082013689749496e+002 1.086032542308129e+002 1.439718684559429e+003 -4.328492608568733e+000 1.509229942253508e+001 5.844048199881778e-001
5.658333333333366e+000 1.331167301321464e+002 6.654941403348806e+001 1.427838677031517e+003 -4.641162117230572e+000 4.222200429245812e+000 2.201296735719372e+000 1.142864771951771e+002 1.126232265708430e+002 1.465542216430297e+003 -3.816194986049688e+000 1.484386269258458e+001 8.149935636878302e-001
5.666666666666700e+000 1.340913092713836e+002 6.678491472600538e+001 1.429068754069767e+003 -4.617097611539523e+000 4.154371108346075e+000 2.075790529569209e+000 1.189184781710952e+002 1.157116890638107e+002 1.489241816246642e+003 -3.242174929993308e+000 1.464528804748563e+001 9.665233582819690e-001
5.675000000000034e+000 1.357211403919991e+002 6.673154882458346e+001 1.433028654564045e+003 -4.630617275792407e+000 4.258364650279353e+000 1.951322198430757e+000 1.243384476117479e+002 1.211646705344131e+002 1.506710444660786e+003 -2.691211609754500e+000 1.460799324488996e+001 1.025648204242787e+000
5.683333333333367e+000 1.373343016512797e+002 6.638727206961650e+001 1.437559232048974e+003 -4.672659946113681e+000 4.447430223355150e+000 1.862980667992015e+000 1.313145744884127e+002 1.279352291973706e+002 1.515319599848447e+003 -2.268636693587232e+000 1.468958860425942e+001 9.899479107320700e-001
5.691666666666701e+000 1.386629011773002e+002 6.596027722359349e+001 1.439164679859772e+003 -4.701581446684171e+000 4.661825255802109e+000 1.766316517751712e+000 1.348576665725245e+002 1.303809664657301e+002 1.521081267072726e+003 -2.037648037310061e+000 1.469646872949777e+001 8.017941350170943e-001
5.700000000000035e+000 1.392672165647055e+002 6.548644414805570e+001 1.436865194015814e+003 -4.709192433012628e+000 4.802142230951962e+000 1.670774744742380e+000 1.326671409253517e+002 1.274002679023848e+002 1.530456772167981e+003 -2.024162053788418e+000 1.459585199344616e+001 4.408092852776225e-001
5.708333333333369e+000 1.393341502974014e+002 6.506050732321141e+001 1.431345187815857e+003 -4.690963526780609e+000 4.831561250495613e+000 1.570823745112011e+000 1.241873044010263e+002 1.224250658867578e+002 1.546417450922197e+003 -2.186748442751573e+000 1.448972136046127e+001 -1.375541401733389e-002
5.716666666666702e+000 1.389605568910365e+002 6.479145892875775e+001 1.423210833455615e+003 -4.638457763967975e+000 4.725644843083500e+000 1.422806838151580e+000 1.112521460287216e+002 1.179206728287466e+002 1.567025113908326e+003 -2.429592545895269e+000 1.441006012843906e+001 -4.722656190964099e-001
5.725000000000036e+000 1.379532194738358e+002 6.494813992653477e+001 1.415266038064917e+003 -4.560315583973491e+000 4.348934251137048e+000 1.316720259934102e+000 1.013532105047997e+002 1.159303012826809e+002 1.593002542771747e+003 -2.597132344104053e+000 1.428718330738540e+001 -8.092618482077764e-001
5.733333333333370e+000 1.367666033457050e+002 6.539379976916533e+001 1.410174419753093e+003 -4.480883170750977e+000 3.760407128470399e+000 1.241947662372881e+000 1.005595403469035e+002 1.169235317193936e+002 1.627037831356956e+003 -2.745426815568967e+000 1.409959401659466e+001 -9.835617363078290e-001
5.741666666666704e+000 1.357457774609616e+002 6.608583397279608e+001 1.409703652160733e+003 -4.417174091527480e+000 3.032549145314115e+000 1.224195795468292e+000 1.075534654453026e+002 1.219393980367044e+002 1.660973357140467e+003 -2.875300782601449e+000 1.389747064576548e+001 -9.624547312969586e-001
5.750000000000037e+000 1.347959513002925e+002 6.712815287679243e+001 1.414103032144965e+003 -4.365490055449320e+000 2.110176619825190e+000 1.276477458141332e+000 1.185625948709535e+002 1.325625943755414e+002 1.688522282382769e+003 -2.908695118329698e+000 1.374937859191360e+001 -7.291276198533578e-001
5.758333333333371e+000 1.343495394022490e+002 6.840414022045223e+001 1.423504733219756e+003 -4.337931676530611e+000 1.040608048141102e+000 1.424662368667019e+000 1.319070194737941e+002 1.483438280111892e+002 1.713156173480276e+003 -2.902985550866396e+000 1.365459597858954e+001 -3.669059625708396e-001
5.766666666666705e+000 1.335754208154649e+002 7.022869754946763e+001 1.435741272497854e+003 -4.299182709952454e+000 -9.457446754404969e-002 1.639656822713524e+000 1.462128754434461e+002 1.665977958642152e+002 1.744491903431239e+003 -3.123854296669590e+000 1.352585861109803e+001 -1.211510071660811e-001
5.775000000000039e+000 1.322181957394619e+002 7.250724476852466e+001 1.448148609871963e+003 -4.237461586854280e+000 -1.305615616155541e+000 1.910308431166425e+000 1.619100308243229e+002 1.865433512018389e+002 1.775848139005732e+003 -3.545877512433382e+000 1.329053633329098e+001 2.803669613333309e-003
5.783333333333372e+000 1.301512229317871e+002 7.515562265346910e+001 1.459180717880262e+003 -4.147376253347475e+000 -2.538660873559989e+000 2.220902508548431e+000 1.768972637808787e+002 2.072549036804938e+002 1.798481069225202e+003 -4.039096304515828e+000 1.287936397342942e+001 9.101498528665385e-002
5.791666666666706e+000 1.274769236052439e+002 7.805459548418952e+001 1.467933809266732e+003 -4.028985410427796e+000 -3.735799868903155e+000 2.557625118649995e+000 1.840969113853450e+002 2.264326556537281e+002 1.806535680594052e+003 -4.631185258782560e+000 1.230637645738322e+001 1.211044165687694e-001
5.800000000000040e+000 1.245356209383256e+002 8.100194884466595e+001 1.473589814799419e+003 -3.888570481405052e+000 -4.842805891476639e+000 2.911248172527979e+000 1.824209407983149e+002 2.425682497206052e+002 1.797552303249302e+003 -5.282400379888643e+000 1.162380627903745e+001 8.072803921926014e-002
5.808333333333374e+000 1.214974193308847e+002 8.369368771814652e+001 1.475334110429214e+003 -3.735954618526639e+000 -5.797524246015223e+000 3.259484023975410e+000 1.741980592863877e+002 2.519222482229103e+002 1.773258068794703e+003 -5.839596380634823e+000 1.093602207498286e+001 -5.197197257062546e-002
5.816666666666707e+000 1.180991996009196e+002 8.591519063951463e+001 1.471736577287203e+003 -3.577805484723792e+000 -6.625783000753718e+000 3.585428739294097e+000 1.624500432742454e+002 2.533811919578064e+002 1.743226803777968e+003 -6.285885283923002e+000 1.019786457863972e+001 -3.010398466030557e-001
5.825000000000041e+000 1.148994981054311e+002 8.776086498054647e+001 1.462194774590796e+003 -3.398690531155336e+000 -7.416468496109760e+000 3.884209946867089e+000 1.500691646565215e+002 2.498151605724825e+002 1.709225611128559e+003 -6.620361455413888e+000 9.233359518774790e+000 -5.650278659074629e-001
5.833333333333375e+000 1.109291787937679e+002 8.902543219355849e+001 1.446498053014696e+003 -3.213555848251771e+000 -8.195192598165974e+000 4.139749264348241e+000 1.402165050395030e+002 2.449079309991504e+002 1.661198165689637e+003 -6.596881021326732e+000 8.005688624306584e+000 -5.643013579741988e-001
5.841666666666709e+000 1.062274806672693e+002 8.991200665044707e+001 1.424204031159556e+003 -3.002147202617548e+000 -8.990960375157293e+000 4.344951459412311e+000 1.339317744875655e+002 2.378105497888130e+002 1.605268157090876e+003 -6.203167446862532e+000 6.642807060113381e+000 -2.705402144216505e-001
5.850000000000042e+000 1.006613198842015e+002 9.061143212535637e+001 1.398486129152644e+003 -2.772920320005969e+000 -9.837202683610734e+000 4.497281718824226e+000 1.319178735016077e+002 2.267704946583069e+002 1.555176129427881e+003 -5.609022106802795e+000 5.320551600417548e+000 1.938237810354540e-001
5.858333333333376e+000 9.406533812932656e+001 9.128241376501595e+001 1.371784035225119e+003 -2.541154559280157e+000 -1.073954473604785e+001 4.601111280867393e+000 1.346307344810279e+002 2.135737785585436e+002 1.516497497656862e+003 -4.958688353385024e+000 4.130109918886657e+000 7.182979894754423e-001
5.866666666666710e+000 8.614143752165353e+001 9.215452495985184e+001 1.340742911158651e+003 -2.266295067866659e+000 -1.173138881275020e+001 4.658240484626359e+000 1.413215526267163e+002 2.074335600578945e+002 1.483664766280306e+003 -4.329559520560869e+000 3.018570832284640e+000 1.239246679594257e+000
5.875000000000044e+000 7.678299595164793e+001 9.255881036175029e+001 1.300482205687347e+003 -1.964308086763376e+000 -1.265967495896213e+001 4.659965138556901e+000 1.510345255683571e+002 2.143257040577870e+002 1.458381893289897e+003 -3.842425109628979e+000 1.811339122361771e+000 1.729979994071429e+000
5.883333333333377e+000 6.639020464500104e+001 9.072705119582133e+001 1.249447893516687e+003 -1.752699516743834e+000 -1.323591668588120e+001 4.549254167881565e+000 1.612894118734559e+002 2.293998799113656e+002 1.439590047814982e+003 -3.416247824758638e+000 4.799898974248947e-001 2.193102906307317e+000
5.891666666666711e+000 5.856947407192635e+001 9.047435332151832e+001 1.214572450903248e+003 -1.517996241368782e+000 -1.420252632578344e+001 4.596695343690286e+000 1.684174177366946e+002 2.452658399869548e+002 1.421397814716411e+003 -2.871375047959620e+000 -8.174275018241588e-001 2.617909796710009e+000
5.900000000000045e+000 5.229061757073384e+001 8.981486633708875e+001 1.178668491094637e+003 -1.294617850911938e+000 -1.481051034145970e+001 4.641117927696562e+000 1.720582602195001e+002 2.605126528830213e+002 1.396847666655395e+003 -2.146616319792806e+000 -1.958647241910979e+000 3.010785181647427e+000
5.908333333333379e+000 4.813411976687459e+001 8.888062497527636e+001 1.137593804879478e+003 -1.081265941764639e+000 -1.453028078305594e+001 4.645871919359235e+000 1.764654278606402e+002 2.789364874309138e+002 1.352284595765177e+003 -1.326617147587917e+000 -2.890363965389856e+000 3.432731657019169e+000
5.916666666666712e+000 4.555005938369629e+001 8.755845847710282e+001 1.089382521456086e+003 -8.477535304586584e-001 -1.347892931546728e+001 4.596937236316215e+000 1.808396528013117e+002 3.012866902707410e+002 1.279690295413763e+003 -4.412993212787254e-001 -3.719358091583825e+000 3.879485124449426e+000
5.925000000000046e+000 4.152573855658818e+001 8.578139198253086e+001 1.028025222200693e+003 -5.568744712219638e-001 -1.239121072887688e+001 4.485252238941591e+000 1.773293792421391e+002 3.189856173286604e+002 1.182942426405596e+003 4.466504945054086e-001 -4.614058974575484e+000 4.227583971390374e+000
5.933333333333380e+000 3.552202765759358e+001 8.293881869824810e+001 9.639751041775445e+002 -3.346487153633164e-001 -1.194972695426101e+001 4.281595890869232e+000 1.612395783245999e+002 3.188033822795866e+002 1.075896694842484e+003 1.260167494632474e+000 -5.650852980242739e+000 4.409977498318563e+000
5.941666666666714e+000 2.853404688675704e+001 7.796973406035158e+001 8.987513053993216e+002 -2.600931811846232e-001 -1.210801565169165e+001 4.020265560304581e+000 1.360097637941048e+002 3.006863409432249e+002 9.683736945212432e+002 1.951263323034621e+000 -6.751547243371391e+000 4.436434052825352e+000
5.950000000000047e+000 2.432703314863463e+001 7.228767068281508e+001 8.514054781028606e+002 -3.843603496868123e-001 -1.212903251232361e+001 3.620299824315375e+000 1.125921093100262e+002 2.809138549638136e+002 8.676349122321453e+002 2.417009458247317e+000 -7.692895605954465e+000 4.317177453208185e+000
5.958333333333381e+000 2.173342400561367e+001 6.607519270371799e+001 8.014336968200930e+002 -5.235519389145569e-001 -1.162908198023471e+001 3.242847833248256e+000 9.483602310711459e+001 2.660382564348254e+002 7.760314552191160e+002 2.575643849174353e+000 -8.368727060848537e+000 4.063682984417888e+000
5.966666666666715e+000 2.087026344876782e+001 5.785359943074093e+001 7.511702766299618e+002 -7.825769568609812e-001 -1.051281107979623e+001 2.921532959407533e+000 8.079825285614459e+001 2.507489559769130e+002 6.911729600158604e+002 2.499481693730142e+000 -8.724285609911316e+000 3.765590563751648e+000
5.975000000000049e+000 2.130403849407252e+001 4.644445276469162e+001 6.982523302945874e+002 -1.236352612669370e+000 -8.905936182736562e+000 2.606204917780672e+000 6.473355598477721e+001 2.293153187893533e+002 6.157793510769708e+002 2.332220882078915e+000 -8.852592896745588e+000 3.423420154974944e+000
5.983333333333382e+000 2.262165513978796e+001 3.591072884434027e+001 6.500888334769635e+002 -1.648357202381520e+000 -7.299950431920869e+000 2.351416008208322e+000 4.572785108091362e+001 2.035022435643953e+002 5.582478375497086e+002 2.122636223589318e+000 -8.803293930858381e+000 3.017534710550684e+000
5.991666666666716e+000 2.429836263588243e+001 2.440004596994490e+001 5.946954375301397e+002 -2.072894935280278e+000 -5.442328538077887e+000 2.126363893293242e+000 2.870844789073891e+001 1.833849738736354e+002 5.312506771348511e+002 1.943625858923632e+000 -8.559855114621630e+000 2.589621690781959e+000
6.000000000000050e+000 2.439363555058390e+001 1.186711958640285e+001 5.561251492896333e+002 -2.671209758049601e+000 -4.083587918835478e+000 1.831250086094814e+000 1.830895112170320e+001 1.734677561557149e+002 5.290773273739372e+002 1.822367367457627e+000 -8.076903303772596e+000 2.203516571307608e+000
6.008333333333384e+000 2.766272988317579e+001 -2.676682569759436e+000 5.374630923406824e+002 -3.527083471547412e+000 -2.409645768418474e+000 1.644918692224440e+000 1.282348278743446e+001 1.671159125333526e+002 5.234343454211551e+002 1.674022190831686e+000 -7.503412334103895e+000 1.850244561274562e+000
6.016666666666717e+000 2.942639244111355e+001 -1.472755100490574e+001 5.124793628423533e+002 -4.178947209295241e+000 -8.150839853790018e-001 1.461876383190911e+000 3.416641357671338e+000 1.518987919964830e+002 5.014912907279422e+002 1.482070689878632e+000 -7.059463861023411e+000 1.507859223159494e+000
6.025000000000051e+000 2.959530662463024e+001 -2.438057796743019e+001 4.857825873518901e+002 -4.661700860880855e+000 5.415274514232626e-001 1.248576475340214e+000 -1.115160710453972e+001 1.263761979940859e+002 4.712197284825608e+002 1.267285451104206e+000 -6.743347922189668e+000 1.185392346816481e+000
6.033333333333385e+000 2.832541518536051e+001 -3.184291741268456e+001 4.631379023673001e+002 -5.013166901823950e+000 1.473402440502632e+000 9.921076792453056e-001 -2.902421711899534e+001 9.662286285201465e+001 4.462628314702665e+002 1.011022216558897e+000 -6.580563259001872e+000 8.220035259683808e-001
6.041666666666719e+000 1.102241959431660e+001 -2.846327252032229e+001 2.841857778338667e+002 -3.703720445216349e+000 3.112995653599134e+000 1.045099092285950e-001 -4.900070202607056e+001 6.730158005616059e+001 4.290409058558520e+002 6.556110030205105e-001 -6.603479200117242e+000 3.581532781499903e-001
6.050000000000052e+000 1.522241743648083e+001 -3.717178932758083e+001 3.498585100776927e+002 -4.667458599290123e+000 2.706338606361234e+000 9.465529948618090e-002 -6.908785531558821e+001 4.235671035869385e+001 4.069225505392088e+002 5.360176736716719e-002 -6.773965797985911e+000 -2.364721417855867e-001
6.058333333333386e+000 1.793083526118679e+001 -4.321858201471400e+001 3.918507070549229e+002 -5.328337317626160e+000 2.474341049609826e+000 8.065026249214191e-002 -8.549046643971701e+001 2.083438038706213e+001 3.634583637572163e+002 -8.074763198250274e-001 -6.964053226666329e+000 -8.723046177559878e-001
6.066666666666720e+000 1.939418085299319e+001 -4.644662713594212e+001 4.066032236801118e+002 -5.649670995328767e+000 2.538137000249583e+000 7.348499392119168e-002 -9.583207924315693e+001 3.552051429860552e+000 3.079680777126658e+002 -1.798075961552845e+000 -7.074039956893206e+000 -1.514507091884053e+000
6.075000000000054e+000 2.006063739834072e+001 -4.662490931978780e+001 3.971677751750002e+002 -5.634267094887139e+000 2.948714643167931e+000 1.096729587186238e-001 -9.952025500870610e+001 -5.918585640572015e+000 2.709054911354722e+002 -2.751914878600499e+000 -6.976738965043275e+000 -2.146713457991289e+000
6.083333333333387e+000 2.097817058937478e+001 -4.394391447014729e+001 3.746339318244961e+002 -5.361431930687812e+000 3.587186161807391e+000 1.984242715060685e-001 -9.687778506946930e+001 -6.988221847461959e+000 2.638573220464776e+002 -3.582267781290922e+000 -6.658779887928636e+000 -2.711077186916993e+000
6.091666666666721e+000 2.171967925656239e+001 -3.943033661972822e+001 3.443013400523169e+002 -4.914738635379736e+000 4.219323510616309e+000 3.268374010548745e-001 -8.949467180879805e+001 -1.995352572364733e+000 2.886889918827806e+002 -4.188598294216567e+000 -6.223164628249253e+000 -3.079123700061564e+000
6.100000000000055e+000 2.235081483944462e+001 -3.479416841472914e+001 3.141285020798559e+002 -4.433569352302374e+000 4.747246850993939e+000 4.625437366530205e-001 -7.864031225511859e+001 8.625883728141472e+000 3.318941335469372e+002 -4.630640267011262e+000 -5.736913665038802e+000 -3.273751709400607e+000
6.108333333333389e+000 2.235166292051446e+001 -3.129406686219717e+001 2.884736547834183e+002 -4.035536971600238e+000 5.027587453964808e+000 5.709061528112893e-001 -6.600007745214813e+001 2.516432738066310e+001 3.612688718061535e+002 -5.085527685813394e+000 -5.218686916749514e+000 -3.360692546920491e+000
6.116666666666722e+000 2.158065934108818e+001 -2.874909087362865e+001 2.675642950852094e+002 -3.727732224195441e+000 5.032110908322979e+000 6.218036778648228e-001 -5.328651287116050e+001 4.244267193775664e+001 3.719015132237201e+002 -5.463840150767438e+000 -4.669804832594667e+000 -3.310385719402478e+000
6.125000000000056e+000 2.003601542085622e+001 -2.679009113956863e+001 2.482333196513498e+002 -3.466294275139569e+000 4.851065038571631e+000 6.238565978703043e-001 -4.451183090924939e+001 5.573896629084959e+001 3.665122556983590e+002 -5.653361176967927e+000 -4.122946801769926e+000 -3.158595355871467e+000
6.133333333333390e+000 1.745766713251980e+001 -2.471297010535240e+001 2.285924784046591e+002 -3.201989446160532e+000 4.557497544613419e+000 5.698657022855169e-001 -4.745884267596091e+001 5.852923079196724e+001 3.450842716325241e+002 -5.565486146287745e+000 -3.682330334996924e+000 -2.988791254960618e+000
6.141666666666724e+000 2.234916330893909e+001 -2.700952100908893e+001 2.447652906506229e+002 -3.407406580793670e+000 4.705804241871231e+000 7.085786027267571e-001 -6.012243740082941e+001 5.331864644290405e+001 3.132269041911900e+002 -5.255034296022029e+000 -3.370121386531372e+000 -2.771206593590098e+000
6.150000000000057e+000 2.313557792414442e+001 -2.608007790041745e+001 2.435777202362515e+002 -3.322306409765544e+000 4.740519313213891e+000 7.303838596344621e-001 -7.001825798646873e+001 5.213585616286954e+001 2.919366769002581e+002 -4.812695697586957e+000 -3.092015607807390e+000 -2.404755291084156e+000
6.158333333333391e+000 2.427460857378697e+001 -2.590159423415928e+001 2.524100996704468e+002 -3.342910227896912e+000 4.828939698636822e+000 7.356733946766014e-001 -7.383751383720231e+001 5.866973293591266e+001 2.738247565014918e+002 -4.373352736463958e+000 -2.797900629438798e+000 -2.036999957598876e+000
6.166666666666725e+000 2.418591281414940e+001 -2.408462454840459e+001 2.574794898344109e+002 -3.246609358099140e+000 4.689797358032974e+000 6.567034000298220e-001 -7.430689238089138e+001 6.585238877253630e+001 2.458846630163897e+002 -3.889143962749805e+000 -2.505609430974100e+000 -1.773712233314851e+000
6.175000000000058e+000 2.678678736505222e+001 -2.437941092688752e+001 2.841645101450596e+002 -3.441253047229012e+000 4.820493300130013e+000 7.555074836075639e-001 -7.471264647378797e+001 6.263050145255932e+001 2.142658972433091e+002 -3.107672525984220e+000 -2.239226938138314e+000 -1.646060358557975e+000
6.183333333333392e+000 2.793531878485453e+001 -2.308262816213950e+001 2.989535045339325e+002 -3.458328571418720e+000 4.827378178964620e+000 8.103628677957317e-001 -7.505736483798685e+001 4.998805041929641e+001 1.875490737026123e+002 -2.033697159462070e+000 -1.989043434721579e+000 -1.623409207941607e+000
6.191666666666726e+000 2.804717556901736e+001 -2.041521434738573e+001 3.013849864841882e+002 -3.303914173686402e+000 4.751772187786043e+000 7.785717696374079e-001 -7.170641915083907e+001 3.853035458722174e+001 1.717707727249772e+002 -9.227321203621989e-001 -1.693807056306505e+000 -1.600616012548011e+000
6.200000000000060e+000 2.797921168745701e+001 -1.743487109042896e+001 2.976846997230352e+002 -3.090473911257273e+000 4.710394675350616e+000 7.141155560543839e-001 -5.861103192693840e+001 3.541901098295426e+001 1.628222109822130e+002 3.771452529245953e-002 -1.286514160389330e+000 -1.469627996854696e+000
6.208333333333393e+000 2.799642144275868e+001 -1.422622787458280e+001 2.896873834441086e+002 -2.834491954121317e+000 4.740247486775433e+000 6.196760529541225e-001 -3.854359410502661e+001 3.685536673490965e+001 1.533960807984128e+002 8.911362942019060e-001 -7.637304968004400e-001 -1.206862746520727e+000
6.216666666666727e+000 2.882070650402576e+001 -1.155000798451476e+001 2.841021538174200e+002 -2.631291910552885e+000 4.957513909385199e+000 5.591749034249391e-001 -2.375993448107365e+001 3.075975193045573e+001 1.206472673468262e+002 1.712583529655230e+000 -2.011370803981266e-001 -9.341927494079787e-001
6.225000000000061e+000 3.041033930548853e+001 -9.355729025571961e+000 2.801283368902079e+002 -2.470480084083839e+000 5.351272623642655e+000 5.170835282493893e-001 -1.510865487776281e+001 1.577833046306627e+001 6.491554952223993e+001 2.456541029874667e+000 3.797523958288934e-001 -7.155233537204747e-001
6.233333333333395e+000 3.218778533137633e+001 -7.429668815345806e+000 2.773278051504294e+002 -2.327010359933906e+000 5.766500460173442e+000 4.668308142199895e-001 -6.906940244687270e+000 -2.646188037817432e-001 1.409000109917039e+001 2.967593028945320e+000 9.772442138190003e-001 -5.597714202916244e-001
6.241666666666728e+000 3.366101072101868e+001 -5.531158476981148e+000 2.741191088664602e+002 -2.178385605732567e+000 6.099138600422048e+000 4.003857231335641e-001 5.015568125714442e+000 -6.891871200011772e+000 8.301472487573519e-001 3.182301178105706e+000 1.605325254516052e+000 -3.857987156751597e-001
6.250000000000062e+000 3.443241218488681e+001 -3.516234527097296e+000 2.681710823965215e+002 -1.999955112218931e+000 6.132063679007886e+000 3.409574196881027e-001 1.802436996801474e+001 -2.382385965511150e+000 3.955838184328433e-001 3.176422936688057e+000 2.219720843781419e+000 -2.197213932336062e-001
6.258333333333396e+000 3.478474067885802e+001 -1.214304797046559e+000 2.607022737212162e+002 -1.790430211150363e+000 6.049180004306874e+000 2.675917335713458e-001 2.995197384130323e+001 7.296573451153622e+000 7.239616085040928e+000 3.094873124417133e+000 2.753265018752416e+000 -1.247859863753822e-001
6.266666666666730e+000 3.416325754485145e+001 1.357957742608676e+000 2.506769676470629e+002 -1.541060751911301e+000 5.865773066084336e+000 1.754689694050940e-001 3.973993539514637e+001 1.742826064983328e+001 3.374611466929235e+001 2.917582050584545e+000 3.142656543175620e+000 -8.166916865432861e-002
6.275000000000063e+000 3.306790058662513e+001 4.070042015717512e+000 2.398042196881437e+002 -1.271721376970268e+000 5.592435316453271e+000 7.434934380236391e-002 4.622843093796013e+001 2.451095830428364e+001 6.448519608942758e+001 2.508388329698593e+000 3.306175875984220e+000 -8.628352237136287e-002
6.283333333333397e+000 3.104225994484446e+001 6.936212461472779e+000 2.313454924557990e+002 -1.009723633122648e+000 5.323998620101756e+000 -3.125308658223758e-002 4.941530304355688e+001 2.905986582728275e+001 9.152150660486169e+001 1.857880583365982e+000 3.270058964945337e+000 -1.570461260155026e-001
6.291666666666731e+000 2.936735454429611e+001 9.830557069673406e+000 2.271633513173322e+002 -7.754366543933765e-001 5.078898908496790e+000 -1.253266431443599e-001 5.085688251135421e+001 3.492827912110975e+001 1.078947481239655e+002 1.217910888307886e+000 3.292113026145414e+000 -2.559903912806084e-001
6.300000000000065e+000 2.782103778205349e+001 1.292437819891880e+001 2.261270718751348e+002 -5.530066754011538e-001 4.817260036898734e+000 -2.063019959838498e-001 4.960005779024761e+001 4.300162231544249e+001 1.078227431788021e+002 7.884481853096594e-001 3.472831553914574e+000 -2.967906850827408e-001
6.308333333333398e+000 2.597422251841386e+001 1.570891644567748e+001 2.232356039955708e+002 -3.393007747796928e-001 4.275985635542567e+000 -2.431290863830110e-001 4.716131149394528e+001 5.151806604698287e+001 9.660661892073800e+001 6.607083637716382e-001 3.705436071340777e+000 -2.348834909809925e-001
6.316666666666732e+000 2.444542909752440e+001 1.785616033576709e+001 2.205913249412784e+002 -1.695392381297546e-001 3.731730701442512e+000 -2.603072940544819e-001 4.802780247293285e+001 5.688221580571178e+001 8.032258155338580e+001 8.517109006072687e-001 3.948081437067061e+000 -3.086838391399462e-002
6.325000000000066e+000 2.267682629915768e+001 1.972152359133937e+001 2.195526208168463e+002 -3.049999687887074e-002 3.052881646840453e+000 -2.569984026198982e-001 5.428407707783145e+001 5.747020975801669e+001 6.336060394155935e+001 1.356209897686535e+000 4.209671615582469e+000 3.194509942996934e-001
6.333333333333400e+000 2.057479653594303e+001 2.145791839311887e+001 2.236685041160534e+002 6.949786936047597e-002 2.108579646198446e+000 -2.311875491656799e-001 6.638948666918779e+001 5.481459843341603e+001 5.600955805625996e+001 2.183724148263073e+000 4.509876543649495e+000 7.563037263565657e-001
6.341666666666733e+000 1.827946737484393e+001 2.343262359462067e+001 2.366600848772476e+002 1.311459297443209e-001 8.808081307542126e-001 -1.966913826217550e-001 8.325907347181672e+001 5.306663032397508e+001 6.389110198046317e+001 3.309041438080537e+000 4.902573644033684e+000 1.187197891501317e+000
6.350000000000067e+000 1.664218555103477e+001 2.555119530536739e+001 2.616426947808623e+002 1.242092857209037e-001 -4.787044518386266e-001 -1.681513255306133e-001 9.722931434197704e+001 5.123564051345180e+001 8.200922185694257e+001 4.423455199426660e+000 5.345506942457009e+000 1.519165293503839e+000
6.358333333333401e+000 1.711885404724680e+001 2.408996136193775e+001 3.035111145723735e+002 -2.303837687255224e-001 -1.973857285487599e+000 -1.123919110052258e-001 1.018200375753899e+002 4.504735501464168e+001 1.102778829407817e+002 5.186617988000265e+000 5.592725722726567e+000 1.715412516490741e+000
6.366666666666735e+000 1.775390723213516e+001 2.224875676061851e+001 3.578499763310374e+002 -6.870203920697050e-001 -3.713790168310416e+000 -7.490595579403281e-002 9.894578126921751e+001 3.650874220467429e+001 1.524061483830486e+002 5.543494583067815e+000 5.598165335119257e+000 1.807928632695950e+000
6.375000000000068e+000 1.956703888742921e+001 2.068854300760813e+001 4.246258037412498e+002 -1.195715616149983e+000 -5.456087003533434e+000 -4.927949586886826e-002 9.491131029049456e+001 3.332941635587691e+001 2.114042448294280e+002 5.546192786283368e+000 5.537402920137131e+000 1.860153411645929e+000
6.383333333333402e+000 2.477599454867418e+001 1.916027449506262e+001 5.006839992149940e+002 -1.761788745839738e+000 -6.660834750418514e+000 -1.480309735552865e-002 9.145242397614646e+001 3.752855718366332e+001 2.857475075233785e+002 5.218311644581786e+000 5.506153910789141e+000 1.881177485906463e+000
6.391666666666736e+000 3.449551235367045e+001 1.701357483796079e+001 5.712097513285357e+002 -2.349481487097775e+000 -6.708942198782164e+000 5.528540758561906e-002 9.126489767139576e+001 4.794354910192221e+001 3.763372725814751e+002 4.719066617735780e+000 5.513267558390990e+000 1.888676162035745e+000
6.400000000000070e+000 4.609291509904178e+001 1.573608467636836e+001 6.523143367789339e+002 -2.963122913306575e+000 -6.113193554099765e+000 1.768602038925202e-001 9.496719829881960e+001 6.507975031350723e+001 4.779322766696180e+002 4.117937638773864e+000 5.580860722420777e+000 1.898685210765077e+000
6.408333333333403e+000 5.682544975379053e+001 1.407152204729303e+001 6.915701366684239e+002 -3.341821382946698e+000 -4.681116683689409e+000 3.062410559285382e-001 9.858245336884572e+001 8.677745407517053e+001 5.756628720559420e+002 3.398141622400506e+000 5.717258169058840e+000 1.906205986397705e+000
6.416666666666737e+000 6.362340998983575e+001 1.155635140918528e+001 6.741538247780251e+002 -3.427280045924880e+000 -2.413017445703120e+000 3.901537892155735e-001 1.004149312047235e+002 1.097467457527274e+002 6.534618744445378e+002 2.705755237118454e+000 5.927775009367521e+000 1.949682532694069e+000
6.425000000000071e+000 6.565045047518240e+001 9.386925642956186e+000 6.076556245568567e+002 -3.178333978721904e+000 9.897625432216561e-002 3.968168505617152e-001 1.034619246204182e+002 1.324958141285633e+002 7.139979515753189e+002 2.198986110930886e+000 6.206382366499999e+000 2.041634938541654e+000
6.433333333333405e+000 6.386749666642491e+001 7.597584846499274e+000 5.195435903013303e+002 -2.760362608049942e+000 2.360311922984971e+000 3.369891890186530e-001 1.084554974583927e+002 1.492241201126881e+002 7.618151350968312e+002 1.981572120147753e+000 6.508862320474357e+000 2.106195427051718e+000
6.441666666666738e+000 5.918279376925117e+001 6.541946889844809e+000 4.373597080552508e+002 -2.321938983306298e+000 3.846624248525342e+000 2.513232354219147e-001 1.094471140137589e+002 1.531882009285903e+002 7.896392226911199e+002 1.961684606617044e+000 6.765217724379580e+000 2.063652594464899e+000
6.450000000000072e+000 5.242945584172897e+001 5.806168266632625e+000 3.584144871732614e+002 -1.880138582443318e+000 4.641319121096927e+000 1.711408135573700e-001 1.072736439353708e+002 1.465699215004658e+002 7.928901268004656e+002 2.019736705528889e+000 6.905601642294236e+000 1.940705928733874e+000
6.458333333333406e+000 4.419871156168110e+001 5.698068375918695e+000 2.941573606556663e+002 -1.485688477343802e+000 4.622959909336406e+000 1.028908541022862e-001 1.029145391624200e+002 1.352148337741577e+002 7.652008345919387e+002 1.923434439156885e+000 6.862974400878180e+000 1.778939569210494e+000
6.466666666666740e+000 3.549407662263249e+001 5.730468241315137e+000 2.488955727073327e+002 -1.196675484960862e+000 3.966593447238487e+000 3.830221642351850e-002 9.327989816509938e+001 1.195452298078029e+002 7.118391952629785e+002 1.557407017299752e+000 6.621847121257376e+000 1.531964863441543e+000
6.475000000000073e+000 2.776951633666611e+001 4.783919520712367e+000 2.168922109220425e+002 -1.060238323902069e+000 3.181903564140363e+000 1.365225225108180e-003 7.652748139410903e+001 9.866083635407406e+001 6.561419526661557e+002 9.040246403780288e-001 6.164636436808658e+000 1.107016415858717e+000
6.483333333333407e+000 2.138308740838673e+001 3.895518692202359e+000 1.867470697960540e+002 -9.288266621954856e-001 2.573217427833634e+000 -3.145454363494915e-002 6.044926870047321e+001 7.718511351808385e+001 6.215906100006295e+002 1.179391563155006e-001 5.494435067205815e+000 5.500418374957471e-001
6.491666666666741e+000 1.670488404699918e+001 2.872803808850271e+000 1.502960661776828e+002 -7.693528376979814e-001 2.387461572402587e+000 -3.821787088560535e-002 4.791113068709979e+001 6.178132780700533e+001 6.019426361503787e+002 -6.924480827098556e-001 4.660930632850459e+000 6.718770060230658e-003
6.500000000000075e+000 1.178827670321536e+001 3.503051926247327e+000 1.044697723031869e+002 -4.456280936501613e-001 2.408481159046406e+000 -3.581244198865097e-002 3.609158711816379e+001 5.656873650825337e+001 5.836863450883442e+002 -1.589557619807928e+000 3.696931201890826e+000 -4.256128036481840e-001
6.508333333333408e+000 1.445285646048831e+001 3.622239047358143e+000 1.311586038801439e+002 -6.111078123571917e-001 2.841680533465814e+000 -3.347227158353661e-002 2.441465928146588e+001 5.797990704699082e+001 5.673812654609874e+002 -2.528327584288828e+000 2.665054894188051e+000 -7.548973403960978e-001
6.516666666666742e+000 2.419683901642674e+001 1.417838044317485e+000 2.163358056216183e+002 -1.298455447985602e+000 3.298774868329811e+000 2.344746472773363e-002 1.077972614749795e+001 5.640616991767547e+001 5.594525035940285e+002 -3.362865342784560e+000 1.692844489646740e+000 -1.062930926814225e+000
6.525000000000076e+000 3.319852773206425e+001 -2.608509967338222e-001 2.935686840655471e+002 -1.900515575779125e+000 3.518626947792590e+000 9.632014146496926e-002 -8.923150988435779e+000 4.669322807069344e+001 5.623727798392350e+002 -4.009012006196764e+000 8.335675367838419e-001 -1.416114192368647e+000
6.533333333333410e+000 3.868261735831712e+001 -1.895782591485869e+000 3.325782181708930e+002 -2.258838178151660e+000 3.726366952989651e+000 1.630345588815059e-001 -3.394244248217164e+001 3.076394731088881e+001 5.721484864006800e+002 -4.417585485700101e+000 -1.488046183607052e-002 -1.768928205676414e+000
6.541666666666743e+000 4.000061663036893e+001 -3.707112453322253e+000 3.393501633519052e+002 -2.424867300834824e+000 3.808298547913170e+000 2.017857171554699e-001 -5.680688358682561e+001 1.311531367856155e+001 5.802208266469421e+002 -4.503863503413009e+000 -8.806961553627118e-001 -1.994040525105985e+000
6.550000000000077e+000 3.715318347176719e+001 -4.666291961833039e+000 3.049667623823566e+002 -2.273398409168354e+000 3.810029565364657e+000 2.051140727907254e-001 -7.285830675470248e+001 -4.632989543562148e+000 5.910974133851373e+002 -4.387844027114011e+000 -1.697454470617126e+000 -2.077163202547569e+000
