Constants (Name = Value): 
----------------------------------------------------------
Variables (Column# Name): 
col0  Main.Studies.InverseDynamicStudy.t
col1  Main.Studies.InverseDynamicStudy.JointsTracking.JCSFlexion
col2  Main.Studies.InverseDynamicStudy.JointsTracking.FemurReactionForce[0]
col3  Main.Studies.InverseDynamicStudy.JointsTracking.FemurReactionForce[1]
col4  Main.Studies.InverseDynamicStudy.JointsTracking.FemurReactionForce[2]
col5  Main.Studies.InverseDynamicStudy.JointsTracking.FemurReactionMoment[0]
col6  Main.Studies.InverseDynamicStudy.JointsTracking.FemurReactionMoment[1]
col7  Main.Studies.InverseDynamicStudy.JointsTracking.FemurReactionMoment[2]
col8  Main.Studies.InverseDynamicStudy.JointsTracking.PatellaQuadricepsForce[0]
col9  Main.Studies.InverseDynamicStudy.JointsTracking.PatellaQuadricepsForce[1]
col10  Main.Studies.InverseDynamicStudy.JointsTracking.PatellaQuadricepsForce[2]
col11  Main.Studies.InverseDynamicStudy.JointsTracking.PatellaQuadricepsMoment[0]
col12  Main.Studies.InverseDynamicStudy.JointsTracking.PatellaQuadricepsMoment[1]
col13  Main.Studies.InverseDynamicStudy.JointsTracking.PatellaQuadricepsMoment[2]
----------------------------------------------------------
3.045000000000000e+000 5.727437086656083e+000 -1.268474170006871e+002 -1.215829599722666e+003 -2.218926842970444e+002 -1.049645739919469e+001 -4.277139770121278e+000 -1.816081094876572e+000 -4.793645967679306e-009 1.723696630171836e-008 -8.131127433728419e-010 -8.645525359153620e-012 7.146996120787845e-012 9.792365351580333e-011
3.078239436619718e+000 6.001371170534490e+000 -1.298489659105842e+002 -1.238042033105130e+003 -2.261972990501978e+002 -1.010301481246942e+001 -4.054081869803032e+000 -1.724878313260468e+000 -4.878381008337985e-009 1.723657564669404e-008 -8.038374316171854e-010 -8.477409532812318e-012 7.123733597842335e-012 9.900762507138794e-011
3.111478873239436e+000 6.157440007838062e+000 -1.329791500606301e+002 -1.272008804282124e+003 -2.309335573595393e+002 -1.053270331081960e+001 -3.985533112705439e+000 -1.768205064293197e+000 -4.918371542199016e-009 1.721545645382490e-008 -7.969161933625692e-010 -8.376458333620149e-012 7.078734378396682e-012 9.954953056585295e-011
3.144718309859155e+000 6.223509304481816e+000 -1.397512645569064e+002 -1.301431416643598e+003 -2.361817579776295e+002 -1.085610484651670e+001 -3.952505439006621e+000 -1.803614158226936e+000 -4.936950382061776e-009 1.721022686671415e-008 -7.941888392924092e-010 -8.332919405157808e-012 7.063688496200809e-012 9.979522426492608e-011
3.177957746478873e+000 6.495612213654085e+000 -1.371827883452524e+002 -1.261614894701273e+003 -2.282384234496749e+002 -1.008761621726039e+001 -3.727655169444469e+000 -1.672969238166444e+000 -5.016904826915258e-009 1.719858147801005e-008 -7.836467989954937e-010 -8.154412192935919e-012 7.019975343357584e-012 1.008324827402350e-010
3.211197183098591e+000 7.064695251121464e+000 -1.100950656656722e+002 -1.103719291116706e+003 -1.909511779174800e+002 -9.076004306205116e+000 -3.219707122062180e+000 -1.490482225225887e+000 -5.193277438732527e-009 1.719840799830022e-008 -7.632872662686176e-010 -7.782371514471333e-012 6.972823018232343e-012 1.030696011923418e-010
3.244436619718309e+000 7.813396700986134e+000 -8.288164361120126e+001 -8.873894769848773e+002 -1.459420166057151e+002 -7.123903354032080e+000 -2.668582223635537e+000 -1.183849158118463e+000 -1.239668131899191e+000 4.447546142912296e+000 -3.452542318514849e-001 2.463565086889792e-002 9.372178174911268e-003 2.669041659283476e-002
3.277676056338027e+000 8.788802896042368e+000 -5.534116355539960e+001 -6.726519101291503e+002 -1.053341877898602e+002 -5.946500851042964e+000 -2.252815368782331e+000 -1.004581049321654e+000 -3.930585656453292e+000 1.321977844832164e+001 -9.699977895323235e-001 6.970774727863732e-002 2.787222313233344e-002 8.229805801296822e-002
3.310915492957745e+000 1.031981547555167e+001 -6.528153298479404e+001 -5.350995340699457e+002 -8.790391925879560e+001 -5.731255874228103e+000 -1.284848836907570e+000 -8.736336901398134e-001 -1.689350644272301e+001 5.194287095534341e+001 -3.400591530944304e+000 2.555314600430650e-001 1.086945629271209e-001 3.446188950026055e-001
3.344154929577464e+000 1.247259831019118e+001 -8.633265636128367e+001 -4.340030523289162e+002 -8.070935047587440e+001 -5.162596391697417e+000 -3.970331676472603e-001 -6.984013674087733e-001 -3.452268836660043e+001 9.472560585575496e+001 -5.416683720830523e+000 4.101533424644844e-001 1.937254264864509e-001 6.775544107147919e-001
3.377394366197182e+000 1.494499479810073e+001 -1.006267249516151e+002 -3.582943026707533e+002 -7.398316180199890e+001 -5.098383172222906e+000 3.817611004676873e-001 -6.015456865581926e-001 -4.949800442043664e+001 1.204003553138884e+002 -5.865225479081127e+000 4.663887325965845e-001 2.434273559525927e-001 9.306040830366408e-001
3.410633802816900e+000 1.753683138342878e+001 -1.320036707259655e+002 -3.950134020255018e+002 -8.608886645418460e+001 -5.926779309237890e+000 1.620325491677701e+000 -5.426568357072630e-001 -7.064568713748021e+001 1.533813376670697e+002 -6.203901188891257e+000 5.321502942825673e-001 3.053214432244398e-001 1.278564003313287e+000
3.443873239436618e+000 1.998586494777403e+001 -1.650690955159036e+002 -4.465479878495414e+002 -1.002906466651432e+002 -6.397975806995420e+000 2.840762535280687e+000 -4.330498647856976e-001 -9.145353514148324e+001 1.801265689585605e+002 -5.953428731465745e+000 5.645232401560849e-001 3.515603023134948e-001 1.606391230207068e+000
3.477112676056336e+000 2.243020086943062e+001 -2.023500488517723e+002 -5.103058217955884e+002 -1.220540477567201e+002 -6.998407816272234e+000 3.689421078694970e+000 -3.920418027443179e-001 -1.166794085402332e+002 2.101321534145229e+002 -5.456569284043087e+000 5.948987829530659e-001 3.995804406289518e-001 1.997642425554084e+000
3.510352112676054e+000 2.502955191309799e+001 -2.181247328116923e+002 -4.846859120230403e+002 -1.246656302271648e+002 -6.437708029206137e+000 3.992373281982504e+000 -2.807989649662511e-001 -1.311700207502193e+002 2.164129159247651e+002 -4.033644606630823e+000 5.488921666502432e-001 3.983855810900714e-001 2.194787284571829e+000
3.543591549295773e+000 2.806082973911360e+001 -2.395126954546934e+002 -4.718367013496717e+002 -1.312091107761518e+002 -6.199940521266856e+000 4.386519057380781e+000 -2.004250666117659e-001 -1.527208345461907e+002 2.293295799107077e+002 -2.281106506678944e+000 5.152234783981031e-001 4.086752400039039e-001 2.497176896717304e+000
3.576830985915491e+000 3.157353890616560e+001 -2.794232194299432e+002 -4.466028904125702e+002 -1.400813295817578e+002 -4.650653921388679e+000 5.301656612184972e+000 1.297771648623601e-001 -1.902507856642440e+002 2.583118637775797e+002 -2.830916251075344e-003 5.084413725931233e-001 4.422568391779600e-001 3.041930217244628e+000
3.610070422535209e+000 3.532675235198994e+001 -3.724144706696168e+002 -4.774918018663642e+002 -1.781463637463323e+002 -3.985491095586006e+000 7.027377564864999e+000 4.499811016706725e-001 -2.750295398066683e+002 3.378338444150033e+002 3.632865379077663e+000 5.876780870346652e-001 5.550122494968667e-001 4.311297199412832e+000
3.643309859154927e+000 3.906289416349021e+001 -5.317994349907077e+002 -5.650306072105655e+002 -2.441885670967537e+002 -2.365044983169924e+000 9.643980155578058e+000 1.026539771823773e+000 -4.196150330472579e+002 4.688931284571330e+002 1.013105287351045e+001 7.441283646513270e-001 7.462600299279545e-001 6.457898743491890e+000
3.676549295774645e+000 4.253872257447920e+001 -7.481413315474351e+002 -6.794461374931866e+002 -3.344823666616034e+002 -5.203718360865235e-001 1.265788044912736e+001 1.682631466150949e+000 -6.263499614405201e+002 6.430519764610285e+002 2.073445239811496e+001 9.774923533640006e-001 1.003093822320508e+000 9.493536450335894e+000
3.709788732394364e+000 4.570498780899490e+001 -9.111386600231551e+002 -7.409238726993607e+002 -4.007420952899269e+002 1.108150104403750e+000 1.416211256348258e+001 2.096680515486753e+000 -7.946926798927813e+002 7.563538076988455e+002 3.214423150302429e+001 1.151291907559358e+000 1.170870041583680e+000 1.188819001753293e+001
3.743028169014082e+000 4.879461973680599e+001 -1.037194130655991e+003 -7.596212460909591e+002 -4.443055150594470e+002 2.385610095515063e+000 1.496838530956043e+001 2.362221344642916e+000 -9.323802672957806e+002 8.254841373694563e+002 4.337284832029237e+001 1.303791700925218e+000 1.288615192969917e+000 1.377784859760133e+001
3.776267605633800e+000 5.168862562753684e+001 -1.156158565017325e+003 -7.668348373071244e+002 -4.880239149489055e+002 4.919057672142063e+000 1.359009828825618e+001 2.495697299965793e+000 -1.056074354114519e+003 8.761147119260399e+002 5.402619211203466e+001 1.402749128192355e+000 1.388795205564089e+000 1.543139965050666e+001
3.809507042253518e+000 5.445324914911215e+001 -1.304136281272081e+003 -7.848836636916590e+002 -5.498100209099173e+002 7.850505681801264e+000 1.200348478408903e+001 2.651037272201865e+000 -1.219954184863531e+003 9.571976553490691e+002 6.614852470080064e+001 1.424810683285853e+000 1.537601583607880e+000 1.765455788881040e+001
3.842746478873236e+000 5.732663618598443e+001 -1.487529402890940e+003 -8.040910354950499e+002 -6.141281897156501e+002 9.355626543166595e+000 1.334779987427223e+001 3.009975139519242e+000 -1.440225473183613e+003 1.066976312178549e+003 8.234292478920071e+001 1.428391395140100e+000 1.753290173877474e+000 2.064558845276937e+001
3.875985915492954e+000 5.998627521852194e+001 -1.666122596020723e+003 -8.087865593716012e+002 -6.827487785870255e+002 1.128749214922301e+001 1.319568139487893e+001 3.215956813839312e+000 -1.674644713019677e+003 1.174843211188953e+003 1.010922491128453e+002 1.441689630103493e+000 1.989076873495145e+000 2.381999533324256e+001
3.909225352112673e+000 6.232917878191436e+001 -1.842173560736763e+003 -8.094199563486289e+002 -7.588967160985767e+002 1.379609087798612e+001 1.189413874854020e+001 3.340804592701567e+000 -1.919624617717318e+003 1.287187085735857e+003 1.205600317321005e+002 1.532995190299526e+000 2.265063867387673e+000 2.714847663828342e+001
3.942464788732391e+000 6.468639637438133e+001 -1.982668795467004e+003 -7.790903310099026e+002 -7.990831644432337e+002 1.463324746006278e+001 1.298161053062424e+001 3.568699331106848e+000 -2.093158319920980e+003 1.351533599504082e+003 1.327158279011629e+002 1.582367081272963e+000 2.366292284978097e+000 2.946116938201179e+001
3.975704225352109e+000 6.679653922721138e+001 -2.044980859512108e+003 -7.214334355678515e+002 -8.115569085945754e+002 1.521971194544989e+001 1.265233589673227e+001 3.575165071627600e+000 -2.185087919925099e+003 1.364202450381998e+003 1.394774485997209e+002 1.564791028986224e+000 2.403368571373516e+000 3.064045636568260e+001
4.008943661971827e+000 6.864751675107073e+001 -2.054204764798227e+003 -6.560159128951689e+002 -8.123538754708312e+002 1.610620790159620e+001 1.084266600131888e+001 3.426940360486209e+000 -2.230068699918533e+003 1.351757312093506e+003 1.432591912437063e+002 1.464773269807319e+000 2.364899204205847e+000 3.118197889075075e+001
4.042183098591545e+000 7.053872485799890e+001 -2.029720431917114e+003 -5.812662253371514e+002 -8.006216603304524e+002 1.710837050927306e+001 8.393823650513856e+000 3.211273737005188e+000 -2.222857297397050e+003 1.321272256401856e+003 1.409837861785873e+002 1.339990362018142e+000 2.266948573225308e+000 3.104156138924340e+001
4.075422535211263e+000 7.268165669930717e+001 -2.034182685618843e+003 -5.033179373192363e+002 -7.872549123403014e+002 1.733507396643638e+001 8.101459467300357e+000 3.182152014154382e+000 -2.218811267812761e+003 1.300448325598455e+003 1.368091952649443e+002 1.213647688350294e+000 2.157009664801755e+000 3.097670995828711e+001
4.108661971830982e+000 7.475588061254521e+001 -2.078430349971134e+003 -4.403049038141587e+002 -7.882982869033651e+002 1.764728690023053e+001 9.569284959434034e+000 3.406271836313205e+000 -2.265486044399913e+003 1.311369922377891e+003 1.361698752227047e+002 1.096225252923947e+000 2.156577196709161e+000 3.164662006629503e+001
4.141901408450700e+000 7.672339573886957e+001 -2.083202807441143e+003 -3.705109677837132e+002 -7.914159990866502e+002 1.835973661796144e+001 8.835708355855857e+000 3.385155122055366e+000 -2.299680401055719e+003 1.315318637782971e+003 1.351549928316957e+002 9.416993485016486e-001 2.096628340933094e+000 3.217146711709886e+001
4.175140845070418e+000 7.886190424092327e+001 -2.104760429143062e+003 -2.940463749833886e+002 -7.769434571125808e+002 1.857331072919905e+001 1.221819560563733e+001 3.867400381020739e+000 -2.327654024498123e+003 1.313853060736214e+003 1.355698591729607e+002 8.249233056430578e-001 2.079517202571799e+000 3.260790609865784e+001
4.208380281690136e+000 8.056294107725293e+001 -2.112281163918932e+003 -2.332795270988422e+002 -7.767900574291333e+002 1.937542823809046e+001 1.346474994250204e+001 4.138962458710257e+000 -2.372473425577776e+003 1.323044999438489e+003 1.395048618283198e+002 8.259415664970424e-001 2.176124654915459e+000 3.328369974969854e+001
4.241619718309854e+000 8.193556676299187e+001 -2.077912656795869e+003 -1.778393666619453e+002 -7.471993918432700e+002 1.884733879887958e+001 1.665269723793971e+001 4.508810626793919e+000 -2.340479138285891e+003 1.293532947952918e+003 1.368985301793723e+002 7.511471376832334e-001 2.213487209517628e+000 3.286513934241631e+001
4.274859154929573e+000 8.280904380654297e+001 -2.007826270904255e+003 -1.385783171108718e+002 -7.146847698932559e+002 1.755823623505407e+001 1.845039103464428e+001 4.589035748010209e+000 -2.272979263518926e+003 1.248238499956543e+003 1.320329240682866e+002 7.297826266553602e-001 2.274906320376748e+000 3.192611391590828e+001
4.308098591549291e+000 8.323400389793292e+001 -1.924107756686900e+003 -1.165746951468876e+002 -6.783007802187169e+002 1.597012115275723e+001 1.978012644211537e+001 4.568998709944633e+000 -2.184663394041371e+003 1.195433122104489e+003 1.261542545685691e+002 7.394948971208613e-001 2.320482258132322e+000 3.067540704953178e+001
4.341338028169009e+000 8.339641716966013e+001 -1.843809233817597e+003 -1.042687375846650e+002 -6.437232719369523e+002 1.464243838425231e+001 2.054365141063733e+001 4.507313851150244e+000 -2.092355816220528e+003 1.143313159077099e+003 1.203190618976508e+002 7.216773266225209e-001 2.279026539957782e+000 2.936793589709827e+001
4.374577464788727e+000 8.338260707722651e+001 -1.824267588493957e+003 -1.017487406817219e+002 -6.269882232003508e+002 1.422311658436066e+001 2.207310143677030e+001 4.667998923276926e+000 -2.061003008705711e+003 1.125825068917739e+003 1.172049866350782e+002 7.443238320237664e-001 2.343447752312834e+000 2.890264138546809e+001
4.407816901408445e+000 8.307649789404414e+001 -1.828335959864397e+003 -1.102335309398266e+002 -6.308768330997447e+002 1.412047023595658e+001 2.214168445567298e+001 4.664244701982097e+000 -2.061744583633956e+003 1.128377291371405e+003 1.155645133322496e+002 7.844607270445069e-001 2.429899554658040e+000 2.888185652537259e+001
4.441056338028163e+000 8.265409443726590e+001 -1.880222582432083e+003 -1.243644188346682e+002 -6.478406824590830e+002 1.425342379108636e+001 2.326855845357770e+001 4.831809029548052e+000 -2.112434070091186e+003 1.159562883997487e+003 1.175357883014475e+002 8.112393934480255e-001 2.490934184794679e+000 2.957822057282037e+001
4.474295774647882e+000 8.212174380916900e+001 -1.928453591630500e+003 -1.416897031210760e+002 -6.656806036302687e+002 1.491090724379902e+001 2.346350196965421e+001 4.943562085657286e+000 -2.162419255186318e+003 1.191133239778754e+003 1.196292530236753e+002 8.731237685544714e-001 2.588000593894190e+000 3.025650678944826e+001
4.507535211267600e+000 8.139844926894126e+001 -1.911003821481012e+003 -1.642267856697572e+002 -6.715400134934314e+002 1.564017261249375e+001 2.172032131528916e+001 4.810440042372421e+000 -2.153210908007261e+003 1.191550160544497e+003 1.189198318130632e+002 9.294707956893442e-001 2.607041892499767e+000 3.011672777447522e+001
4.540774647887318e+000 8.076029805222295e+001 -1.858074908098893e+003 -1.748113262827202e+002 -6.384915771589944e+002 1.569646287773850e+001 2.302593752154066e+001 5.017974873530214e+000 -2.070821598894337e+003 1.150677604058260e+003 1.139545971128181e+002 9.317901052861037e-001 2.523634170274967e+000 2.893717296478109e+001
4.574014084507036e+000 7.945271984567582e+001 -1.763432883164139e+003 -2.029739280791694e+002 -6.177659475216437e+002 1.577528515472422e+001 2.085797317356376e+001 4.754549279075740e+000 -1.976056685716091e+003 1.106309081122561e+003 1.042848112587699e+002 1.074049911077694e+000 2.758215676715042e+000 2.757396759647005e+001
4.607253521126754e+000 7.761357569731663e+001 -1.645011332774705e+003 -2.396084876067173e+002 -5.955142572029467e+002 1.534069099149387e+001 1.822963532648197e+001 4.362261596597684e+000 -1.861728049695910e+003 1.055028803776221e+003 9.842006254804362e+001 1.081587941401134e+000 2.603792204513566e+000 2.598260212404088e+001
4.640492957746472e+000 7.593916198318439e+001 -1.544162194048401e+003 -2.663724414780238e+002 -5.653545906385202e+002 1.440023639026457e+001 1.736761529900565e+001 4.140734391976420e+000 -1.756555560205855e+003 1.005838916032164e+003 9.532490692512418e+001 1.098528978522498e+000 2.437006894672934e+000 2.451066245962629e+001
4.673732394366191e+000 7.449879372309603e+001 -1.473602096162023e+003 -2.844822593680709e+002 -5.321936319362906e+002 1.263965503428951e+001 1.907992574325445e+001 4.156635455637006e+000 -1.666462421222149e+003 9.629372343311945e+002 9.261215600404533e+001 1.112083879469498e+000 2.305753339605639e+000 2.324971793480402e+001
4.706971830985909e+000 7.275838338025899e+001 -1.424351215884237e+003 -3.138332409596071e+002 -5.264661978307101e+002 1.158833710522599e+001 1.835897160406191e+001 3.927002356960139e+000 -1.628739424382630e+003 9.504012922295115e+002 9.181108306489873e+001 1.242917061449845e+000 2.416370238136430e+000 2.273053085672002e+001
4.740211267605627e+000 7.075822896792857e+001 -1.377114116877927e+003 -3.497153854609996e+002 -5.155154233780937e+002 1.069592580865350e+001 1.804185938311819e+001 3.777586164883519e+000 -1.576437609612367e+003 9.318327012179275e+002 9.142123548989069e+001 1.297650491911473e+000 2.417973627415485e+000 2.201360711563560e+001
4.773450704225345e+000 6.872416769410836e+001 -1.336119667188287e+003 -3.878297973528119e+002 -5.107723752587837e+002 1.003218815946302e+001 1.781711726760307e+001 3.672243867457766e+000 -1.529345527776460e+003 9.225169366039301e+002 9.070441226851197e+001 1.337425028196308e+000 2.376507003993903e+000 2.139347538608337e+001
4.806690140845063e+000 6.689448909644321e+001 -1.344335511124540e+003 -4.304200169125573e+002 -5.181680683084610e+002 9.950070936655315e+000 1.753020985286051e+001 3.628488529608582e+000 -1.514462814532668e+003 9.410697071324778e+002 8.981856573875470e+001 1.410020492800927e+000 2.367981834281201e+000 2.124808979769466e+001
4.839929577464782e+000 6.476128069710585e+001 -1.377157422608912e+003 -4.905888084764886e+002 -5.276545060485606e+002 1.064908548542523e+001 1.607597600354813e+001 3.528118839482345e+000 -1.494538924729543e+003 9.600298674778369e+002 8.628387862780514e+001 1.574682148315076e+000 2.598762522076069e+000 2.105816626389412e+001
4.873169014084500e+000 6.158210427916195e+001 -1.391148228068735e+003 -5.876103183079014e+002 -5.617169401073574e+002 1.116165668575798e+001 1.553437843824029e+001 3.543703095173454e+000 -1.498350849506025e+003 1.012652908387810e+003 8.469536768852088e+001 1.754760063399799e+000 2.817014111354729e+000 2.127018132987432e+001
4.906408450704218e+000 5.839124902235577e+001 -1.359423567589980e+003 -6.573212658970751e+002 -5.509077085808136e+002 1.043167771919230e+001 1.487411069466470e+001 3.372968498523256e+000 -1.386124538726169e+003 1.002135074986476e+003 7.323689463113497e+001 1.864421515095441e+000 2.607483730869133e+000 1.986004220961358e+001
4.939647887323936e+000 5.490164794941108e+001 -1.264057296194358e+003 -7.034450617560926e+002 -5.211904423005543e+002 8.910966435482163e+000 1.409561595034682e+001 3.084982689243994e+000 -1.230829464222318e+003 9.560471695755716e+002 6.025231388268975e+001 1.990090088964431e+000 2.406363922738012e+000 1.784500662327593e+001
4.972887323943654e+000 5.097902420590383e+001 -1.129910013923282e+003 -7.276511002373596e+002 -4.756520169012744e+002 6.401824436869481e+000 1.332580182110073e+001 2.663947376692873e+000 -1.048898843631122e+003 8.837035542536066e+002 4.670297368851121e+001 2.014389535781316e+000 2.149659269194241e+000 1.542032771831992e+001
5.006126760563372e+000 4.665974130265703e+001 -9.742085622668508e+002 -7.298127133794249e+002 -4.206586030327358e+002 3.818161853715683e+000 1.212812665895155e+001 2.172347957393770e+000 -8.530900552329896e+002 7.950516651988583e+002 3.051468525518275e+001 1.807019558948284e+000 1.908104144938178e+000 1.274339253849340e+001
5.039366197183091e+000 4.204906079813236e+001 -8.101860439449845e+002 -7.091556845570034e+002 -3.593441579685388e+002 1.674187465670407e+000 1.002463681672741e+001 1.611668002145552e+000 -6.585225230473322e+002 6.860822804944029e+002 1.605771466315566e+001 1.586081060638788e+000 1.627882286066232e+000 1.002469604377365e+001
5.072605633802809e+000 3.731606686806266e+001 -6.762873118869039e+002 -6.947926310064732e+002 -3.117938926827407e+002 7.259965924425633e-001 7.641308009293846e+000 1.173456152577483e+000 -5.077243192118939e+002 5.951792437369151e+002 5.675479751902985e+000 1.460457646548245e+000 1.398638994213411e+000 7.900774325943520e+000
5.105845070422527e+000 3.265281972658770e+001 -5.859835155172727e+002 -7.373394995519773e+002 -2.856668079521884e+002 1.299337499259293e+000 6.046369719714923e+000 1.062478203145728e+000 -4.067973503708280e+002 5.394391202544063e+002 -1.771429409441677e+000 1.436938284540845e+000 1.247755564884875e+000 6.494711356110564e+000
5.139084507042245e+000 2.827698264410082e+001 -5.063998290184370e+002 -7.686473869387958e+002 -2.642030896902201e+002 2.300946170209233e+000 4.424392521146749e+000 1.002412060888245e+000 -3.220461417901992e+002 4.838981211960119e+002 -7.290671725484623e+000 1.427415865947434e+000 1.111547032819320e+000 5.292281583638726e+000
5.172323943661963e+000 2.419559827842335e+001 -4.363231355706859e+002 -7.991151410864311e+002 -2.444695540825190e+002 2.730549006843961e+000 3.427677976027577e+000 9.474521497499000e-001 -2.532678569763307e+002 4.326078811757283e+002 -1.129852779184303e+001 1.427756614214917e+000 9.894611351104417e-001 4.300079488276051e+000
5.205563380281681e+000 2.043032689487560e+001 -3.715781169509470e+002 -8.208724583076344e+002 -2.231719036214669e+002 2.176434424103841e+000 2.526302261093329e+000 7.643382922983510e-001 -1.938713789431805e+002 3.784055210339789e+002 -1.379929010685613e+001 1.399172205554658e+000 8.681367127469711e-001 3.418782812908871e+000
5.238802816901400e+000 1.696263436412286e+001 -2.920854607224673e+002 -8.107199994259770e+002 -1.911933196253794e+002 2.059609133245541e+000 1.133567632314991e+000 5.695574995754389e-001 -1.317720833790024e+002 2.953867223759463e+002 -1.378629898750956e+001 1.223725361023347e+000 6.773111496104542e-001 2.426454832958568e+000
5.272042253521118e+000 1.385539422932241e+001 -2.129888133078986e+002 -7.945630879424380e+002 -1.615911886605912e+002 3.277349106406151e+000 -6.646786282333125e-001 5.035564360697545e-001 -7.850002536927737e+001 2.025231561117776e+002 -1.143427167359622e+001 9.341377847964175e-001 4.607928495232041e-001 1.516685163321401e+000
5.305281690140836e+000 1.117171328605171e+001 -1.484664874504886e+002 -7.972208186110213e+002 -1.522276780095073e+002 9.158225740261764e-001 -2.402424684812409e+000 -5.568431686058109e-002 -4.197835680973314e+001 1.244043515877204e+002 -8.145403654594329e+000 6.313564810438244e-001 2.787108698202860e-001 8.546475528800741e-001
5.338521126760554e+000 9.016784605903128e+000 -9.007550140304588e+001 -8.377921887495553e+002 -1.446963028057429e+002 -1.169825620967172e+000 -3.738656394858467e+000 -5.121344257140249e-001 -1.296315125874708e+001 4.331649267125726e+001 -3.215350522997185e+000 2.452921854852234e-001 9.737621472252370e-002 2.741186439007387e-001
5.371760563380272e+000 7.525996194119246e+000 -8.991034566959161e+001 -9.616955261525675e+002 -1.635186440297031e+002 -4.008879030714663e+000 -4.412101353350125e+000 -9.757807783684196e-001 -1.855927278694158e-001 6.812938113173211e-001 -5.540979694234614e-002 4.045070471435421e-003 1.504427051515815e-003 4.045956053022865e-003
5.404999999999991e+000 6.754487320498981e+000 -1.070906898534696e+002 -1.062281003750182e+003 -1.886556897434611e+002 -5.991828225424447e+000 -4.372573916601344e+000 -1.228859255251906e+000 -5.089324559456800e-009 1.717767497222614e-008 -7.656632644073768e-010 -7.861901830957281e-012 6.929214342987429e-012 1.017862710378474e-010
